# Lens_likelihood 	 seed
-9.040741034554685029e+01 6.119166590000000000e+08
-6.631466911658208119e+00 3.177658509000000000e+09
-9.697189955636531522e+01 3.472239482000000000e+09
-3.753114369106433514e+02 3.932009286000000000e+09
-1.601488186493152170e+02 1.195320137000000000e+09
1.005170507819127124e+03 1.625282610000000000e+08
-1.393896559671856267e+03 1.598372091000000000e+09
-4.920763649926684593e+02 1.128416374000000000e+09
-8.517298167899452892e+02 5.184580000000000000e+05
-2.709791418316663112e+02 6.188878170000000000e+08
-4.454451253448851276e+02 3.891516862000000000e+09
-2.514057088081763141e+02 2.873636186000000000e+09
2.470049278256974503e+02 1.608192559000000000e+09
-4.199547049079428689e+02 4.229776224000000000e+09
-1.120688790637367674e+03 4.059920097000000000e+09
5.998596831589647991e+02 3.725328700000000000e+09
7.891047720147344080e+01 8.705957450000000000e+08
-8.311998071747921131e+02 1.252642671000000000e+09
-3.554955284885681976e+02 6.087215090000000000e+08
-2.765106249323998782e+02 1.033058391000000000e+09
-2.932026374051538369e+02 3.123895071000000000e+09
-1.113288419468758548e+03 1.023695819000000000e+09
-2.815659516189143687e+02 2.165590059000000000e+09
-6.645723501899010444e+01 1.979645397000000000e+09
-8.467101410073792067e+01 9.353978790000000000e+08
6.571676186606500778e+02 7.099410680000000000e+08
-4.772839860587164367e+02 2.880271215000000000e+09
-6.534158354351429807e+02 6.385614710000000000e+08
-2.291555912361791343e+02 3.787203604000000000e+09
-3.611159580140720209e+02 1.195922751000000000e+09
1.849021988560616592e+01 2.820274733000000000e+09
-3.025453285117964697e+01 2.893545414000000000e+09
-1.664114802586782389e+02 7.350228570000000000e+08
-4.118251167819898910e+02 3.384303403000000000e+09
1.536023637127282200e+02 2.640177200000000000e+07
-4.534264370836326634e+02 2.739514709000000000e+09
-3.653005873600886844e+01 2.008176724000000000e+09
4.976737300276208771e+02 3.043844241000000000e+09
-1.039878151696120767e+01 4.154850741000000000e+09
-4.836890873704569458e+02 6.362105080000000000e+08
-2.633988916817543213e+02 4.191762215000000000e+09
-3.305081892665812120e+02 3.368026401000000000e+09
-5.413066977942071389e+01 3.666196940000000000e+09
8.644640238997817505e+01 3.511775625000000000e+09
-2.944599397551010043e+02 2.646718240000000000e+08
-5.309800578508948092e+02 1.822995084000000000e+09
-7.664013539876459618e+02 2.160691914000000000e+09
4.529437062218321444e+02 1.909811129000000000e+09
-6.740587836828372019e+02 3.272541477000000000e+09
-2.530224558204336063e+02 3.723959297000000000e+09
-1.146207433230174502e+02 2.797080429000000000e+09
-3.594057223417003115e+02 4.235603631000000000e+09
-1.050929115811289194e+03 2.371483112000000000e+09
2.199844496460254959e+02 7.822402970000000000e+08
-6.692125741382396882e+02 2.262806603000000000e+09
-2.829095563186647269e+02 3.126087687000000000e+09
-6.892125795966694568e+01 3.822188463000000000e+09
-2.499889987985479820e+02 2.383683933000000000e+09
-6.083288995275052002e+01 1.043423132000000000e+09
-4.649300818836563849e+02 2.254709273000000000e+09
-2.308706054966887677e+02 2.331701786000000000e+09
-3.304731872787624525e+02 3.230481121000000000e+09
-6.682282843571310877e+02 2.458743313000000000e+09
-1.126895402549634127e+03 1.592018740000000000e+09
-3.436150845041402135e+02 3.965942198000000000e+09
8.106726756338412088e+01 8.185430930000000000e+08
-3.170582899566579727e+02 3.432852510000000000e+09
-3.546968408802867998e+02 6.496322210000000000e+08
3.390889546819880707e+02 2.017540248000000000e+09
-8.693981480483007545e+02 1.888141110000000000e+09
7.079211892773473664e+02 3.225912482000000000e+09
-1.840737326551798105e+02 8.901009020000000000e+08
8.729656976063261027e+02 3.164913038000000000e+09
-1.973834999142372908e+02 2.694455492000000000e+09
9.455294196724753419e+01 7.333470670000000000e+08
5.877923783206970256e+02 2.522406368000000000e+09
-2.412158280518806350e+02 2.539385934000000000e+09
-5.642183173586008706e+02 2.557194112000000000e+09
5.075159771919988998e+02 3.540797084000000000e+09
-8.450925498140250056e+02 1.480432491000000000e+09
-3.614611201850575526e+02 1.495384850000000000e+08
6.817819972412653442e+02 3.308415332000000000e+09
-1.013146055146967228e+03 3.472105645000000000e+09
-9.637736309423171406e+02 1.092850096000000000e+09
-3.102678005522675448e+02 2.038891821000000000e+09
5.808484241566020501e+01 3.306501550000000000e+08
7.290640109821979422e+02 2.719102587000000000e+09
6.726706834702554261e+02 1.108862834000000000e+09
-1.753387116430658352e+02 1.500278827000000000e+09
-1.569066938818095878e+02 3.915980620000000000e+08
-1.102309739399605860e+03 3.033281021000000000e+09
-3.303809557545855569e+02 3.423595765000000000e+09
-6.777215144662568491e+01 2.512693798000000000e+09
-1.568633909121299439e+02 4.249684050000000000e+09
-1.122258190375438971e+03 7.814525950000000000e+08
1.816030153624433296e+01 3.736329060000000000e+09
-6.564662573031773718e+02 7.484059640000000000e+08
-1.182690481235832522e+03 1.984752950000000000e+09
-1.168159188578240901e+03 5.147217190000000000e+08
-1.046582870071778416e+03 3.227855600000000000e+07
-1.215900515720950352e+02 3.052354000000000000e+08
-4.876525377748139363e+02 1.752217124000000000e+09
-7.389903765345025022e+01 8.444157780000000000e+08
4.890771855563370991e+02 4.063800105000000000e+09
1.126471279919587687e+01 2.430108569000000000e+09
-1.944872557004064220e+02 6.719038460000000000e+08
-1.959414840014205765e+02 5.116100720000000000e+08
-3.487755398737290307e+02 3.133257323000000000e+09
-2.121028738110226186e+02 1.260509837000000000e+09
-1.858148949600854394e+01 5.430153050000000000e+08
-1.638210825971791564e+02 3.161300000000000000e+07
5.085112489482044111e+02 6.951894550000000000e+08
-5.053465205847278412e+02 1.227921628000000000e+09
-1.256313480242542937e+02 1.511019976000000000e+09
1.973699943081282981e+01 1.301468162000000000e+09
3.097638227803508926e+01 2.102393745000000000e+09
-7.310424997065410935e+02 3.206689990000000000e+08
-3.962604437105283068e+02 4.110112933000000000e+09
-3.301903213112536832e+02 6.099336770000000000e+08
-1.986667040058182465e+01 6.719748300000000000e+08
-4.452590903549180439e+02 8.856985280000000000e+08
-8.777773868582762589e+02 2.043054771000000000e+09
6.096289534462512165e+02 3.403185163000000000e+09
2.074443502211524901e+02 9.197967670000000000e+08
-7.896006015964348990e+02 1.979040207000000000e+09
-9.621158031356490028e+02 9.937103360000000000e+08
-3.809875317823079968e+02 4.262844697000000000e+09
-6.805858900464054386e+02 8.670938100000000000e+08
-3.974469339444804064e+02 1.050176783000000000e+09
-2.453693405466428885e+02 1.355552497000000000e+09
-2.662185634751476755e+02 6.850430000000000000e+07
-7.801935549009676834e+02 7.970694350000000000e+08
-3.026436442305875971e+02 2.391945230000000000e+09
8.369675031682982080e+01 3.299885016000000000e+09
-9.992702785991978089e+02 3.554298442000000000e+09
-1.180170770074538268e+03 3.601365060000000000e+08
-2.453793354789513614e+02 3.875448473000000000e+09
-3.724219896591903307e+02 1.221869962000000000e+09
-8.210130360514203858e+02 1.779740364000000000e+09
-1.965316823252860559e+02 2.615961192000000000e+09
-1.846022326320244247e+02 3.611436009000000000e+09
-8.338188977328582041e+02 1.533227238000000000e+09
-1.271291890881184372e+01 1.996095320000000000e+08
-3.628242763594762437e+02 1.399722758000000000e+09
-2.520738260917705702e+02 1.011427160000000000e+09
-1.326379550931323138e+03 2.582514398000000000e+09
-1.860014957626435717e+02 4.263847969000000000e+09
-3.705486535910713428e+02 1.479990934000000000e+09
9.191140437339436176e+01 7.585544990000000000e+08
4.961659629656141988e+02 2.364058090000000000e+08
-2.306748796428009882e+02 2.299587119000000000e+09
-1.989416415286377742e+02 2.651081180000000000e+08
-9.719398674196499996e+02 3.756746274000000000e+09
-5.021437639787136504e+02 3.906085905000000000e+09
-9.704037720996848293e+02 7.639403670000000000e+08
-3.605473613970516453e+02 1.826980438000000000e+09
-2.703539581337417985e+02 9.965915030000000000e+08
-4.086309278411854393e+02 3.556792894000000000e+09
-6.165179851780403624e+02 3.414047709000000000e+09
-3.536043507636486538e+02 3.179568760000000000e+09
-9.757971665226787081e+02 1.890620286000000000e+09
1.672151026353167254e+02 6.893411490000000000e+08
-2.944348996591734249e+02 1.256103600000000000e+07
-4.375640398585237563e+02 1.121947153000000000e+09
-4.065907175351212572e+02 4.041737360000000000e+08
-2.711776718407609224e+02 4.180996850000000000e+08
-2.448509601457935787e+02 9.345864380000000000e+08
-6.903480908989467935e+02 2.548565706000000000e+09
-5.123655801128206804e+02 3.087454904000000000e+09
-4.862511292324425085e+02 2.584540455000000000e+09
-2.538940967390271908e+02 3.409852380000000000e+09
-1.171770492756695603e+01 3.867596428000000000e+09
-1.054679018773153985e+03 3.848009573000000000e+09
-3.634734434289730416e+02 7.387899100000000000e+07
-1.300988019361275292e+02 1.157832014000000000e+09
-9.511447107935609893e+02 1.942171260000000000e+08
-9.536034641872893189e+02 2.817212786000000000e+09
-3.116855800302573698e+02 1.005605079000000000e+09
4.315809519364393054e+02 4.128160471000000000e+09
3.846231753480697080e+01 9.373052910000000000e+08
-4.144886273406063992e+01 2.738653750000000000e+09
8.112621948207561218e+00 3.669238550000000000e+08
2.694462727465061107e+02 2.728019672000000000e+09
-3.282675142075040640e+02 2.512064883000000000e+09
5.944307009598560398e+01 7.297184580000000000e+08
-3.647604478889979873e+02 1.358052520000000000e+09
-5.425377439803787638e+02 3.652321852000000000e+09
-2.436169655520097876e+01 3.182635732000000000e+09
-1.345878323295964947e+02 3.490257330000000000e+09
-8.402059993911825586e+01 4.196420060000000000e+09
-1.689165355037757763e+02 2.232053222000000000e+09
-3.924406080619464774e+02 1.877906056000000000e+09
-8.581889353405067595e+02 3.320221180000000000e+08
-3.379475600093928733e+02 1.863480684000000000e+09
-8.934968998632393777e+01 2.816803339000000000e+09
1.017208744633062452e+02 9.348906080000000000e+08
-1.133692970534589222e+03 2.684763227000000000e+09
-2.767023144170789237e+02 1.813474677000000000e+09
2.421153211365035531e+02 4.013022762000000000e+09
4.252401344684967626e+02 2.130636653000000000e+09
-2.180974807103475541e+02 2.435009617000000000e+09
-6.173246382706292934e+01 2.146139311000000000e+09
7.750562320711378561e+01 3.147043674000000000e+09
-8.498869303453375323e+01 5.226271780000000000e+08
-3.369061896004759546e+02 3.110568110000000000e+08
-6.729964444012503009e+02 4.904356930000000000e+08
-1.893049719014425136e+02 5.494066900000000000e+07
-6.808078561061456639e+02 3.351593882000000000e+09
-3.931361464540941597e+02 2.522609237000000000e+09
-5.105049558352429813e+02 2.966763000000000000e+09
5.854676490581832695e+02 7.430499480000000000e+08
4.579880565558960370e+01 2.930488840000000000e+08
-2.872808072366206034e+02 2.841691079000000000e+09
-6.315204345581241796e+01 1.389757019000000000e+09
-4.885673083862757267e+02 8.344003780000000000e+08
-2.074511384848692614e+02 3.086039205000000000e+09
8.115706846273678821e+01 1.266988901000000000e+09
-2.807823173580309231e+02 1.039168884000000000e+09
-3.956717643681622576e+01 3.956210080000000000e+08
-7.091362024082636708e+02 3.057620142000000000e+09
-4.704398728813339403e+01 1.763822231000000000e+09
-9.533139287051317297e+02 8.696199140000000000e+08
-4.233145442384684429e+02 4.292769305000000000e+09
-6.966561585410299813e+02 2.883847038000000000e+09
-3.848846219497199854e+02 2.275238265000000000e+09
-3.549804327668180122e+02 2.840620368000000000e+09
-2.090017028738930094e+01 3.788758231000000000e+09
-4.775117884960463925e+02 3.208208827000000000e+09
1.866063341231338200e+02 7.166630480000000000e+08
4.878251635847855141e+02 4.147192227000000000e+09
8.246422167704349704e+01 2.776190160000000000e+08
-7.981720238582965976e+01 1.369103784000000000e+09
-4.716599605366172909e+02 3.382844814000000000e+09
-7.647380919767010710e+02 3.362678043000000000e+09
-2.322958810724603609e+02 3.775281575000000000e+09
8.645487337805116113e+01 3.779723714000000000e+09
-1.299585033035518791e+02 3.077650963000000000e+09
-1.363497493824424964e+02 3.714018013000000000e+09
-3.223406131644433117e+02 9.234264670000000000e+08
-6.408172681526402812e+02 2.476269676000000000e+09
5.826224388549944706e+02 1.955983223000000000e+09
8.702081628877931507e+01 1.110111018000000000e+09
1.238614273683015199e+02 1.985668633000000000e+09
-3.916307550892634026e+02 2.485446792000000000e+09
-1.790380121651605805e+02 2.715752908000000000e+09
-1.243306174492038735e+03 4.259829676000000000e+09
-9.129107708792153062e+02 2.395041659000000000e+09
-1.198880842724674949e+02 3.829542814000000000e+09
-3.333914176743182907e+02 3.575655800000000000e+07
-5.660284238077747432e+01 2.064786215000000000e+09
2.435650045040947589e+02 2.486533889000000000e+09
-2.880138604543662950e+01 1.374024317000000000e+09
-9.930766844049503561e+01 4.258398185000000000e+09
-1.630463881620989923e+02 3.705198279000000000e+09
-1.060352755872600028e+02 3.311450890000000000e+09
-1.138581785701962872e+02 3.829567860000000000e+08
6.249187391513896728e+01 3.836314638000000000e+09
2.606777125215285196e+01 1.242953089000000000e+09
6.068253535087587807e+02 3.075658512000000000e+09
9.775164316052905633e+01 2.097608135000000000e+09
-8.069638734037971517e+02 2.507858644000000000e+09
-1.777624936216870992e+02 3.144075310000000000e+09
1.198968895347933540e+03 5.363446470000000000e+08
-4.558401261415838235e+01 3.299162918000000000e+09
2.520840550659622750e+02 1.624098833000000000e+09
-1.467452219758524734e+02 4.214190463000000000e+09
-3.761055576897188075e+02 3.917773910000000000e+09
-6.249423437285395266e+02 2.620328291000000000e+09
-1.318350942094793936e+02 3.969354441000000000e+09
-3.476651893558582742e+02 4.104566886000000000e+09
-1.303665727959060860e+03 3.457140589000000000e+09
-7.556496019355809040e+02 3.183724850000000000e+09
-9.458628294071786513e+01 2.375406419000000000e+09
-3.697109442694663812e+02 3.684213479000000000e+09
8.978371036575026665e+01 5.698147790000000000e+08
-3.284210562272164680e+00 1.621305655000000000e+09
4.624807870296262990e+01 2.882530421000000000e+09
-7.734519751459711188e+02 2.623967055000000000e+09
8.501546316145595483e+01 3.033941923000000000e+09
4.433777592106798693e+01 2.929572127000000000e+09
-1.344026252988323904e+02 1.975713718000000000e+09
-1.028475339568157324e+03 2.905800637000000000e+09
-8.193591662563658247e+02 3.890590001000000000e+09
-1.731151700504269684e+02 3.501687000000000000e+06
-2.403150326998093078e+02 1.334807112000000000e+09
-3.822690331167787008e+02 6.437043950000000000e+08
1.139734531575049914e+01 3.517960225000000000e+09
-7.887946597348009163e+02 3.894352310000000000e+08
-3.053791867046993502e+02 1.016128768000000000e+09
-8.128672914169446813e+02 9.797045600000000000e+08
5.713884748269265401e+00 1.639446485000000000e+09
-2.223588397421417540e+02 2.695957167000000000e+09
-1.407549976616510321e+02 3.204625931000000000e+09
-6.802966787595414644e+01 4.114511155000000000e+09
-4.467238567774529656e+01 1.786663498000000000e+09
-2.106238720353421741e+02 3.525418887000000000e+09
-5.004683254788606064e+02 1.198386063000000000e+09
-1.161363761553948279e+02 3.852316707000000000e+09
-8.301051292464080689e+02 3.940878681000000000e+09
-8.527223396962936022e+02 3.095338822000000000e+09
-9.504818417111628150e+02 1.742655110000000000e+08
1.930461025087925009e+02 1.308649007000000000e+09
-4.106082283010073297e+02 4.079703955000000000e+09
4.473862632478267187e+02 3.743394600000000000e+09
-8.404469249426247188e+02 5.159065580000000000e+08
-3.367928390243096146e+02 1.431724599000000000e+09
1.397078881854604333e+02 3.784679300000000000e+08
-3.409035753628850216e+02 3.826107644000000000e+09
-4.881599921459292091e+02 1.800354064000000000e+09
-4.585465010712896401e+02 3.386415906000000000e+09
-7.872064146753746172e+01 2.581928019000000000e+09
-1.041478326760231539e+03 3.903403621000000000e+09
3.844089694247331863e+02 1.483852659000000000e+09
-4.602296958276028818e+02 1.212752538000000000e+09
-8.798095715024128367e+02 3.598437603000000000e+09
7.388170080356694598e+02 2.907200742000000000e+09
-3.888902871423169927e+02 1.903285826000000000e+09
-2.285863825560682017e+01 3.094775014000000000e+09
2.819728612859971690e+02 6.104929630000000000e+08
1.337441569527809406e+02 2.835584970000000000e+09
-4.821872938167252869e+02 4.191272143000000000e+09
-4.567109855621483803e+02 1.543339340000000000e+09
3.748102487314472455e+02 3.731828226000000000e+09
-7.515876135739699748e+02 2.496140723000000000e+09
-2.819727366486367828e+02 2.823478449000000000e+09
-9.996819737326868562e+02 1.491353068000000000e+09
-1.750376605863730219e+02 1.238633862000000000e+09
-1.045345904176986551e+03 3.795148461000000000e+09
-9.879538189374043213e+02 2.451119286000000000e+09
-3.457763698125309020e+02 2.304157038000000000e+09
-1.839804457680966152e+02 3.024927587000000000e+09
-1.066981946535215684e+02 3.242436260000000000e+09
-2.428781261237445506e+02 3.752155536000000000e+09
-3.426658941154828426e+02 2.792383797000000000e+09
-2.845025090054868997e+02 7.362849380000000000e+08
6.673181499178181184e+02 2.409785590000000000e+08
2.997894398189146159e+01 5.362477570000000000e+08
-1.288935312618651551e+03 1.221257388000000000e+09
1.817003348631433255e+02 8.478829420000000000e+08
-7.238502014375544604e+02 5.441017330000000000e+08
-9.600039369999367409e+02 3.695688771000000000e+09
-6.131040790055794787e+01 2.995547742000000000e+09
2.041040237216766400e+02 3.947232960000000000e+09
-1.207306842759898245e+03 1.564546310000000000e+09
-3.283784381310733806e+02 1.688027734000000000e+09
-3.055405319905785291e+02 3.306040205000000000e+09
1.210334838463677443e+02 1.209634426000000000e+09
-3.264774757428704106e+02 4.074595461000000000e+09
-6.470986234805150161e+01 2.680667416000000000e+09
5.930895577014043738e+02 4.075036788000000000e+09
