# Lens_likelihood 	 seed
4.940796441049486020e+03 3.152509742000000000e+09
4.745170740115499029e+03 2.386618269000000000e+09
4.797302429831981499e+03 3.693406352000000000e+09
4.868152926398957788e+03 2.138089263000000000e+09
4.775910426578257102e+03 1.214026266000000000e+09
4.734880208051783484e+03 3.019621586000000000e+09
4.738147615758523898e+03 3.489733133000000000e+09
4.760138164846397558e+03 2.776823462000000000e+09
4.890832869781616864e+03 2.169208318000000000e+09
4.756112215516985088e+03 7.541479560000000000e+08
4.737389835722931821e+03 1.044793362000000000e+09
4.793490248772070117e+03 8.823463900000000000e+08
4.925255529965337701e+03 3.404457800000000000e+07
4.752783794316149397e+03 3.303695478000000000e+09
4.786610820285916816e+03 1.800564120000000000e+08
4.754307057278869252e+03 1.157529864000000000e+09
4.717434363907610532e+03 4.011831271000000000e+09
4.790828837022367225e+03 1.010815709000000000e+09
4.917098795058432188e+03 1.134545457000000000e+09
4.944527813802948003e+03 2.619239378000000000e+09
4.723472725214673119e+03 4.143806462000000000e+09
4.834342196661142225e+03 4.249949321000000000e+09
4.767254030274257275e+03 1.976122105000000000e+09
4.764204547283880856e+03 1.129914768000000000e+09
4.738850853631436621e+03 3.061254230000000000e+09
4.701879117051880712e+03 4.277691527000000000e+09
4.844934300807410182e+03 1.999814099000000000e+09
4.839785160846184226e+03 5.946873900000000000e+08
4.823381635540831667e+03 2.158439860000000000e+09
4.701571157162909003e+03 3.921958248000000000e+09
4.802014267086824475e+03 2.668573805000000000e+09
4.723483880225239773e+03 9.946281050000000000e+08
4.735637763498619279e+03 2.802444343000000000e+09
4.745163779927788710e+03 1.061423038000000000e+09
4.831136731766707271e+03 3.870342186000000000e+09
4.892574980504394262e+03 3.980654330000000000e+09
4.824279510104272049e+03 3.820188955000000000e+09
4.683001393155787810e+03 1.837298140000000000e+08
4.733262261901541024e+03 2.833689737000000000e+09
4.788912932221378469e+03 2.330133307000000000e+09
4.706491107858701071e+03 7.636755710000000000e+08
4.737154557973328338e+03 4.050997455000000000e+09
4.671780966011359851e+03 3.994930267000000000e+09
4.767422524334677291e+03 4.455489890000000000e+08
4.739281304763595472e+03 2.972737370000000000e+08
4.751307804269688859e+03 8.431619980000000000e+08
4.734858517809912883e+03 4.030938248000000000e+09
4.705805366110394971e+03 3.357754032000000000e+09
4.707178985769814972e+03 9.894806890000000000e+08
4.702589710815840590e+03 4.208089432000000000e+09
4.766106556861575882e+03 1.314800159000000000e+09
4.775889741169766239e+03 2.122179913000000000e+09
4.643681903556532234e+03 3.633277808000000000e+09
4.764128550274153895e+03 1.199143428000000000e+09
4.836781496197454544e+03 1.620970102000000000e+09
4.759894693658668984e+03 3.124427329000000000e+09
4.653361050618281297e+03 2.058348891000000000e+09
4.731240153074715636e+03 3.535995905000000000e+09
4.826445656685471477e+03 3.261526654000000000e+09
4.768815815676938655e+03 1.149033300000000000e+07
4.829341770203127453e+03 2.479323977000000000e+09
4.825401282993861969e+03 9.872706140000000000e+08
4.800975070882992441e+03 1.227010727000000000e+09
4.871242140418408781e+03 3.052094110000000000e+09
4.713330394430602610e+03 2.392171033000000000e+09
4.789312939558574726e+03 3.854230048000000000e+09
4.834387725266711641e+03 7.663156480000000000e+08
4.686728788251341030e+03 2.183946100000000000e+08
4.652476110312613855e+03 1.743790944000000000e+09
4.706608423969426440e+03 4.100570955000000000e+09
4.790450108090406502e+03 8.600021160000000000e+08
4.842840365930018379e+03 6.357928550000000000e+08
4.674670418132902341e+03 1.045244703000000000e+09
4.905308228335033164e+03 1.114255666000000000e+09
4.628109154256701004e+03 3.603707180000000000e+08
4.798511499993033794e+03 2.002959914000000000e+09
4.727335618529634303e+03 1.677693413000000000e+09
4.722166336360052810e+03 2.125582514000000000e+09
4.831907019555615989e+03 4.938650700000000000e+08
4.639339692741476938e+03 2.386451642000000000e+09
4.758437396601193541e+03 4.240254509000000000e+09
4.933718763909852896e+03 2.112836550000000000e+09
4.916358912971340033e+03 8.731660500000000000e+07
4.774211890408116233e+03 1.270059478000000000e+09
4.778101500848143587e+03 1.179332237000000000e+09
4.692490275476689931e+03 3.636459528000000000e+09
4.836920990985996468e+03 3.537645568000000000e+09
4.690221263794561310e+03 3.385118454000000000e+09
4.792405420394463363e+03 2.813728089000000000e+09
4.587992300844265628e+03 2.180984080000000000e+08
4.944471222064606991e+03 1.825017260000000000e+09
4.701721631105909182e+03 5.082172330000000000e+08
4.905282173023711948e+03 2.204566656000000000e+09
4.700853290093324176e+03 2.079016821000000000e+09
4.722323774528989816e+03 1.068048205000000000e+09
4.732059396156464572e+03 1.118013210000000000e+09
4.717562287530301546e+03 2.973142708000000000e+09
4.709817121108985702e+03 3.542287310000000000e+08
4.662036193258309140e+03 7.835794900000000000e+07
4.704493710351880509e+03 1.028349010000000000e+08
4.715164563852181345e+03 1.529617720000000000e+08
4.737008285780627375e+03 1.444122650000000000e+09
4.764398957473937116e+03 3.401888465000000000e+09
4.861811528238998108e+03 1.359641580000000000e+09
4.799992222599683373e+03 1.388617152000000000e+09
4.758237294734346506e+03 3.653465505000000000e+09
4.767967102621593767e+03 1.816219355000000000e+09
4.727429160754247278e+03 3.812600616000000000e+09
4.778709130598964293e+03 3.838034302000000000e+09
4.847463582451860020e+03 3.383806141000000000e+09
4.716998655047576904e+03 1.418969350000000000e+08
4.709040160380496673e+03 4.224755513000000000e+09
4.714546671575957589e+03 2.629787740000000000e+09
4.845283125940271930e+03 4.213076427000000000e+09
4.812435607406630879e+03 2.915142996000000000e+09
4.804711643185226421e+03 2.657080740000000000e+08
4.682127167463375372e+03 3.615630596000000000e+09
4.717478175180571270e+03 5.192346370000000000e+08
4.758803581251304422e+03 2.089803123000000000e+09
4.789815812388258564e+03 1.006393390000000000e+09
4.769205497677716266e+03 1.323399671000000000e+09
4.736457311072601442e+03 3.246809840000000000e+08
4.702022471021040474e+03 1.225212633000000000e+09
4.801722937137543340e+03 1.549608861000000000e+09
4.739798232785547043e+03 3.546171568000000000e+09
4.776573535271529181e+03 3.158714524000000000e+09
4.757387505900900578e+03 4.279272240000000000e+08
4.763511882992768733e+03 2.761390720000000000e+08
4.775284682781777519e+03 1.625666968000000000e+09
4.790229737023724738e+03 1.470942684000000000e+09
4.748023557485971651e+03 1.386915910000000000e+09
4.810258645148600408e+03 2.646467445000000000e+09
4.733646852361520359e+03 3.131183779000000000e+09
4.835781044468973050e+03 1.260104563000000000e+09
4.905758998472143503e+03 8.492105210000000000e+08
4.777119649301317622e+03 1.032524561000000000e+09
4.797264684067527924e+03 5.700902840000000000e+08
4.579134171412713840e+03 3.418404336000000000e+09
4.897710876280258162e+03 2.858838600000000000e+08
4.767279368358636020e+03 1.196052300000000000e+08
4.653693605714977821e+03 1.000888485000000000e+09
4.751067017109042354e+03 2.467449432000000000e+09
4.726025177485165841e+03 1.965602221000000000e+09
4.656948927995121267e+03 1.374771800000000000e+09
4.791258723203467525e+03 2.145583982000000000e+09
4.904157309949807313e+03 3.572806585000000000e+09
4.851095008035556020e+03 9.102107600000000000e+08
4.787786775115004275e+03 1.463408597000000000e+09
4.807625094159709988e+03 1.535746062000000000e+09
4.826911870083680697e+03 1.805487376000000000e+09
4.808008396426532272e+03 6.899445430000000000e+08
4.797935343725510393e+03 3.250481999000000000e+09
4.762705917590291392e+03 2.490414084000000000e+09
4.854395439086330953e+03 1.388700010000000000e+08
4.875370774342740333e+03 6.382123580000000000e+08
4.797220224710292314e+03 3.054382792000000000e+09
4.795948687902885467e+03 1.768146909000000000e+09
4.796207023865793417e+03 2.571568845000000000e+09
4.749754086931518032e+03 3.701154671000000000e+09
4.742954242502416491e+03 3.773720090000000000e+08
4.688659376859004624e+03 3.418069167000000000e+09
4.808664092437513318e+03 2.716855593000000000e+09
4.702228934215152549e+03 2.123494017000000000e+09
4.766586351922174799e+03 3.604566440000000000e+09
4.754082809994049967e+03 3.934198068000000000e+09
4.826466130087903366e+03 2.954013235000000000e+09
4.692433250598900486e+03 2.840001759000000000e+09
4.760982634646685256e+03 2.886630323000000000e+09
4.786902737762384277e+03 2.843011451000000000e+09
4.654550514735343313e+03 2.941335333000000000e+09
4.723620403254653866e+03 7.776565230000000000e+08
4.681020945821544956e+03 1.248303262000000000e+09
4.797588251714616490e+03 1.898375967000000000e+09
4.759421306678688779e+03 1.978269066000000000e+09
4.770366079487561365e+03 9.911513890000000000e+08
4.709936195483911433e+03 4.069466304000000000e+09
4.906772401878313758e+03 1.063011955000000000e+09
4.725719676044648622e+03 1.597184479000000000e+09
4.688936234657221576e+03 3.805316600000000000e+08
4.845366469740029970e+03 1.029057150000000000e+08
4.830362299774194071e+03 2.716356922000000000e+09
4.873432118139742670e+03 1.620729289000000000e+09
4.723596362345737361e+03 2.055326252000000000e+09
4.634198877703689504e+03 2.903022790000000000e+08
4.728157036933924246e+03 1.343014010000000000e+08
4.747620765638801458e+03 2.254899107000000000e+09
4.799002914691132901e+03 3.594300809000000000e+09
4.764180829350476415e+03 1.756792682000000000e+09
4.796386118510012238e+03 1.460393181000000000e+09
4.750200470847257748e+03 1.856066850000000000e+09
4.778052097033145401e+03 3.682725842000000000e+09
4.719412403751030070e+03 2.610108992000000000e+09
4.857612175066090458e+03 6.347614200000000000e+07
4.744270507278359219e+03 2.220693900000000000e+07
4.670947383008734505e+03 1.273113806000000000e+09
4.703323159434198715e+03 2.480891361000000000e+09
4.813468402342685295e+03 2.214130879000000000e+09
4.916857192265997583e+03 9.077243780000000000e+08
4.731197782981262208e+03 4.099871038000000000e+09
4.806158560510390089e+03 2.581607077000000000e+09
4.896770903889506371e+03 7.545499900000000000e+08
4.691279645313442415e+03 2.246883255000000000e+09
4.656195482026637364e+03 4.149039559000000000e+09
4.727099469208210394e+03 3.864178137000000000e+09
4.790291357624930242e+03 1.795462220000000000e+09
4.886810956462120885e+03 3.943561126000000000e+09
4.878202602373507034e+03 3.128781381000000000e+09
4.823497531700068066e+03 2.221637400000000000e+08
4.811410264040734546e+03 4.121257143000000000e+09
4.780548944729138384e+03 7.462711810000000000e+08
4.721038833719637296e+03 3.676338011000000000e+09
4.741614373631403396e+03 3.863803584000000000e+09
4.775955051807475684e+03 3.882208247000000000e+09
4.838656439617180695e+03 3.550989124000000000e+09
4.701326096883115497e+03 1.511752284000000000e+09
4.849798277432214491e+03 7.168904450000000000e+08
4.821397554365465112e+03 1.590953670000000000e+09
4.709754757819560837e+03 2.563126372000000000e+09
4.849929553179941649e+03 1.613993742000000000e+09
4.826362972942745728e+03 3.308189512000000000e+09
4.783796551068523513e+03 2.748746990000000000e+08
4.915573058490813310e+03 3.926571500000000000e+09
4.755699907998307935e+03 3.432526539000000000e+09
4.785215402868918318e+03 1.436039150000000000e+08
4.731133873739582668e+03 3.012081944000000000e+09
4.826776827243721527e+03 8.751938430000000000e+08
4.774482300429004681e+03 3.703686288000000000e+09
4.861392776033346308e+03 2.695924193000000000e+09
4.735906429909108738e+03 1.579286112000000000e+09
4.673258455134289761e+03 4.075499616000000000e+09
4.838200169722404098e+03 3.556059840000000000e+08
4.769076958197996646e+03 2.992459013000000000e+09
4.742949256583551687e+03 2.368768352000000000e+09
4.898952751070910381e+03 9.540415010000000000e+08
4.686318650581240036e+03 1.517885375000000000e+09
4.681675809945609217e+03 1.089958100000000000e+08
4.787369708956110117e+03 1.828680495000000000e+09
4.791249976151742885e+03 5.791723300000000000e+08
4.851071683443029542e+03 1.735945617000000000e+09
4.682505360845621908e+03 3.300054502000000000e+09
4.819871544169274785e+03 1.533635823000000000e+09
4.670695762241366538e+03 2.605146500000000000e+08
4.828283441734523876e+03 3.726813350000000000e+09
4.691414933534796546e+03 2.441668970000000000e+08
4.861522302970076453e+03 3.028438035000000000e+09
4.737088379103071929e+03 4.477652090000000000e+08
4.749436101076591513e+03 4.195729815000000000e+09
4.844903147312629699e+03 3.929675968000000000e+09
4.830266951425179286e+03 7.834273340000000000e+08
4.829896452873473208e+03 2.313225167000000000e+09
4.760478175983576875e+03 1.764206076000000000e+09
4.771717071413051599e+03 8.814723200000000000e+08
4.781778805700432713e+03 9.243202960000000000e+08
4.771378841551848382e+03 1.255797600000000000e+07
4.773622981600056846e+03 3.133300850000000000e+08
4.800123967727595300e+03 7.310434000000000000e+06
4.819572950035179019e+03 3.154360615000000000e+09
4.738340552390553057e+03 2.212972485000000000e+09
4.697198937928652413e+03 1.407556078000000000e+09
4.815129146256973399e+03 1.103100456000000000e+09
4.845776647574778508e+03 3.914191148000000000e+09
4.849336395742559034e+03 1.638541020000000000e+09
4.706494356454359149e+03 2.777172845000000000e+09
4.750597638778697728e+03 3.096280672000000000e+09
4.785990042972724041e+03 1.203406874000000000e+09
4.804267474273799962e+03 1.300489837000000000e+09
4.768463705582780676e+03 4.171598840000000000e+09
4.780300755237936755e+03 3.319002488000000000e+09
4.813419719760233420e+03 3.930954632000000000e+09
4.828084507166476214e+03 1.440572967000000000e+09
4.738970207473554183e+03 3.398672604000000000e+09
4.781005856865101123e+03 3.531085543000000000e+09
4.734084460812502584e+03 1.973286176000000000e+09
4.683896809853848026e+03 2.589940340000000000e+08
4.738023835912174036e+03 3.864363779000000000e+09
4.794157860493734916e+03 3.835705654000000000e+09
4.745214986514622069e+03 2.682816800000000000e+08
4.681627639367791744e+03 9.202900990000000000e+08
4.748794343969490910e+03 1.568200578000000000e+09
4.683298950369166960e+03 3.358881029000000000e+09
4.757599468744769183e+03 8.943021850000000000e+08
4.658096637038006520e+03 1.935796520000000000e+09
4.969211656679801308e+03 2.342063249000000000e+09
4.673644124144700982e+03 2.730778726000000000e+09
4.789979509914402115e+03 1.906946284000000000e+09
4.629938245327526602e+03 2.846285508000000000e+09
4.847238430715795403e+03 1.250460836000000000e+09
4.716813424796874642e+03 4.212842324000000000e+09
4.728354760253234417e+03 1.027456351000000000e+09
4.688230247919174872e+03 1.637231276000000000e+09
4.745929407687010098e+03 1.682142815000000000e+09
4.839486328033643076e+03 3.210453384000000000e+09
4.744605262963493260e+03 2.542223288000000000e+09
4.657712435259140875e+03 7.563047710000000000e+08
4.915348766903829528e+03 1.571223989000000000e+09
4.708995473569510068e+03 1.168054042000000000e+09
4.895640904259576018e+03 3.313873707000000000e+09
4.762706003951714592e+03 3.629399663000000000e+09
4.800068866923448695e+03 3.620610763000000000e+09
4.772558140219601228e+03 2.106860915000000000e+09
4.720810088589126281e+03 3.148541847000000000e+09
4.786882646275483239e+03 1.484524252000000000e+09
4.776738930980665828e+03 3.720864839000000000e+09
4.683678314041370868e+03 2.081248309000000000e+09
4.754618595003455994e+03 3.574398747000000000e+09
4.879099671063857386e+03 2.081627634000000000e+09
4.783172050867227881e+03 2.490578606000000000e+09
4.675211255179912769e+03 1.403841301000000000e+09
4.815154289916756170e+03 3.181268062000000000e+09
4.866343949961202270e+03 2.977919260000000000e+08
4.883611311211307111e+03 1.502809596000000000e+09
4.816540177156772188e+03 3.549191873000000000e+09
4.786430178893377160e+03 1.647883409000000000e+09
4.745470024038532756e+03 9.198001400000000000e+08
4.968143634750532328e+03 5.186738390000000000e+08
4.770973403426070945e+03 1.694822798000000000e+09
4.791529294811656655e+03 2.808703600000000000e+09
4.735910257430550701e+03 2.834894354000000000e+09
4.782041423086764553e+03 3.934331223000000000e+09
4.702617044056193663e+03 1.790265255000000000e+09
4.798946738843997082e+03 4.180737443000000000e+09
4.842188113415417320e+03 1.987041486000000000e+09
4.634307547641930796e+03 1.915331902000000000e+09
4.723433604341684259e+03 3.971198790000000000e+08
4.790048640992645232e+03 1.872575594000000000e+09
4.725443427993819569e+03 3.003164497000000000e+09
4.753963230021718118e+03 3.564764017000000000e+09
4.680444360409457659e+03 2.105308042000000000e+09
4.776343341834506646e+03 4.150467463000000000e+09
4.785993154729065282e+03 1.183279418000000000e+09
4.886252508079814106e+03 2.441382111000000000e+09
4.857578595650143143e+03 3.605803805000000000e+09
4.821140493261829761e+03 3.854596220000000000e+09
4.716481519019967891e+03 3.142949090000000000e+09
4.829790187259875893e+03 2.418655504000000000e+09
4.768904560744162154e+03 3.070991430000000000e+08
4.818450509025939027e+03 4.288835889000000000e+09
4.647777384391877604e+03 2.393919366000000000e+09
4.767594440345953444e+03 3.608900139000000000e+09
4.763510708973150031e+03 1.519287472000000000e+09
4.709395763750226251e+03 5.642896390000000000e+08
4.844239202285177271e+03 2.617856493000000000e+09
4.731975023421236074e+03 3.601021900000000000e+07
4.737355910391157522e+03 1.445809688000000000e+09
4.785814239072802593e+03 3.283289933000000000e+09
4.881033707248823703e+03 1.508114236000000000e+09
4.769675675101962952e+03 2.498527214000000000e+09
4.741932893805125786e+03 2.553052432000000000e+09
4.748345845701251164e+03 2.703391079000000000e+09
4.664757376255263807e+03 2.394085423000000000e+09
