# Lens_likelihood 	 seed
6.454999148704507206e+03 1.662985843000000000e+09
6.465821471863401712e+03 2.337528343000000000e+09
6.436887092444306290e+03 2.380565820000000000e+09
6.483371522943121818e+03 2.618358237000000000e+09
6.461389502170324704e+03 8.337775400000000000e+08
6.488202283796888878e+03 4.554929640000000000e+08
6.455460970384579014e+03 1.330841013000000000e+09
6.469729497306754638e+03 4.084250950000000000e+09
6.457044241173261071e+03 1.207684334000000000e+09
6.484821243535850954e+03 2.701678646000000000e+09
6.452677949452387111e+03 3.113623782000000000e+09
6.442090263168510319e+03 3.190203272000000000e+09
6.452079262741213824e+03 2.067436197000000000e+09
6.465760566300372375e+03 3.029163175000000000e+09
6.438253333732941428e+03 3.390688565000000000e+09
6.456702134528756687e+03 4.125875400000000000e+07
6.469473504251498525e+03 3.679150020000000000e+08
6.459070229241339803e+03 1.406382542000000000e+09
6.438605142594255085e+03 1.608685390000000000e+09
6.466774423595952612e+03 2.862013456000000000e+09
6.455272566948020540e+03 1.462858604000000000e+09
6.486021213750398601e+03 3.163447680000000000e+08
6.462203537125244111e+03 1.090833130000000000e+08
6.462474476178646910e+03 3.960432217000000000e+09
6.476790582231318695e+03 4.001348665000000000e+09
6.444108095139646139e+03 2.416666555000000000e+09
6.446814369279341918e+03 1.296548424000000000e+09
6.449394204715392334e+03 3.339464127000000000e+09
6.472687231094601884e+03 3.717143087000000000e+09
6.467912751962247057e+03 4.195182281000000000e+09
6.449619348352708585e+03 3.852180697000000000e+09
6.468692272325110025e+03 1.646168746000000000e+09
6.472222749023028882e+03 2.421811346000000000e+09
6.461553560316442599e+03 4.271015492000000000e+09
6.463390116024373128e+03 2.240544941000000000e+09
6.471650305424553153e+03 1.431106578000000000e+09
6.470793965216471406e+03 6.790573860000000000e+08
6.500884606771677682e+03 1.996915475000000000e+09
6.477893339908690905e+03 1.267687824000000000e+09
6.455841797987642167e+03 2.153496828000000000e+09
6.462906007276415039e+03 1.851003430000000000e+09
6.434583534909277660e+03 3.094261250000000000e+09
6.443472306795684744e+03 4.153096550000000000e+09
6.462591144261838963e+03 1.017530388000000000e+09
6.448548272581091624e+03 1.169811066000000000e+09
6.446773134521617067e+03 1.534665000000000000e+08
6.410117119420787276e+03 2.389809807000000000e+09
6.478441149546413726e+03 1.931346167000000000e+09
6.455238463616976333e+03 2.827278866000000000e+09
6.446442508980003367e+03 3.926532170000000000e+09
6.468291360893212186e+03 3.494213746000000000e+09
6.469387528618540273e+03 3.767108991000000000e+09
6.441378229208779885e+03 2.650096320000000000e+08
6.459092706860075850e+03 3.786308514000000000e+09
6.478869050064125986e+03 2.734511039000000000e+09
6.488482010013973195e+03 1.347333106000000000e+09
6.473422204834047079e+03 2.901122823000000000e+09
6.458869920632128014e+03 1.538807968000000000e+09
6.467447461494536583e+03 1.174668050000000000e+08
6.465070727640028053e+03 2.778492182000000000e+09
6.481963540171103887e+03 4.370070700000000000e+07
6.419455303967986765e+03 5.094719740000000000e+08
6.458870072368449655e+03 3.678222140000000000e+09
6.445908415341971704e+03 4.017058945000000000e+09
6.475661331666185106e+03 3.855818774000000000e+09
6.466540990732741193e+03 1.932637363000000000e+09
6.437388859771509487e+03 2.798141309000000000e+09
6.444011141569051688e+03 1.651512624000000000e+09
6.491514729027176145e+03 2.136977282000000000e+09
6.490376563653913763e+03 3.857083680000000000e+08
6.436957860260394227e+03 2.281832166000000000e+09
6.485015799372411493e+03 2.186007617000000000e+09
6.477582545904007020e+03 2.882158665000000000e+09
6.461409072297050443e+03 5.684033570000000000e+08
6.461819581119193572e+03 3.689166085000000000e+09
6.479984563732512470e+03 2.289987064000000000e+09
6.440525569368365723e+03 4.145016760000000000e+09
6.453928378102438728e+03 4.430170590000000000e+08
6.425705902272748062e+03 4.107346067000000000e+09
6.471483854513335245e+03 3.409193886000000000e+09
6.481938344730813697e+03 3.544563964000000000e+09
6.485254759006613313e+03 1.342333775000000000e+09
6.468837480844915262e+03 3.910593684000000000e+09
6.484351959436500692e+03 3.042067965000000000e+09
6.471494726071298828e+03 7.240514250000000000e+08
6.457159869525386966e+03 3.874811034000000000e+09
6.462155224290567276e+03 2.510967088000000000e+09
6.461234846906013445e+03 2.440649064000000000e+09
6.396810258058653744e+03 3.954222352000000000e+09
6.444055029670565091e+03 2.514158141000000000e+09
6.452385979788124132e+03 5.353702490000000000e+08
6.464852073484247740e+03 2.950288920000000000e+08
6.451249933904750833e+03 3.948082260000000000e+09
6.483810064075431910e+03 2.963548810000000000e+09
6.465702795461411370e+03 1.610960937000000000e+09
6.478626791119807422e+03 4.324353180000000000e+08
6.482980848011097805e+03 4.005476022000000000e+09
6.486474204208589072e+03 3.954379203000000000e+09
6.486077538968931549e+03 2.652875758000000000e+09
6.444770813781313336e+03 1.580293479000000000e+09
6.483327026820961692e+03 2.084850001000000000e+09
6.446076634800529064e+03 5.032428110000000000e+08
6.448032100206134601e+03 3.969292360000000000e+08
6.469977833170132726e+03 3.068803780000000000e+09
6.466690791198617262e+03 1.412586107000000000e+09
6.486664468226080317e+03 1.246981840000000000e+09
6.441509888878734273e+03 2.487683903000000000e+09
6.489616836154536031e+03 2.214038924000000000e+09
6.444605100717235473e+03 3.418930543000000000e+09
6.410154902305604082e+03 1.972685446000000000e+09
6.486010048196218122e+03 4.061312786000000000e+09
6.465808197117663440e+03 2.730641875000000000e+09
6.453471222218145158e+03 2.932278750000000000e+08
6.473970668591819049e+03 2.536609306000000000e+09
6.454020377454217851e+03 3.620065730000000000e+09
6.450690313882809278e+03 3.091403180000000000e+09
6.452727090293226865e+03 1.217710899000000000e+09
6.445981652581512208e+03 1.266226765000000000e+09
6.465576496675832459e+03 6.001701060000000000e+08
6.468376477489333411e+03 1.839744695000000000e+09
6.466857526966991827e+03 2.037877690000000000e+09
6.499192827165526978e+03 1.512198731000000000e+09
6.465117856320093779e+03 2.795275640000000000e+08
6.446651392236639367e+03 2.119256955000000000e+09
6.466120395541822290e+03 2.167633659000000000e+09
6.449552674875941193e+03 3.323597171000000000e+09
6.460681747381421701e+03 1.475572811000000000e+09
6.484314397722199828e+03 3.137509605000000000e+09
6.452962245786777203e+03 3.158634849000000000e+09
6.473954586137636397e+03 3.512366150000000000e+08
6.487375301003508866e+03 2.428809251000000000e+09
6.452247477712144246e+03 1.854719295000000000e+09
6.459950757693095511e+03 2.640276248000000000e+09
6.472944125158717725e+03 1.439792085000000000e+09
6.446645623695304494e+03 1.802594289000000000e+09
6.426148253013704561e+03 3.434329680000000000e+09
6.458576079791561824e+03 1.517222609000000000e+09
6.459768375501405899e+03 5.932819960000000000e+08
6.471390493607199460e+03 1.931508338000000000e+09
6.456013543896531701e+03 1.092563297000000000e+09
6.473070507700373128e+03 3.272751443000000000e+09
6.485242723632794878e+03 2.355847291000000000e+09
6.484588299511009609e+03 1.846489817000000000e+09
6.474894206192925594e+03 2.072265795000000000e+09
6.462784255327431310e+03 1.619699361000000000e+09
6.453344969132022925e+03 2.652845283000000000e+09
6.478438777901514186e+03 3.727598870000000000e+08
6.465194858552696132e+03 2.457435336000000000e+09
6.476636895131251549e+03 2.819532439000000000e+09
6.475004301193135689e+03 1.035464629000000000e+09
6.460075683111340368e+03 2.829450537000000000e+09
6.443144219233388867e+03 3.090289130000000000e+08
6.449219730843908110e+03 1.257909224000000000e+09
6.451873483492425294e+03 5.942399090000000000e+08
6.462202892226075164e+03 1.584741105000000000e+09
6.467919080232706619e+03 2.718012782000000000e+09
6.445102947181111631e+03 6.942662900000000000e+07
6.454087099208536529e+03 1.734380029000000000e+09
6.439855396801529423e+03 1.003483280000000000e+08
6.484070555083074396e+03 9.901150630000000000e+08
6.484994762882506620e+03 8.245164030000000000e+08
6.442714969384722281e+03 2.938013973000000000e+09
6.433526611526789566e+03 3.910115534000000000e+09
6.457848466678054137e+03 3.999374054000000000e+09
6.451130838720376232e+03 2.076010711000000000e+09
6.439058040612472723e+03 3.787386763000000000e+09
6.481051498012004231e+03 2.041489123000000000e+09
6.477223637998414233e+03 4.140355746000000000e+09
6.477432414319404415e+03 1.208156891000000000e+09
6.479974015251245874e+03 2.237988537000000000e+09
6.475263171382093788e+03 2.119614423000000000e+09
6.448278981414707232e+03 3.857660968000000000e+09
6.466216220607902869e+03 1.794595141000000000e+09
6.423012521704951723e+03 3.858931013000000000e+09
6.465832305644236840e+03 3.507463556000000000e+09
6.459933111729764278e+03 1.042432951000000000e+09
6.471399006287767406e+03 3.393778256000000000e+09
6.444199868661389701e+03 2.198338846000000000e+09
6.459925808375313864e+03 2.856246875000000000e+09
6.432562689436715118e+03 1.621703895000000000e+09
6.453317407286087473e+03 4.218580740000000000e+08
6.490346129386525718e+03 3.244607847000000000e+09
6.436725083531901873e+03 3.987819623000000000e+09
6.475463740753471939e+03 1.383822165000000000e+09
6.461923741272885309e+03 1.459416485000000000e+09
6.471693681868369822e+03 1.067376844000000000e+09
6.457920288665554835e+03 2.927504607000000000e+09
6.470768666931702683e+03 8.080477940000000000e+08
6.440936349236178103e+03 2.828971500000000000e+09
6.439363625228024830e+03 1.056181353000000000e+09
6.472370804568843596e+03 4.408131310000000000e+08
6.472538006637301805e+03 2.429479276000000000e+09
6.445922719172865982e+03 3.246514015000000000e+09
6.475989223544804190e+03 4.290784904000000000e+09
6.456180510430554932e+03 8.189646290000000000e+08
6.491956572568308729e+03 6.764090500000000000e+08
6.479267674521144727e+03 6.191103300000000000e+07
6.488276299559829567e+03 1.391051715000000000e+09
6.456272740653036635e+03 3.442285775000000000e+09
6.473445975098371491e+03 4.118673091000000000e+09
6.473341978219918929e+03 2.763709720000000000e+09
6.459981380798882128e+03 3.563004820000000000e+08
6.457104628733568461e+03 6.272443500000000000e+08
6.469433125054274569e+03 2.704850340000000000e+09
6.479888725234526646e+03 9.173336650000000000e+08
6.416582403326160602e+03 1.424296844000000000e+09
6.442817862907832023e+03 7.474569700000000000e+08
6.441766230036015259e+03 1.792833576000000000e+09
6.463498592940004528e+03 1.182929589000000000e+09
6.443146826760175827e+03 1.483056491000000000e+09
6.441358213759310274e+03 2.702299941000000000e+09
6.481222374594394751e+03 1.817093261000000000e+09
6.442489126229598696e+03 3.191770891000000000e+09
6.438063021805880453e+03 1.993279461000000000e+09
6.472694998367365770e+03 2.191764927000000000e+09
6.450307073530473644e+03 4.228656940000000000e+09
6.455907342472914024e+03 4.006155625000000000e+09
6.436930298289687926e+03 2.681938250000000000e+09
6.480152045517377701e+03 9.215175800000000000e+07
6.475952158125142887e+03 2.433003493000000000e+09
6.452185983451063294e+03 2.320859990000000000e+08
6.478620317610379971e+03 2.500439627000000000e+09
6.456455377658228826e+03 2.892863520000000000e+09
6.437268260301819282e+03 1.138430921000000000e+09
6.476715600745330448e+03 3.156407284000000000e+09
6.452386065268531638e+03 2.840511252000000000e+09
6.449436381891136080e+03 2.078339610000000000e+09
6.447276948527431159e+03 3.144532600000000000e+07
6.465604623576020458e+03 1.484284523000000000e+09
6.466430116940926382e+03 3.012655683000000000e+09
6.451001796408609152e+03 1.187478140000000000e+08
6.476423402168568828e+03 4.139252050000000000e+09
6.484872869970453394e+03 1.524873673000000000e+09
6.452073570140967604e+03 1.097639016000000000e+09
6.484061910806199194e+03 1.007924137000000000e+09
6.449693368992288015e+03 1.652055896000000000e+09
6.459685766262052312e+03 1.980541617000000000e+09
6.466679388170447965e+03 1.855562909000000000e+09
6.441594065986375426e+03 2.731929635000000000e+09
6.461719111425240044e+03 4.138266553000000000e+09
6.456345077348593804e+03 1.321766513000000000e+09
6.475401567139531835e+03 9.543707180000000000e+08
6.449878988207221482e+03 2.389999535000000000e+09
6.482088229102168953e+03 1.928106650000000000e+09
6.432949076153087844e+03 2.631929128000000000e+09
6.457737682953919830e+03 2.048669589000000000e+09
6.464593267993930567e+03 3.905612787000000000e+09
6.483905495519677061e+03 3.355433827000000000e+09
6.469875710851487383e+03 4.266128444000000000e+09
6.475052356094573952e+03 7.574690490000000000e+08
6.457503628905896221e+03 1.731857077000000000e+09
6.481952991510470383e+03 4.856065720000000000e+08
6.453092282310333758e+03 1.229832620000000000e+09
6.479031634054288588e+03 7.222439050000000000e+08
6.463283115912367975e+03 1.863929486000000000e+09
6.470346821652076869e+03 2.182525426000000000e+09
6.452434594095686407e+03 1.947180496000000000e+09
6.468528795533234188e+03 1.600366418000000000e+09
6.461700671317406886e+03 5.740645820000000000e+08
6.424259283783354476e+03 3.504867883000000000e+09
6.458348476839333671e+03 4.261777735000000000e+09
6.477837603765128733e+03 2.233839388000000000e+09
6.435487890927013723e+03 8.244503900000000000e+08
6.473196151248356728e+03 5.944762310000000000e+08
6.478929354524316295e+03 2.637467637000000000e+09
6.424380739006749536e+03 2.422153130000000000e+09
6.446913093870528428e+03 1.908139742000000000e+09
6.461597873538945350e+03 3.333539090000000000e+08
6.464867965617125265e+03 9.749652630000000000e+08
6.434468395200982741e+03 6.610163940000000000e+08
6.469930025193168149e+03 2.966895390000000000e+09
6.453112054703558897e+03 2.432716968000000000e+09
6.484370488540962469e+03 3.039534282000000000e+09
6.442367880894557857e+03 1.431542786000000000e+09
6.447675116822551900e+03 3.378953106000000000e+09
6.450173241098105791e+03 6.533039990000000000e+08
6.453260333303083826e+03 2.362826844000000000e+09
6.452183972825978344e+03 2.381826237000000000e+09
6.485430217766919668e+03 4.254881749000000000e+09
6.467746616664301655e+03 1.770754525000000000e+09
6.457265332241201577e+03 1.159978648000000000e+09
6.463122460042137391e+03 2.857759416000000000e+09
6.494310831463099930e+03 1.036216368000000000e+09
6.459768401079901196e+03 2.548756115000000000e+09
6.446987273592061683e+03 2.821763994000000000e+09
6.458284165787641541e+03 2.188104661000000000e+09
6.423553464411921595e+03 4.089641700000000000e+08
6.478731936864951422e+03 5.787413980000000000e+08
6.467153881497173643e+03 2.088172778000000000e+09
6.413179155382199497e+03 1.679929900000000000e+07
6.461074833447384663e+03 4.177064191000000000e+09
6.437381850713438325e+03 4.134552280000000000e+08
6.461242604969997046e+03 2.552574687000000000e+09
6.483545957275472574e+03 4.002238296000000000e+09
6.466624840496947400e+03 7.039274800000000000e+08
6.476215344836849908e+03 3.779920747000000000e+09
6.439363841550934922e+03 2.722070471000000000e+09
6.471180569747999471e+03 2.416330531000000000e+09
6.454847225064755548e+03 2.418454948000000000e+09
6.453673192885478784e+03 2.640240270000000000e+08
6.470610824394999327e+03 4.201139295000000000e+09
6.456077543205738948e+03 4.739238330000000000e+08
6.459801383856634857e+03 1.675534232000000000e+09
6.452718231906412257e+03 1.804591774000000000e+09
6.454747595874639956e+03 4.260203494000000000e+09
6.486131199411051966e+03 2.384281062000000000e+09
6.460122319209640409e+03 3.700256804000000000e+09
6.472116574799279988e+03 5.480661800000000000e+07
6.474324888939454468e+03 2.645846594000000000e+09
6.464245226741975785e+03 8.741643100000000000e+07
6.458137868732424977e+03 1.886837902000000000e+09
6.482818751047646401e+03 2.908869927000000000e+09
6.444244564762268965e+03 4.116637223000000000e+09
6.458028008860504087e+03 2.406333530000000000e+08
6.479099372367315482e+03 2.931985443000000000e+09
6.454136961155573772e+03 3.777898698000000000e+09
6.445851199659198755e+03 7.314158790000000000e+08
6.455401740030149085e+03 2.273117962000000000e+09
6.480583321339187023e+03 3.335825790000000000e+08
6.475251201001843583e+03 1.464584660000000000e+08
6.453980051106041174e+03 1.155002640000000000e+09
6.450094332439422942e+03 4.561974390000000000e+08
6.487901614481534125e+03 1.476147363000000000e+09
6.477748886916587253e+03 3.890680290000000000e+08
6.457123565437870639e+03 1.103546365000000000e+09
6.437877086617711939e+03 4.703563250000000000e+08
6.457644380648865990e+03 6.733229140000000000e+08
6.460538179779983693e+03 2.278857843000000000e+09
6.461553720887617601e+03 1.454300559000000000e+09
6.470830767189461767e+03 3.739547851000000000e+09
6.442135215932311439e+03 2.621577397000000000e+09
6.476127700424728573e+03 2.623570467000000000e+09
6.473824393849672560e+03 4.647378900000000000e+07
6.478117659266241390e+03 3.966801945000000000e+09
6.468023342594553469e+03 1.430260306000000000e+09
6.489694889322971903e+03 1.135060435000000000e+09
6.443852767571764161e+03 3.112585843000000000e+09
6.492466904376597995e+03 3.324565259000000000e+09
6.464740932236885783e+03 8.596174280000000000e+08
6.451736154347310730e+03 6.117563250000000000e+08
6.454110925855021378e+03 2.954674950000000000e+08
6.480550186803702672e+03 2.192204171000000000e+09
6.434660132742064889e+03 2.169247835000000000e+09
6.484443630491854492e+03 2.674943391000000000e+09
6.475052652199688055e+03 9.465151180000000000e+08
6.468207403470170902e+03 2.816658011000000000e+09
6.462239678168012688e+03 1.449304625000000000e+09
6.474733549762074290e+03 3.635702686000000000e+09
6.482938486254894087e+03 3.660144585000000000e+09
6.472952862126699983e+03 1.079532352000000000e+09
