# Lens_likelihood 	 seed
5.627632617986265359e+03 4.267034597000000000e+09
5.632601636754652645e+03 1.115907617000000000e+09
5.657365251982875634e+03 2.249402055000000000e+09
5.650597284589250194e+03 1.933715212000000000e+09
5.604204460394104899e+03 5.931854930000000000e+08
5.648468298214515016e+03 1.038768900000000000e+09
5.619932977479779765e+03 9.580307550000000000e+08
5.641637769562792528e+03 1.021237677000000000e+09
5.644204811601970505e+03 1.382250961000000000e+09
5.638221864531958090e+03 3.900333503000000000e+09
5.656767503042665339e+03 2.640542556000000000e+09
5.650616240278934129e+03 4.209494247000000000e+09
5.637164682136695774e+03 1.394097274000000000e+09
5.655122034757311667e+03 9.046587650000000000e+08
5.648699357543087899e+03 3.039431510000000000e+08
5.633884753300353623e+03 3.935494449000000000e+09
5.641203680145438739e+03 2.765865836000000000e+09
5.646787105586745383e+03 5.740475200000000000e+08
5.625471385334254592e+03 2.813339640000000000e+09
5.643841370721573185e+03 4.271824963000000000e+09
5.639052125973310467e+03 3.271366813000000000e+09
5.652194137063358539e+03 3.289547659000000000e+09
5.659242996829731055e+03 3.506779563000000000e+09
5.641506381785402482e+03 4.137738984000000000e+09
5.649727391615327178e+03 2.191932880000000000e+08
5.595130862280737347e+03 2.725941678000000000e+09
5.650979257656365007e+03 1.388036531000000000e+09
5.597279326935366043e+03 1.665542693000000000e+09
5.646767219581399331e+03 3.698066632000000000e+09
5.588707229752372768e+03 4.138016162000000000e+09
5.631695507161009118e+03 3.225631625000000000e+09
5.647363103097799467e+03 3.435874364000000000e+09
5.677985367777850115e+03 3.734267355000000000e+09
5.627196767904830267e+03 1.588493878000000000e+09
5.598387469239363782e+03 4.079809953000000000e+09
5.648397077795807490e+03 1.589033134000000000e+09
5.564105481797487300e+03 5.485645480000000000e+08
5.613761133854620311e+03 3.220838405000000000e+09
5.612567254329603202e+03 3.304171959000000000e+09
5.641594309468140636e+03 2.309784868000000000e+09
5.652344063200001983e+03 2.522379627000000000e+09
5.598812688868425539e+03 9.972086790000000000e+08
5.626591512436464654e+03 1.905591208000000000e+09
5.629335550580964082e+03 7.066565440000000000e+08
5.628889288887956354e+03 2.163651670000000000e+09
5.650789970213618290e+03 5.878208010000000000e+08
5.668949309138915851e+03 3.148555480000000000e+09
5.647037044258273454e+03 1.476345473000000000e+09
5.642451626966202639e+03 2.848007098000000000e+09
5.646685938006648939e+03 2.083703530000000000e+08
5.613695412995121842e+03 6.511824590000000000e+08
5.664195771410985799e+03 2.117424276000000000e+09
5.620306518941679315e+03 1.241506466000000000e+09
5.633357481487000769e+03 2.888420307000000000e+09
5.645529812664080964e+03 4.016372656000000000e+09
5.640749523649215007e+03 4.002061959000000000e+09
5.629561857937842433e+03 3.081302967000000000e+09
5.644768523237682530e+03 3.236206540000000000e+08
5.672373693899153295e+03 9.412336300000000000e+07
5.624903906475921758e+03 4.878371090000000000e+08
5.629806067210116453e+03 3.366455541000000000e+09
5.627331103590023304e+03 2.750508797000000000e+09
5.620754056734492224e+03 2.380614073000000000e+09
5.655334115565113279e+03 9.417723440000000000e+08
5.613718420953034183e+03 3.153143922000000000e+09
5.615139104045010754e+03 2.708303424000000000e+09
5.631267950124948584e+03 1.091495317000000000e+09
5.616968652930790995e+03 3.817470886000000000e+09
5.570234575083060918e+03 3.202559300000000000e+08
5.634643535622229138e+03 4.094868031000000000e+09
5.640814024938648799e+03 3.086463612000000000e+09
5.624137906708651826e+03 1.697204473000000000e+09
5.654489219082829550e+03 2.334449361000000000e+09
5.628597520156783503e+03 1.485007384000000000e+09
5.651558958953286492e+03 4.241270938000000000e+09
5.637123411200303053e+03 2.782213061000000000e+09
5.658700296774195522e+03 2.683878046000000000e+09
5.646533679821437545e+03 1.680955472000000000e+09
5.661239093190959466e+03 1.691564223000000000e+09
5.627434588261068711e+03 2.088620216000000000e+09
5.686628062111294639e+03 3.414751880000000000e+09
5.639458088345275428e+03 2.911067879000000000e+09
5.643691273845878641e+03 3.363547679000000000e+09
5.663863563534683635e+03 3.908464176000000000e+09
5.651416894618382685e+03 3.829686380000000000e+09
5.622011085777820881e+03 2.954547924000000000e+09
5.616134211328552738e+03 2.577700913000000000e+09
5.635893406695118756e+03 2.635100697000000000e+09
5.657773988904330508e+03 2.448854120000000000e+08
5.637236797389043204e+03 3.298156100000000000e+07
5.625851896672079420e+03 1.475013932000000000e+09
5.640345394495275286e+03 3.001845503000000000e+09
5.638925201721543999e+03 2.108903240000000000e+08
5.614942214987526313e+03 3.197209514000000000e+09
5.643860015970757559e+03 2.438601461000000000e+09
5.582358852173589185e+03 3.326486263000000000e+09
5.613135817624197443e+03 1.566573251000000000e+09
5.650460247161359803e+03 2.753911709000000000e+09
5.613565217784447668e+03 2.821466211000000000e+09
5.628639456294808951e+03 4.076982902000000000e+09
5.655901201160483652e+03 1.331807447000000000e+09
5.646226823854759459e+03 3.550246603000000000e+09
5.643569358396214739e+03 2.630577854000000000e+09
5.667826216729203225e+03 3.883451341000000000e+09
5.664309810140466652e+03 2.937180559000000000e+09
5.598250761488458920e+03 1.388516020000000000e+09
5.644885251282974423e+03 2.456211694000000000e+09
5.644956297961577548e+03 3.465966450000000000e+09
5.629046547205272873e+03 1.289124770000000000e+09
5.668005893109994759e+03 3.117078390000000000e+08
5.610197627773768545e+03 2.920138900000000000e+08
5.660951642634160635e+03 1.649443390000000000e+09
5.654557962877561295e+03 2.427087610000000000e+08
5.613771546618956563e+03 1.147661917000000000e+09
5.614522792588958509e+03 8.230136770000000000e+08
5.662730660071860257e+03 1.626022646000000000e+09
5.616610436824625140e+03 2.972656301000000000e+09
5.645351125169750958e+03 2.291001781000000000e+09
5.640038028245474379e+03 5.493588290000000000e+08
5.655918458803882459e+03 1.933775250000000000e+09
5.623016943515285675e+03 2.653962771000000000e+09
5.641317643685756593e+03 2.543190677000000000e+09
5.663446506442296595e+03 9.058066960000000000e+08
5.614446450470035415e+03 2.812604739000000000e+09
5.631908527320935718e+03 2.819615323000000000e+09
5.643172823050187617e+03 1.295735784000000000e+09
5.666673259792429235e+03 1.769358132000000000e+09
5.639444067896467459e+03 4.108861926000000000e+09
5.634393112738134732e+03 3.118188241000000000e+09
5.676103158723042725e+03 2.593653230000000000e+08
5.640210808401349823e+03 3.195375343000000000e+09
5.653013068023530650e+03 3.382629709000000000e+09
5.625907716247939788e+03 9.664511710000000000e+08
5.597857121832988014e+03 1.037298858000000000e+09
5.631380985965460241e+03 6.127598400000000000e+07
5.640043426488075056e+03 2.484535982000000000e+09
5.602820075020174045e+03 1.111402419000000000e+09
5.660823414850481640e+03 2.771768851000000000e+09
5.633016593414824456e+03 1.687817460000000000e+09
5.624920848685874262e+03 3.998092195000000000e+09
5.633601493313012725e+03 2.882973711000000000e+09
5.671921978318239780e+03 1.565934055000000000e+09
5.649708862197754570e+03 2.423305891000000000e+09
5.627323593888048890e+03 2.802401736000000000e+09
5.612398207609866404e+03 1.906762793000000000e+09
5.653994063797548733e+03 3.112160127000000000e+09
5.656069732832258524e+03 7.522137490000000000e+08
5.608712760530013838e+03 8.996602110000000000e+08
5.660891094836898446e+03 2.527037685000000000e+09
5.635285202531904361e+03 4.004604367000000000e+09
5.655289163442408608e+03 1.561673247000000000e+09
5.609320606397867778e+03 1.452889647000000000e+09
5.651341863325111262e+03 1.879251584000000000e+09
5.654999707357890657e+03 3.295653634000000000e+09
5.664458021797098809e+03 2.973541022000000000e+09
5.619962319334246786e+03 2.083147146000000000e+09
5.658357644092530791e+03 2.300792700000000000e+08
5.650402199886590097e+03 1.497507907000000000e+09
5.678812389256241659e+03 1.746496004000000000e+09
5.620145452045791899e+03 3.036777578000000000e+09
5.630737319612258943e+03 2.953677129000000000e+09
5.630697041627427097e+03 4.128295070000000000e+09
5.679807974386598289e+03 1.266116515000000000e+09
5.661161650674637713e+03 3.175859291000000000e+09
5.635690782822217443e+03 1.086771558000000000e+09
5.658434951496807116e+03 2.116049052000000000e+09
5.671501827375135690e+03 1.907486673000000000e+09
5.631303509335511080e+03 3.188430978000000000e+09
5.627073545352443034e+03 3.051835400000000000e+09
5.668654477876353667e+03 1.290880655000000000e+09
5.642045761195258819e+03 2.235886884000000000e+09
5.639000990236811049e+03 8.658691190000000000e+08
5.645390051583905915e+03 2.550618501000000000e+09
5.660646055189621620e+03 2.620676651000000000e+09
5.636336644236649590e+03 2.364736394000000000e+09
5.664378822738725830e+03 8.186292070000000000e+08
5.635985567036470457e+03 3.949545170000000000e+08
5.652887964073618605e+03 3.507995254000000000e+09
5.669232818407926970e+03 1.574544909000000000e+09
5.648971725432431413e+03 2.765709715000000000e+09
5.631769812570648355e+03 1.274985458000000000e+09
5.653566431513989301e+03 4.228709623000000000e+09
5.649742743026229618e+03 3.988083843000000000e+09
5.638326656996147904e+03 2.032599634000000000e+09
5.651780669641672830e+03 2.426223169000000000e+09
5.657936643274716516e+03 2.923897143000000000e+09
5.668171261782717011e+03 1.745043900000000000e+08
5.635788789452214587e+03 4.189551438000000000e+09
5.630657560052079134e+03 2.331399590000000000e+08
5.628000448358427093e+03 2.036387462000000000e+09
5.628773613531409865e+03 2.869867372000000000e+09
5.630881287511154369e+03 1.301746689000000000e+09
5.634589912331957748e+03 1.725286303000000000e+09
5.635108847678624443e+03 3.923826085000000000e+09
5.642422136010483882e+03 3.677813622000000000e+09
5.632654592099837828e+03 6.990583730000000000e+08
5.653247364060709515e+03 3.279035911000000000e+09
5.610383648990437905e+03 1.198261032000000000e+09
5.637415891484906751e+03 3.276196886000000000e+09
5.638110955434203788e+03 4.065653759000000000e+09
5.630295779267537910e+03 1.158768134000000000e+09
5.643753607184572502e+03 3.876096216000000000e+09
5.625162336588566177e+03 4.408595910000000000e+08
5.645467917842526731e+03 9.631664050000000000e+08
5.654870949319795727e+03 1.157173105000000000e+09
5.600623810147331824e+03 8.637318450000000000e+08
5.683953496047290173e+03 7.791088450000000000e+08
5.633310674042502797e+03 2.242484371000000000e+09
5.622008348803728950e+03 3.240891746000000000e+09
5.625124236034187561e+03 5.609869500000000000e+07
5.638855778279311380e+03 8.561644560000000000e+08
5.645204553148925697e+03 1.010346852000000000e+09
5.604659615252148797e+03 9.567253490000000000e+08
5.666085657044806794e+03 2.876419082000000000e+09
5.649751774007192580e+03 3.613685743000000000e+09
5.630112792747702770e+03 1.223111514000000000e+09
5.663012096466871299e+03 1.555066282000000000e+09
5.637345168695059328e+03 3.010804377000000000e+09
5.634302172697518472e+03 2.644518434000000000e+09
5.649506358252451719e+03 1.664631020000000000e+08
5.637088142946151493e+03 1.608035840000000000e+08
5.648335568357048032e+03 1.394194364000000000e+09
5.644918906911640079e+03 4.007856651000000000e+09
5.645676044403007836e+03 1.946528090000000000e+08
5.634461001074663727e+03 2.451313566000000000e+09
5.643464047526897048e+03 1.985483020000000000e+08
5.634578633162606820e+03 4.085506093000000000e+09
5.636054635270465951e+03 9.392285740000000000e+08
5.646226295648335508e+03 1.030013694000000000e+09
5.665591413439497046e+03 2.441982847000000000e+09
5.642546134728124343e+03 4.178023830000000000e+08
5.656213952487896677e+03 1.344284275000000000e+09
5.622293685056783943e+03 2.294248475000000000e+09
5.648720709226668987e+03 2.782508661000000000e+09
5.640716899747858406e+03 3.032661702000000000e+09
5.650986652014668834e+03 3.548759862000000000e+09
5.654784582804693855e+03 1.379896938000000000e+09
5.639137073963171133e+03 2.512470441000000000e+09
5.639878508794876325e+03 8.265363170000000000e+08
5.658465028475127838e+03 4.057843853000000000e+09
5.641927071458104365e+03 1.230219372000000000e+09
5.661230300227608495e+03 5.285986380000000000e+08
5.650212538589964424e+03 2.392825662000000000e+09
5.633618945884787536e+03 3.479200303000000000e+09
5.589951154932799909e+03 3.146592450000000000e+09
5.623669207875307620e+03 4.179748690000000000e+08
5.638952788804999727e+03 3.566469510000000000e+08
5.662008823957639834e+03 4.248625769000000000e+09
5.620187509397803296e+03 1.701269854000000000e+09
5.628544006980439917e+03 1.699524608000000000e+09
5.619647243161260121e+03 1.332628232000000000e+09
5.663033134601580969e+03 6.198253550000000000e+08
5.637283035393198588e+03 1.750254562000000000e+09
5.614790460247760166e+03 3.961532274000000000e+09
5.664092821725704198e+03 2.456275741000000000e+09
5.642739983605823909e+03 1.022221674000000000e+09
5.656967462170005092e+03 1.263245614000000000e+09
5.643543553961775615e+03 2.316058255000000000e+09
5.609004860242932409e+03 3.939424090000000000e+09
5.663085948614478184e+03 3.803364685000000000e+09
5.650335612560579648e+03 3.262663742000000000e+09
5.648741033302010692e+03 3.622812415000000000e+09
5.649218171015098051e+03 2.034912310000000000e+08
5.643272289086282399e+03 2.539553521000000000e+09
5.647643307978527446e+03 4.171087493000000000e+09
5.660771375937960329e+03 3.960507750000000000e+09
5.662955732738158076e+03 5.055500480000000000e+08
5.618457481926030596e+03 4.588853080000000000e+08
5.640797579524032699e+03 3.580245237000000000e+09
5.639765804376702363e+03 2.622620642000000000e+09
5.630671345166387255e+03 2.715180984000000000e+09
5.672352265331388480e+03 2.372165103000000000e+09
5.663230406366170428e+03 5.427398030000000000e+08
5.648315228057730565e+03 2.953322209000000000e+09
5.646609887292868734e+03 1.378220553000000000e+09
5.629522938500720556e+03 1.682526610000000000e+08
5.623631271510261286e+03 2.803817752000000000e+09
5.627351153421119307e+03 2.397096134000000000e+09
5.641595396320196414e+03 4.212281148000000000e+09
5.669543413201214207e+03 2.088692171000000000e+09
5.653509603514157789e+03 1.797594113000000000e+09
5.628942864369659219e+03 4.170196804000000000e+09
5.644643373226058429e+03 4.238684100000000000e+07
5.588225375568686104e+03 2.623522601000000000e+09
5.650693111848040644e+03 2.736986210000000000e+08
5.622482182268899123e+03 6.840105200000000000e+07
5.626296325182639521e+03 2.502395610000000000e+09
5.672531660792297771e+03 3.148780212000000000e+09
5.642532148310312550e+03 3.671978571000000000e+09
5.672865956024698789e+03 3.843508803000000000e+09
5.624879500315415498e+03 2.903926695000000000e+09
5.654231083093963207e+03 9.843836640000000000e+08
5.652634769592891644e+03 1.916355346000000000e+09
5.654780205557955014e+03 2.873448839000000000e+09
5.650100541857312237e+03 3.158089683000000000e+09
5.653473576790287552e+03 4.332929390000000000e+08
5.618580373359967780e+03 4.048750106000000000e+09
5.619710438052199606e+03 2.200835096000000000e+09
5.611053808333834240e+03 1.010734844000000000e+09
5.660857385554351822e+03 2.903419760000000000e+09
5.631554643545637191e+03 1.290724648000000000e+09
5.647508228076114392e+03 3.455313855000000000e+09
5.646838526074455331e+03 2.765929149000000000e+09
5.646044498358742203e+03 4.135611680000000000e+09
5.653082581984408534e+03 3.071645522000000000e+09
5.670136674476944791e+03 3.125259221000000000e+09
5.610175002489415419e+03 3.762414286000000000e+09
5.666737964877550439e+03 3.726341864000000000e+09
5.641285983823647257e+03 2.838727519000000000e+09
5.635901262956595019e+03 1.965163040000000000e+08
5.651704091118919678e+03 4.945144740000000000e+08
5.621454750101249374e+03 2.026839661000000000e+09
5.602870285921138020e+03 2.712556213000000000e+09
5.612964291776701430e+03 2.971947575000000000e+09
5.627853215325782003e+03 3.544978606000000000e+09
5.645259063429927664e+03 3.902859946000000000e+09
5.639446964394078350e+03 1.722321172000000000e+09
5.624127103857626935e+03 3.306500308000000000e+09
5.632101902340855304e+03 3.456361420000000000e+08
5.656145131185925493e+03 2.840499449000000000e+09
5.653220927026131903e+03 2.699620242000000000e+09
5.655045766535837174e+03 3.958956846000000000e+09
5.643024297206968185e+03 3.065256658000000000e+09
5.641244080978143757e+03 2.609888271000000000e+09
5.609329318626064378e+03 8.449204740000000000e+08
5.626428305979916331e+03 3.983462752000000000e+09
5.648650504721939797e+03 3.701480788000000000e+09
5.627144493274450724e+03 4.522968440000000000e+08
5.629140268168083821e+03 2.422565140000000000e+08
5.650491388576561803e+03 3.932496124000000000e+09
5.651719355270510277e+03 5.603370070000000000e+08
5.641437232670344201e+03 1.274033291000000000e+09
5.669201266460469014e+03 2.875213016000000000e+09
5.668919038286982868e+03 3.631436620000000000e+08
5.610294009810919306e+03 2.460824085000000000e+09
5.621867834252016110e+03 3.349492385000000000e+09
5.667753450235133641e+03 5.770902880000000000e+08
5.646342557386044973e+03 3.573526119000000000e+09
5.639173154869018617e+03 5.556663820000000000e+08
5.659802311269831080e+03 1.933349782000000000e+09
5.636035976962076347e+03 1.426673837000000000e+09
5.669598005383782947e+03 1.888636000000000000e+09
5.686565076034012236e+03 2.402400090000000000e+09
5.647746295886438020e+03 2.755953012000000000e+09
5.651066587941017133e+03 3.113769610000000000e+08
5.663573816725865981e+03 1.376453983000000000e+09
5.620876369712686937e+03 1.004768808000000000e+09
5.635425431661870789e+03 8.443065500000000000e+08
5.620700435984788783e+03 4.224829153000000000e+09
5.590208046547111735e+03 3.341956007000000000e+09
