# Lens_likelihood 	 seed
5.609297305905668509e+03 3.807991664000000000e+09
5.593918373100626923e+03 2.175963262000000000e+09
5.656197308513484131e+03 1.129031831000000000e+09
5.617204193684759957e+03 2.848166725000000000e+09
5.587008553104953535e+03 8.115831950000000000e+08
5.595960670885283434e+03 3.269859231000000000e+09
5.577849089077581084e+03 1.215000924000000000e+09
5.588245754334183403e+03 3.295209374000000000e+09
5.621985292229789593e+03 3.440036950000000000e+08
5.621317188863547017e+03 3.634196317000000000e+09
5.591466598678382070e+03 3.179697200000000000e+09
5.633839422222932626e+03 2.389284731000000000e+09
5.617086084553835462e+03 1.140214134000000000e+09
5.675345264290604064e+03 2.942081716000000000e+09
5.618511510691912918e+03 4.704219920000000000e+08
5.593288359695403415e+03 3.545566615000000000e+09
5.614447923036013890e+03 2.339244560000000000e+08
5.647412050817978525e+03 5.939165350000000000e+08
5.583141585249960372e+03 9.318958670000000000e+08
5.608577243758640179e+03 1.708136368000000000e+09
5.613347415924247798e+03 1.078429248000000000e+09
5.568799619461193288e+03 4.018121889000000000e+09
5.629972412007788080e+03 1.931871055000000000e+09
5.624422607295057787e+03 3.121925329000000000e+09
5.622838226726608809e+03 3.008867040000000000e+09
5.623714908061614551e+03 2.473821670000000000e+09
5.613820585204697636e+03 1.300660584000000000e+09
5.588520768582454366e+03 1.402664351000000000e+09
5.608048790386579640e+03 1.803167098000000000e+09
5.598302764689953619e+03 3.302684567000000000e+09
5.576941894221652547e+03 3.569365740000000000e+08
5.582801802046330522e+03 2.864700220000000000e+09
5.573872144172772096e+03 2.912140960000000000e+08
5.632462585270872296e+03 2.023034222000000000e+09
5.606975728928448007e+03 3.754721993000000000e+09
5.622766102575860714e+03 9.057224830000000000e+08
5.609215582268021535e+03 4.096113231000000000e+09
5.606669091579247834e+03 4.179050649000000000e+09
5.596653256836056244e+03 3.985637591000000000e+09
5.565373540304794915e+03 3.134023877000000000e+09
5.581457547631860507e+03 2.069153373000000000e+09
5.618458657089297958e+03 2.723540016000000000e+09
5.618985471451238482e+03 2.127934317000000000e+09
5.630568468480787487e+03 7.644966930000000000e+08
5.642862266020715651e+03 4.197320490000000000e+09
5.628432974532567641e+03 1.384841426000000000e+09
5.605395842703052949e+03 4.075827327000000000e+09
5.584498556706294039e+03 9.497918000000000000e+07
5.606498443365138883e+03 3.715464064000000000e+09
5.615467178952730137e+03 2.902492625000000000e+09
5.582247747321550378e+03 2.091203172000000000e+09
5.595812369212371777e+03 1.660049564000000000e+09
5.579043141473218384e+03 6.101466720000000000e+08
5.612238244147909427e+03 3.282384131000000000e+09
5.638999609041371514e+03 3.516484725000000000e+09
5.563039543858037177e+03 3.624198421000000000e+09
5.609697754961700412e+03 3.697088933000000000e+09
5.620781162403942290e+03 3.867349200000000000e+09
5.628906752303215399e+03 2.773955749000000000e+09
5.596090740896139323e+03 4.128743892000000000e+09
5.625865585117757291e+03 1.665626132000000000e+09
5.628485365210020973e+03 1.944216959000000000e+09
5.584386940512736146e+03 3.217592000000000000e+07
5.610911993099505708e+03 9.720896290000000000e+08
5.641860835862458771e+03 2.677529613000000000e+09
5.614418976969596770e+03 3.855633260000000000e+09
5.688115344983813884e+03 1.863644432000000000e+09
5.619095402581182498e+03 1.081339048000000000e+09
5.617426877016302569e+03 2.004549994000000000e+09
5.635216967573813236e+03 2.979383301000000000e+09
5.617644011085073544e+03 1.606994300000000000e+07
5.597482958124669494e+03 3.546082581000000000e+09
5.640128042239861315e+03 2.249511196000000000e+09
5.596219552976698651e+03 3.757802640000000000e+09
5.615962595895851337e+03 2.128618941000000000e+09
5.645184429839198856e+03 3.890181834000000000e+09
5.580270642963709179e+03 3.689423920000000000e+09
5.627810061471854169e+03 3.255612997000000000e+09
5.613113376380787486e+03 3.751884201000000000e+09
5.623755505714379979e+03 1.346548917000000000e+09
5.637180017836890329e+03 2.555371994000000000e+09
5.539143013056761447e+03 3.055884339000000000e+09
5.588798317457829398e+03 3.751830504000000000e+09
5.624186378051464999e+03 1.202879985000000000e+09
5.608809819607604368e+03 2.292079821000000000e+09
5.631228081246476904e+03 3.542047882000000000e+09
5.612914207522118886e+03 1.995680908000000000e+09
5.628531914062375108e+03 3.528119332000000000e+09
5.554253779860951909e+03 9.387917190000000000e+08
5.632917104273078621e+03 3.752621409000000000e+09
5.599135237914289064e+03 1.815016173000000000e+09
5.569240873774886495e+03 1.092254917000000000e+09
5.603135301204284588e+03 5.457286140000000000e+08
5.621403988891587687e+03 4.288809277000000000e+09
5.634933493094980804e+03 2.712371821000000000e+09
5.618417151353440204e+03 2.568442153000000000e+09
5.668274026349846281e+03 2.598915390000000000e+08
5.618149658683522830e+03 1.689168226000000000e+09
5.606966187910791632e+03 1.236253060000000000e+08
5.604424866192645823e+03 3.947736700000000000e+07
5.598541200871587534e+03 1.322947842000000000e+09
5.599305482904349446e+03 6.329719420000000000e+08
5.631317161545968702e+03 4.170256580000000000e+08
5.648529082001670758e+03 2.871907299000000000e+09
5.609202107269498811e+03 3.994097190000000000e+08
5.598639694137189508e+03 7.579813180000000000e+08
5.565895972216896553e+03 2.758487532000000000e+09
5.583181253494110024e+03 1.682396700000000000e+08
5.614754258541173840e+03 1.671620648000000000e+09
5.597543279300522954e+03 2.874936454000000000e+09
5.618454238975059525e+03 3.793448416000000000e+09
5.651134457027532335e+03 1.845201042000000000e+09
5.623448223459952715e+03 1.867866798000000000e+09
5.574949436891743062e+03 3.367634920000000000e+09
5.597461419147476590e+03 9.378493970000000000e+08
5.630125491477065225e+03 1.317695525000000000e+09
5.647968226881494957e+03 1.360376910000000000e+08
5.595113031935488834e+03 3.230569005000000000e+09
5.632585331888247310e+03 2.766322448000000000e+09
5.614714426238610031e+03 4.252360330000000000e+09
5.614994830971379997e+03 2.907295878000000000e+09
5.574493548215794362e+03 3.262101301000000000e+09
5.624240525447648906e+03 4.020560767000000000e+09
5.619087767744890698e+03 2.784842917000000000e+09
5.614637070146367478e+03 3.343173386000000000e+09
5.596109335194740197e+03 3.412957805000000000e+09
5.580554916185670663e+03 2.681696507000000000e+09
5.676298943254753794e+03 3.014607989000000000e+09
5.577494820172250911e+03 5.066199880000000000e+08
5.611353364471186069e+03 2.168908430000000000e+08
5.628809002086814871e+03 2.157106548000000000e+09
5.601994675554102287e+03 2.044236671000000000e+09
5.626596921179528181e+03 2.344377926000000000e+09
5.629927299959574157e+03 6.163122810000000000e+08
5.623201272634327324e+03 3.196531859000000000e+09
5.627770297727352954e+03 1.907906292000000000e+09
5.625909748390842651e+03 1.592299213000000000e+09
5.554691574630345713e+03 2.727539844000000000e+09
5.661797643588168285e+03 1.687387003000000000e+09
5.661720311149938425e+03 2.722834030000000000e+09
5.600407216878887084e+03 3.906762767000000000e+09
5.574532337338336220e+03 2.771895644000000000e+09
5.652226248153889173e+03 3.491687060000000000e+08
5.655689816240163054e+03 2.078748263000000000e+09
5.619231636682173303e+03 3.864321584000000000e+09
5.636528609150300326e+03 4.246108988000000000e+09
5.623218489707511253e+03 2.706222308000000000e+09
5.629066191188915582e+03 1.323264113000000000e+09
5.625371645042154341e+03 8.520605410000000000e+08
5.564001866976683232e+03 1.751779728000000000e+09
5.609809837678766598e+03 2.541249660000000000e+08
5.658116849913390979e+03 1.730073681000000000e+09
5.605594626490368682e+03 3.461109417000000000e+09
5.600463404408008500e+03 3.314585448000000000e+09
5.586373546451888615e+03 2.023824676000000000e+09
5.639280614834926382e+03 3.202241003000000000e+09
5.629621172812865552e+03 4.000683586000000000e+09
5.574967702326704966e+03 1.104559778000000000e+09
5.590212594451911173e+03 4.215524088000000000e+09
5.558940443807124211e+03 2.736383054000000000e+09
5.612267801134000365e+03 2.944884690000000000e+08
5.555775382550217728e+03 4.889653910000000000e+08
5.630780958679446485e+03 2.266868659000000000e+09
5.673671384074262278e+03 3.139992865000000000e+09
5.625965678025059788e+03 2.838857870000000000e+08
5.641380461772203489e+03 2.026342165000000000e+09
5.603175724714585158e+03 1.191393245000000000e+09
5.613741357922242059e+03 2.298032511000000000e+09
5.643515944099279295e+03 3.970718980000000000e+08
5.642668051577510596e+03 3.300501695000000000e+09
5.611382731193196378e+03 3.387197898000000000e+09
5.603150525417210702e+03 2.899812669000000000e+09
5.591551480704729329e+03 3.713561947000000000e+09
5.616796116224636535e+03 3.667352238000000000e+09
5.595545548617001259e+03 1.912614299000000000e+09
5.668368458303686566e+03 3.189786035000000000e+09
5.603747936328440119e+03 2.463650877000000000e+09
5.617305674841027212e+03 3.586262132000000000e+09
5.654909127644768887e+03 2.651151536000000000e+09
5.628619377825662013e+03 9.671568900000000000e+08
5.607922398630212228e+03 2.891077096000000000e+09
5.615288370809288608e+03 2.584908576000000000e+09
5.659551582609563411e+03 3.491061942000000000e+09
5.628925675347054494e+03 3.563779180000000000e+09
5.614215270403877184e+03 3.341654138000000000e+09
5.640602035026890007e+03 1.434372992000000000e+09
5.611344398363447908e+03 2.231377846000000000e+09
5.652875242115745095e+03 3.112206127000000000e+09
5.589346834128265982e+03 1.900083221000000000e+09
5.614260301817058462e+03 3.683924658000000000e+09
5.552974805861757886e+03 3.114522111000000000e+09
5.595529223454520434e+03 1.335654678000000000e+09
5.634832037204595508e+03 3.033108459000000000e+09
5.584509490737157648e+03 2.801386735000000000e+09
5.609839209724328612e+03 3.147323321000000000e+09
5.662514853990103802e+03 2.770244424000000000e+09
5.582926577622207333e+03 3.332014502000000000e+09
5.634074489844380878e+03 1.685233586000000000e+09
5.630638362597042942e+03 2.076198454000000000e+09
5.664041918807325601e+03 1.381357528000000000e+09
5.660553248761063514e+03 1.820496557000000000e+09
5.579228376708045289e+03 1.651170150000000000e+09
5.604314403600072183e+03 2.631090280000000000e+08
5.605256261328322580e+03 3.980078510000000000e+09
5.615644088952842139e+03 3.383245962000000000e+09
5.643006093027675888e+03 4.049275900000000000e+07
5.580915071411678582e+03 3.941014284000000000e+09
5.644515119744504773e+03 9.608980630000000000e+08
5.554372092347765829e+03 3.899280074000000000e+09
5.615886238647927712e+03 1.686811709000000000e+09
5.606088700121239526e+03 2.928290489000000000e+09
5.656273478182691179e+03 3.886619805000000000e+09
5.618314669296459215e+03 3.078232340000000000e+08
5.602871331805571572e+03 3.883367287000000000e+09
5.594753464723034995e+03 1.898592973000000000e+09
5.596783898766219863e+03 2.518458923000000000e+09
5.606427862324278976e+03 1.534049585000000000e+09
5.615206365837162593e+03 1.997838196000000000e+09
5.600309356094136092e+03 1.116150466000000000e+09
5.572541257282571678e+03 1.266745670000000000e+08
5.608124465086410964e+03 4.163428757000000000e+09
5.557879438030594429e+03 1.582992526000000000e+09
5.568128421685525609e+03 2.754422669000000000e+09
5.625782083359821627e+03 2.476194753000000000e+09
5.584514349859281538e+03 1.570547597000000000e+09
5.640692463743167536e+03 1.712069299000000000e+09
5.665156635209743399e+03 1.610591270000000000e+08
5.624708219385910525e+03 3.463119671000000000e+09
5.641635091260868649e+03 2.327262444000000000e+09
5.648934076108491354e+03 1.617611857000000000e+09
5.628848365617784111e+03 3.543824109000000000e+09
5.639766081425321318e+03 3.964664857000000000e+09
5.619575669616669074e+03 2.131479960000000000e+09
5.677752017554597842e+03 2.701151249000000000e+09
5.582352392866210721e+03 1.110844152000000000e+09
5.585693000999726792e+03 1.519297246000000000e+09
5.626024542697763536e+03 6.682824890000000000e+08
5.622642700551345115e+03 3.456659214000000000e+09
5.644487521537233988e+03 3.191000934000000000e+09
5.604504569832791276e+03 2.425663220000000000e+08
5.636015595468361425e+03 3.371058750000000000e+09
5.603553175100532826e+03 2.395903625000000000e+09
5.623229749607080521e+03 9.928603900000000000e+07
5.586626975211383069e+03 4.671561410000000000e+08
5.609593878784105073e+03 3.672182436000000000e+09
5.585886081943129284e+03 1.453730609000000000e+09
5.599778749564329701e+03 3.406715854000000000e+09
5.609913675284984492e+03 1.392524270000000000e+08
5.617058309948397437e+03 2.158635385000000000e+09
5.641515191125870842e+03 1.231679140000000000e+09
5.625154287917767761e+03 7.791197530000000000e+08
5.619199865073616820e+03 6.299550490000000000e+08
5.527188268700253502e+03 2.136983187000000000e+09
5.580179675555623362e+03 9.376078320000000000e+08
5.596143259504136950e+03 2.871245368000000000e+09
5.591597330079873245e+03 3.514840829000000000e+09
5.618439819949103367e+03 2.067655386000000000e+09
5.624905749011811167e+03 1.927122202000000000e+09
5.616268565698568636e+03 7.093151090000000000e+08
5.557282043872116446e+03 3.579272941000000000e+09
5.595984326045316266e+03 5.738020740000000000e+08
5.632899490873718605e+03 1.601905148000000000e+09
5.671081607611700747e+03 1.754186903000000000e+09
5.630474293753201891e+03 2.807646751000000000e+09
5.637627641063038936e+03 2.525329789000000000e+09
5.646730748523275906e+03 3.547770090000000000e+08
5.632062788325378278e+03 2.129396200000000000e+08
5.628916113734653663e+03 4.137516372000000000e+09
5.638424225138341171e+03 3.209403119000000000e+09
5.609207214508362085e+03 2.819794325000000000e+09
5.659809140669060071e+03 1.450091090000000000e+08
5.584446279095712271e+03 3.670362354000000000e+09
5.580843144494189801e+03 1.881458671000000000e+09
5.613992975559560364e+03 2.214301898000000000e+09
5.649305250137777875e+03 3.228760854000000000e+09
5.629717090895076581e+03 3.831947120000000000e+08
5.646424781292012085e+03 1.838425050000000000e+09
5.606707713507830704e+03 1.136344252000000000e+09
5.597509293563372921e+03 3.214002761000000000e+09
5.613207324552394311e+03 1.023185819000000000e+09
5.623668359582589801e+03 6.136570050000000000e+08
5.595921293722332848e+03 3.754565961000000000e+09
5.615741037049374427e+03 1.655858927000000000e+09
5.590512307178913034e+03 3.329305080000000000e+09
5.647377447706758176e+03 3.881039674000000000e+09
5.650073557155720664e+03 8.270494280000000000e+08
5.568448260420243059e+03 6.163193100000000000e+07
5.625407911684915234e+03 2.822824757000000000e+09
5.652569248789847734e+03 4.065320935000000000e+09
5.627251998809369070e+03 1.183815760000000000e+08
5.584753293493385172e+03 1.286186158000000000e+09
5.574833985810610102e+03 2.823598320000000000e+09
5.586548400466099338e+03 1.479715152000000000e+09
5.643684511893613490e+03 2.531338052000000000e+09
5.616632102319425940e+03 2.631685170000000000e+08
5.599163098160560367e+03 1.115322410000000000e+08
5.598705036820205351e+03 3.418131551000000000e+09
5.615978445572867713e+03 1.552047210000000000e+09
5.632457810005510510e+03 3.654059083000000000e+09
5.644964617448404169e+03 2.875929486000000000e+09
5.604310117536641883e+03 1.019589796000000000e+09
5.604099147851666203e+03 1.528101649000000000e+09
5.612073782626975117e+03 1.575414090000000000e+08
5.659645593295046638e+03 3.467647918000000000e+09
5.644023305431477638e+03 8.302892700000000000e+07
5.632669828711663286e+03 3.429083655000000000e+09
5.613197106314346456e+03 1.207808666000000000e+09
5.589327587087482243e+03 2.569251972000000000e+09
5.678092895014113310e+03 1.028297011000000000e+09
5.634795559641237560e+03 2.164603560000000000e+09
5.612017919369603078e+03 2.540846380000000000e+09
5.634333993888209079e+03 3.605384498000000000e+09
5.609128654056797131e+03 4.145944212000000000e+09
5.609408197233352439e+03 2.777858151000000000e+09
5.618338028690803185e+03 3.608832104000000000e+09
5.608069545060820019e+03 3.033732820000000000e+09
5.614217732677101594e+03 2.715544000000000000e+07
5.592792442237678188e+03 4.236540296000000000e+09
5.629595894193287677e+03 5.473975430000000000e+08
5.614341468315656130e+03 5.189388020000000000e+08
5.606207673685239570e+03 4.092496757000000000e+09
5.634431762362635709e+03 3.448118267000000000e+09
5.590783915286310730e+03 2.509415611000000000e+09
5.619964413026003967e+03 3.984439892000000000e+09
5.609092589812287770e+03 2.214380308000000000e+09
5.624653664698762441e+03 7.515302490000000000e+08
5.585909879390110291e+03 2.913292382000000000e+09
5.612645229998734067e+03 4.185545395000000000e+09
5.597468402864062227e+03 1.211545809000000000e+09
5.588073285016483169e+03 2.327880826000000000e+09
5.651404180533807448e+03 1.100576499000000000e+09
5.626676681073473446e+03 2.756772284000000000e+09
5.609941807463048463e+03 4.102083771000000000e+09
5.643411526844042783e+03 1.778395520000000000e+09
5.618950396608064693e+03 2.250487751000000000e+09
5.549457578815750821e+03 8.477675640000000000e+08
5.604291568330539121e+03 3.284230341000000000e+09
5.607677878402182614e+03 1.183306584000000000e+09
5.592783459967065937e+03 1.172090660000000000e+09
5.652616310701534530e+03 3.170232079000000000e+09
5.606997152356687366e+03 6.349406180000000000e+08
5.632764932985935957e+03 3.619065791000000000e+09
5.593717380113846957e+03 2.023122890000000000e+08
5.651842663025116053e+03 3.842211610000000000e+09
5.614589721191704484e+03 2.814914060000000000e+09
5.609566544335154504e+03 9.318840450000000000e+08
5.611090494152384963e+03 7.232238640000000000e+08
5.543672007042085170e+03 3.827701346000000000e+09
5.644205345943668362e+03 3.721731772000000000e+09
5.614751925931594087e+03 3.528849531000000000e+09
