# Lens_likelihood 	 seed
5.470176976875522087e+03 2.931977827000000000e+09
5.482721291994944295e+03 3.437318375000000000e+09
5.527623182159764838e+03 1.991306730000000000e+08
5.504676916580508077e+03 2.817809076000000000e+09
5.495890378458654595e+03 1.604733751000000000e+09
5.539530146655705721e+03 3.370721639000000000e+09
5.565194740737995744e+03 2.982783679000000000e+09
5.509571847597488158e+03 3.666760509000000000e+09
5.494765036033391880e+03 2.689454180000000000e+08
5.507892845282178314e+03 6.875727600000000000e+07
5.429659020210084236e+03 1.383423044000000000e+09
5.541420724599529422e+03 2.905410752000000000e+09
5.478620905660125572e+03 3.653746333000000000e+09
5.480513175539268559e+03 2.812309063000000000e+09
5.532624684893366975e+03 2.902594867000000000e+09
5.494448597448290457e+03 2.094327179000000000e+09
5.491952515239982858e+03 1.959685630000000000e+09
5.553098553101490324e+03 2.309085489000000000e+09
5.553309600574679280e+03 1.624264613000000000e+09
5.492523711681777968e+03 3.087230915000000000e+09
5.514730363958167800e+03 1.630241700000000000e+08
5.522384768879334842e+03 3.312574609000000000e+09
5.522187725630180466e+03 1.813094394000000000e+09
5.537081316104598955e+03 2.253456929000000000e+09
5.555225172917946111e+03 1.367970477000000000e+09
5.499672849989114184e+03 6.469762990000000000e+08
5.415140950966202581e+03 4.000973600000000000e+08
5.495882524059281423e+03 6.321068650000000000e+08
5.528322483646511500e+03 9.876079730000000000e+08
5.523322906106665869e+03 3.555181959000000000e+09
5.530187068914599877e+03 7.818200000000000000e+06
5.486069733393265778e+03 7.729988180000000000e+08
5.508482413527859535e+03 3.238095865000000000e+09
5.466056868351259254e+03 3.185736681000000000e+09
5.452248755190188604e+03 3.671444389000000000e+09
5.504482052747422131e+03 2.983638882000000000e+09
5.514225286041872096e+03 2.178861470000000000e+09
5.574278962648375455e+03 3.389454646000000000e+09
5.356837555656106815e+03 1.063947706000000000e+09
5.533279897910635555e+03 1.738169951000000000e+09
5.412234792409319198e+03 3.184430094000000000e+09
5.536251385002082316e+03 2.637203191000000000e+09
5.509418878893547117e+03 1.146545113000000000e+09
5.496306058246480461e+03 1.501444080000000000e+09
5.469602861862864302e+03 1.224744609000000000e+09
5.539246993680160813e+03 2.674807654000000000e+09
5.512202744655314746e+03 2.523291600000000000e+08
5.481674820745713077e+03 6.263468570000000000e+08
5.515004720901129986e+03 4.068153266000000000e+09
5.462459482236059557e+03 2.584925983000000000e+09
5.519827186087855807e+03 1.641685111000000000e+09
5.512376228576064022e+03 3.912909111000000000e+09
5.540475378351656218e+03 1.427680840000000000e+08
5.510819997904840420e+03 2.875356390000000000e+08
5.481008077407190285e+03 1.628618365000000000e+09
5.531426439225824652e+03 2.151211184000000000e+09
5.484135685088664104e+03 2.907716942000000000e+09
5.485565222206937506e+03 3.366893251000000000e+09
5.463753163086661516e+03 2.251578731000000000e+09
5.503138066239975160e+03 3.185971760000000000e+09
5.486496684995419855e+03 1.903158243000000000e+09
5.525447500988972024e+03 4.144898374000000000e+09
5.521287668720704460e+03 3.434708830000000000e+08
5.476655293434724626e+03 1.559841924000000000e+09
5.459599686258015936e+03 3.377500811000000000e+09
5.506148715136343526e+03 3.235056150000000000e+09
5.496867064758675042e+03 2.197871973000000000e+09
5.522380762192294242e+03 1.851128229000000000e+09
5.531471504530999482e+03 1.609152891000000000e+09
5.409962950864922277e+03 1.588462238000000000e+09
5.467811504474247158e+03 2.155315250000000000e+09
5.489679870677337021e+03 3.112911861000000000e+09
5.574266162940581125e+03 3.641389901000000000e+09
5.498417894714026261e+03 3.300891788000000000e+09
5.525053267142204277e+03 2.380559588000000000e+09
5.487697634205820577e+03 8.954724400000000000e+08
5.457186148364086876e+03 2.598360500000000000e+07
5.526114133592920552e+03 1.226879743000000000e+09
5.540484203101348612e+03 6.054493460000000000e+08
5.445987889429837196e+03 5.795555240000000000e+08
5.486961397951150502e+03 1.654508789000000000e+09
5.549563116223894212e+03 2.878248068000000000e+09
5.527031786991178706e+03 3.338425879000000000e+09
5.470265860648618400e+03 9.699639460000000000e+08
5.536491435948563776e+03 1.411313446000000000e+09
5.520688479935809482e+03 1.609498496000000000e+09
5.519646620040972266e+03 2.070840679000000000e+09
5.539778407008297108e+03 3.288711048000000000e+09
5.470081823998714754e+03 1.209725243000000000e+09
5.544774517266567273e+03 2.725618205000000000e+09
5.482231188105701222e+03 2.625078330000000000e+08
5.525604496027210189e+03 1.504635736000000000e+09
5.517322400911959448e+03 2.132036145000000000e+09
5.430237188699804392e+03 2.810351000000000000e+07
5.504276250307892951e+03 3.839525234000000000e+09
5.463725614840037451e+03 3.074492074000000000e+09
5.509822978166889698e+03 1.058760099000000000e+09
5.447892437421459363e+03 7.284784240000000000e+08
5.484572333487149081e+03 1.797712512000000000e+09
5.507339944994155303e+03 1.146175336000000000e+09
5.464055202864557941e+03 3.899142671000000000e+09
5.531618528805086498e+03 6.509060530000000000e+08
5.508284500889551964e+03 8.470774760000000000e+08
5.493833429030181833e+03 3.837559665000000000e+09
5.525880788161132841e+03 1.780209191000000000e+09
5.544875287012004264e+03 6.281070020000000000e+08
5.532617418388955230e+03 1.210778147000000000e+09
5.585611052439865489e+03 1.046019251000000000e+09
5.502627312651875400e+03 2.799874171000000000e+09
5.537009732669093864e+03 3.786875520000000000e+09
5.471731379116841708e+03 2.504246530000000000e+09
5.529906279120568797e+03 2.219757525000000000e+09
5.517349030739524096e+03 5.932619680000000000e+08
5.425597253484049361e+03 8.758071310000000000e+08
5.447622841924688146e+03 2.493926745000000000e+09
5.471924194826389794e+03 7.599096690000000000e+08
5.471040456902968799e+03 8.997152190000000000e+08
5.478498354437486341e+03 4.478205870000000000e+08
5.534888128297914591e+03 4.273095789000000000e+09
5.353497390847309362e+03 1.673000741000000000e+09
5.482677952821696636e+03 2.648333515000000000e+09
5.502273560558756799e+03 3.517455010000000000e+09
5.521483542296617088e+03 3.732841861000000000e+09
5.504833655553824428e+03 2.124305295000000000e+09
5.467362767143069505e+03 3.670136131000000000e+09
5.494183445956801734e+03 2.822363483000000000e+09
5.445417777181974088e+03 1.620830813000000000e+09
5.508173461626585777e+03 2.261355214000000000e+09
5.511181578676452773e+03 5.324649610000000000e+08
5.535713096878476790e+03 1.144253167000000000e+09
5.431918612891757220e+03 3.892414700000000000e+08
5.420150503605997073e+03 9.244257270000000000e+08
5.544733412717479951e+03 1.949922112000000000e+09
5.514875303112081383e+03 3.941902432000000000e+09
5.507190716832752514e+03 1.935298869000000000e+09
5.468111505591235982e+03 2.994021648000000000e+09
5.381834630220968393e+03 2.624119765000000000e+09
5.547590273679807979e+03 1.282568968000000000e+09
5.479843710938092045e+03 2.247799161000000000e+09
5.446747114131898343e+03 3.792275373000000000e+09
5.490739845341428008e+03 1.948140526000000000e+09
5.486136884078453477e+03 1.352704858000000000e+09
5.620940449821638140e+03 3.281812688000000000e+09
5.499178202835139928e+03 4.166930282000000000e+09
5.530607846392767897e+03 2.546110384000000000e+09
5.409244562494586717e+03 2.986379052000000000e+09
5.505848130659875096e+03 1.319448152000000000e+09
5.499366458320952916e+03 1.640138489000000000e+09
5.494067214905513538e+03 2.052712885000000000e+09
5.515333797138062437e+03 3.609460600000000000e+09
5.556010671345127776e+03 1.054297563000000000e+09
5.589208027626366857e+03 1.696138100000000000e+07
5.519013785364974865e+03 3.016495369000000000e+09
5.509843528116067318e+03 2.907135798000000000e+09
5.545430521995611343e+03 3.018641879000000000e+09
5.630925001562502075e+03 1.548778648000000000e+09
5.529689106659997378e+03 3.965571167000000000e+09
5.502420427760727762e+03 2.612691474000000000e+09
5.508862010732846102e+03 2.417817133000000000e+09
5.524031669683013206e+03 4.841695580000000000e+08
5.538362200152037985e+03 1.081900382000000000e+09
5.542882993246128535e+03 1.637332456000000000e+09
5.417969392542361675e+03 1.451198283000000000e+09
5.496736889719721148e+03 1.023916820000000000e+08
5.402813756319847926e+03 2.087856696000000000e+09
5.533950115996116438e+03 9.395540800000000000e+08
5.453397654655416773e+03 3.588265514000000000e+09
5.537966267463923941e+03 4.153877040000000000e+09
5.507261120849981126e+03 2.396262261000000000e+09
5.512521221139189947e+03 1.281076259000000000e+09
5.484318434307217103e+03 1.885360327000000000e+09
5.497403189636235766e+03 3.433953227000000000e+09
5.578102062596191900e+03 1.791905510000000000e+09
5.576185186497121322e+03 2.496521626000000000e+09
5.596441772865751773e+03 3.056502009000000000e+09
5.492781074217155037e+03 6.138072000000000000e+08
5.445370322357606710e+03 3.841513710000000000e+09
5.577584751356696870e+03 3.634590530000000000e+08
5.464517003998495056e+03 1.055008507000000000e+09
5.514890466676033611e+03 4.115716708000000000e+09
5.503509022478279803e+03 1.751423600000000000e+08
5.495442342087728321e+03 3.366469773000000000e+09
5.520905278991508567e+03 3.889714644000000000e+09
5.468827115091480664e+03 2.871087820000000000e+08
5.504383075111697508e+03 2.076656064000000000e+09
5.525686607937004737e+03 1.658671101000000000e+09
5.560116202707653429e+03 3.405767000000000000e+08
5.509534183144305644e+03 8.280512880000000000e+08
5.490312628886913444e+03 1.239654784000000000e+09
5.473764431427071031e+03 2.669509313000000000e+09
5.528604719029659464e+03 9.370611570000000000e+08
5.515048780759294459e+03 3.824546874000000000e+09
5.516082227511920792e+03 3.715048652000000000e+09
5.565670232320609102e+03 7.722579040000000000e+08
5.531614094111509985e+03 4.058701507000000000e+09
5.530030454477975582e+03 1.283739195000000000e+09
5.507832701912955599e+03 7.589853990000000000e+08
5.421432212448962673e+03 2.250393330000000000e+09
5.533494407946165666e+03 1.694263432000000000e+09
5.519150918622895915e+03 8.497074960000000000e+08
5.482404192344114563e+03 1.472106284000000000e+09
5.582511306381135000e+03 1.708788969000000000e+09
5.458692730304030192e+03 1.169431429000000000e+09
5.507017203500944561e+03 2.377665285000000000e+09
5.506796156838899151e+03 4.053129006000000000e+09
5.436359487610450742e+03 2.672881348000000000e+09
5.461102204574450298e+03 4.161174590000000000e+08
5.435312715773456148e+03 9.865181330000000000e+08
5.533204960156133893e+03 2.963299598000000000e+09
5.508206074199633804e+03 6.287904300000000000e+08
5.499161334553778033e+03 6.968307880000000000e+08
5.519419774227452763e+03 1.783353906000000000e+09
5.544562007564808482e+03 5.339925540000000000e+08
5.450766373951644709e+03 3.130581703000000000e+09
5.487731848372615787e+03 1.430561271000000000e+09
5.478976467187812887e+03 3.388318757000000000e+09
5.514790735965720160e+03 1.972392540000000000e+08
5.509904863466051211e+03 2.283643298000000000e+09
5.541081651951912136e+03 1.958122166000000000e+09
5.549796118216369905e+03 3.083345691000000000e+09
5.484749698430996432e+03 3.744787435000000000e+09
5.535048635110995747e+03 9.954465310000000000e+08
5.534436952778643899e+03 2.287751886000000000e+09
5.506344971153594088e+03 2.187373148000000000e+09
5.527797038529686688e+03 2.095508410000000000e+09
5.452869630837723889e+03 3.168986990000000000e+08
5.531914344788239760e+03 8.832440140000000000e+08
5.544148463385625291e+03 1.282571666000000000e+09
5.523698182609299693e+03 5.542588740000000000e+08
5.518823247168927082e+03 2.149189219000000000e+09
5.504481942302952120e+03 3.852655800000000000e+08
5.511247932797337853e+03 4.810540410000000000e+08
5.448092059141506979e+03 2.339320744000000000e+09
5.549712771645643443e+03 2.320030824000000000e+09
5.496708127888140552e+03 2.089829211000000000e+09
5.511785130733589540e+03 2.945038733000000000e+09
5.398916933745251299e+03 3.197977785000000000e+09
5.543728279058044791e+03 2.285378554000000000e+09
5.517365755434670064e+03 1.630538545000000000e+09
5.522183256432541384e+03 1.653117880000000000e+08
5.495555024427222634e+03 5.663586520000000000e+08
5.524306334490260269e+03 3.738192491000000000e+09
5.427052893659354595e+03 4.164782568000000000e+09
5.409452739971931805e+03 2.278319803000000000e+09
5.530005379410684327e+03 2.128570301000000000e+09
5.498763361764341425e+03 3.191604476000000000e+09
5.518559927439837338e+03 1.672934569000000000e+09
5.512153764497281372e+03 3.827757214000000000e+09
5.502852113076467504e+03 3.451592911000000000e+09
5.518679284280146021e+03 1.917209771000000000e+09
5.538595187030522538e+03 1.213866340000000000e+08
5.450797938094202436e+03 1.828395659000000000e+09
5.518649377533458392e+03 8.429752070000000000e+08
5.483068547675427908e+03 2.309111917000000000e+09
5.507408062338334275e+03 3.017098350000000000e+09
5.533244211094015554e+03 1.249093606000000000e+09
5.507399761205638242e+03 3.548324887000000000e+09
5.497032187234020967e+03 6.685613400000000000e+07
5.486998238397869500e+03 3.829767581000000000e+09
5.546615046426424669e+03 3.445458526000000000e+09
5.524925503830716480e+03 5.340478040000000000e+08
5.539450097573822859e+03 1.361288326000000000e+09
5.481817167495782996e+03 3.174907426000000000e+09
5.488443815650392935e+03 4.190805195000000000e+09
5.502170738814309516e+03 1.745692537000000000e+09
5.507855782081694088e+03 9.788547090000000000e+08
5.513804034468989812e+03 3.830380579000000000e+09
5.515465023495660716e+03 3.755223549000000000e+09
5.504914046890033205e+03 3.146239234000000000e+09
5.501684263679335345e+03 2.160401197000000000e+09
5.523125119702884149e+03 4.262711951000000000e+09
5.539799342186905960e+03 4.149404781000000000e+09
5.504549031041430680e+03 2.753762713000000000e+09
5.566107402954240570e+03 2.516163515000000000e+09
5.545555690038988359e+03 1.188615737000000000e+09
5.526673786571895107e+03 4.267858724000000000e+09
5.504372637817948998e+03 3.687014452000000000e+09
5.522256540232816405e+03 4.144250557000000000e+09
5.523704928910807212e+03 1.126038731000000000e+09
5.563915603341823044e+03 2.448405165000000000e+09
5.550738663057205486e+03 3.724663030000000000e+09
5.500400848305011095e+03 2.910751196000000000e+09
5.493661095478679272e+03 2.175978492000000000e+09
5.495342499700640474e+03 2.894084068000000000e+09
5.515575925053139144e+03 1.199071778000000000e+09
5.530074611396263208e+03 3.249758634000000000e+09
5.512297342862924779e+03 9.091752500000000000e+08
5.491725051164001343e+03 3.719902310000000000e+09
5.487338701535205473e+03 3.696072083000000000e+09
5.483428618213566551e+03 1.054001339000000000e+09
5.518180481753593085e+03 1.722148600000000000e+08
5.463549240838367041e+03 4.054125070000000000e+09
5.433248722154117786e+03 2.652510189000000000e+09
5.521575403479177112e+03 5.864543820000000000e+08
5.465858035554560956e+03 2.855184403000000000e+09
5.519285491641677254e+03 2.910700321000000000e+09
5.509350279136953759e+03 5.793247960000000000e+08
5.487681888348291977e+03 1.974278927000000000e+09
5.449831655975342983e+03 3.019234765000000000e+09
5.495642425897933208e+03 2.165252775000000000e+09
5.580399146919315172e+03 1.311181883000000000e+09
5.520590300824998849e+03 3.218463478000000000e+09
5.510380461352906423e+03 2.633226635000000000e+09
5.476805185177774547e+03 2.141619192000000000e+09
5.499850201202862991e+03 2.608341906000000000e+09
5.504654770518600344e+03 4.764989970000000000e+08
5.474111216398056968e+03 1.704321999000000000e+09
5.559610077768076735e+03 1.254892870000000000e+08
5.485701967571437308e+03 3.847778789000000000e+09
5.460907541190606025e+03 3.224258387000000000e+09
5.389277526800122359e+03 3.305326160000000000e+08
5.543480898591177720e+03 2.062355969000000000e+09
5.489728544958295970e+03 2.823925959000000000e+09
5.455571412293625144e+03 4.063250553000000000e+09
5.488991831047980668e+03 3.858275542000000000e+09
5.500989021752397093e+03 2.917644200000000000e+07
5.520186019436503557e+03 2.997957186000000000e+09
5.545662238602726575e+03 2.410330641000000000e+09
5.433661978931886551e+03 7.204051600000000000e+08
5.482999668515530175e+03 3.194388320000000000e+08
5.500650254087347093e+03 2.846261337000000000e+09
5.531587907073310816e+03 2.773769097000000000e+09
5.573224005736457912e+03 8.286354100000000000e+08
5.518138956965633042e+03 3.580259657000000000e+09
5.529083940738857564e+03 2.938740077000000000e+09
5.539553349152414739e+03 2.027394994000000000e+09
5.508604023301044435e+03 1.640045090000000000e+09
5.452968007183626469e+03 4.046429760000000000e+09
5.532800916291067551e+03 1.980377049000000000e+09
5.453643649945954166e+03 4.839994200000000000e+07
5.511220619362155048e+03 5.776675530000000000e+08
5.572644367266865629e+03 3.195185790000000000e+09
5.433901219415853120e+03 2.560083335000000000e+09
5.483613267653494404e+03 6.139692140000000000e+08
5.546182013212721358e+03 3.069254504000000000e+09
5.601890243707778609e+03 2.061399558000000000e+09
5.549807740313283830e+03 2.159148000000000000e+07
5.479824952454020604e+03 1.172075024000000000e+09
5.542447711988680567e+03 2.464530330000000000e+08
5.506554960951763860e+03 1.851232805000000000e+09
5.527459777125346591e+03 2.948901400000000000e+07
5.531535762663825153e+03 1.210020911000000000e+09
5.451081374556807532e+03 7.564972480000000000e+08
5.469874962795509418e+03 7.223024540000000000e+08
5.390974801923157429e+03 4.145586212000000000e+09
5.478369976678231978e+03 1.782844149000000000e+09
5.524099584061888891e+03 6.624148320000000000e+08
5.522538528009301444e+03 2.362798762000000000e+09
5.478694300560162446e+03 2.183270669000000000e+09
5.540680818399393502e+03 1.527144449000000000e+09
