# Lens_likelihood 	 seed
5.311176383960160820e+03 4.119009718000000000e+09
5.135621339382363658e+03 9.306264190000000000e+08
5.181977262218257238e+03 8.854031200000000000e+08
5.336856640936066469e+03 9.246942600000000000e+07
5.307145492961719356e+03 7.128590600000000000e+08
5.293752217745955022e+03 3.649659933000000000e+09
5.132055074922975109e+03 1.875400953000000000e+09
5.195022344003531543e+03 9.297770820000000000e+08
5.303954966081003477e+03 3.946095222000000000e+09
5.223631465286071034e+03 1.908692235000000000e+09
5.196294371352023518e+03 2.274844761000000000e+09
5.334550539208159535e+03 2.739719767000000000e+09
5.190085710809007651e+03 2.536466834000000000e+09
5.296134514911656879e+03 1.047770778000000000e+09
5.308081564435498876e+03 2.951122520000000000e+08
5.162762869784062786e+03 2.836209826000000000e+09
5.212456903599037105e+03 1.756334325000000000e+09
5.298057880961692717e+03 7.456276970000000000e+08
5.220475097207579893e+03 1.796469555000000000e+09
5.149127662645106284e+03 8.077776460000000000e+08
5.302004035417087835e+03 1.232463064000000000e+09
5.186358669306584488e+03 1.498993080000000000e+08
5.197459638984027151e+03 3.390221719000000000e+09
5.327712723471026038e+03 2.684849140000000000e+09
5.228399475133844135e+03 2.232249811000000000e+09
5.217345737143634324e+03 1.387146630000000000e+08
5.181937034852388024e+03 3.091642420000000000e+09
5.305161818755856984e+03 2.868594939000000000e+09
5.315461287102887582e+03 1.398366836000000000e+09
5.312723991389353614e+03 1.305025438000000000e+09
5.295381385316939486e+03 4.155924060000000000e+09
5.312167295730479054e+03 3.524201020000000000e+08
5.214375706367238308e+03 2.509355310000000000e+09
5.187839432658043734e+03 3.350994240000000000e+09
5.313300270298293981e+03 3.439842947000000000e+09
5.293016305787919919e+03 3.710524014000000000e+09
5.296118600258228980e+03 8.516994100000000000e+07
5.320192953138340272e+03 8.579622080000000000e+08
5.307383413652687523e+03 1.235719990000000000e+08
5.177688870521036733e+03 1.673772457000000000e+09
5.298278653037314143e+03 2.281377556000000000e+09
5.303336965611115374e+03 2.771885537000000000e+09
5.323394721941054740e+03 3.281190947000000000e+09
5.208771934777072602e+03 2.224248813000000000e+09
5.316387958203629751e+03 5.210525100000000000e+07
5.291222812775611601e+03 3.068338500000000000e+07
5.209738995306377547e+03 3.584134552000000000e+09
5.177812371997893024e+03 3.401621090000000000e+08
5.331122486274027324e+03 4.140225434000000000e+09
5.321323071600604635e+03 7.930275940000000000e+08
5.321014933844750885e+03 3.210160953000000000e+09
5.288102445210044607e+03 2.368321865000000000e+09
5.325559888826246606e+03 1.939263410000000000e+09
5.154263544854669817e+03 3.056339434000000000e+09
5.305984712359302648e+03 3.878554350000000000e+09
5.168038807688539237e+03 3.478765679000000000e+09
5.212390729055187876e+03 3.251297174000000000e+09
5.301911019300794578e+03 3.666937159000000000e+09
5.203421669774988914e+03 2.795645530000000000e+08
5.310244346745615985e+03 3.069930770000000000e+09
5.296175940110593729e+03 1.571844277000000000e+09
5.330075585357926684e+03 2.118807848000000000e+09
5.189042328966177593e+03 2.978410475000000000e+09
5.176747584853312219e+03 1.908589222000000000e+09
5.194714606375589938e+03 3.047605927000000000e+09
5.177056877758242990e+03 2.720219033000000000e+09
5.335730452299401804e+03 1.074951313000000000e+09
5.172424933819944272e+03 2.343759202000000000e+09
5.340022077924028963e+03 3.781768216000000000e+09
5.193798835576088095e+03 3.457879633000000000e+09
5.253365907585034620e+03 2.802349220000000000e+09
5.278216531371719611e+03 4.144553315000000000e+09
5.297853404161314756e+03 2.375053596000000000e+09
5.215910365104798984e+03 1.708541834000000000e+09
5.297680423962246095e+03 3.350408975000000000e+09
5.193370372887864505e+03 2.906845701000000000e+09
5.197058920513414705e+03 1.663736023000000000e+09
5.209040255267165776e+03 1.055411930000000000e+08
5.158129031063508592e+03 2.928121865000000000e+09
5.314841525659079707e+03 3.714979256000000000e+09
5.218402758606030147e+03 4.915151500000000000e+08
5.192158710095995048e+03 2.408486070000000000e+09
5.320455693228042037e+03 3.468227544000000000e+09
5.307344353584081546e+03 2.896513760000000000e+09
5.306689925838036288e+03 7.490296220000000000e+08
5.309858018706042458e+03 1.512287357000000000e+09
5.301890125937465200e+03 3.088526832000000000e+09
5.185689705079712439e+03 4.026240417000000000e+09
5.289921629146902887e+03 3.699291542000000000e+09
5.198900190099167958e+03 1.202079217000000000e+09
5.177672906388146657e+03 3.693878058000000000e+09
5.298508083061966317e+03 6.325878660000000000e+08
5.319815941155997280e+03 2.181622950000000000e+09
5.189919230671110199e+03 6.277715170000000000e+08
5.198483677117809748e+03 4.101485455000000000e+09
5.306040674524343558e+03 7.374787480000000000e+08
5.207724835785329560e+03 1.901568259000000000e+09
5.278887354631706330e+03 1.033712750000000000e+08
5.298192769999173834e+03 2.783444373000000000e+09
5.327114524481232365e+03 2.769543830000000000e+08
5.325273310999099522e+03 1.040799143000000000e+09
5.153105622258750373e+03 1.780364447000000000e+09
5.185082815867184763e+03 2.250189145000000000e+09
5.189019040990018766e+03 3.920829095000000000e+09
5.167101726055020663e+03 2.609438224000000000e+09
5.287815525056015758e+03 2.062671510000000000e+08
5.309062608979634206e+03 3.648147656000000000e+09
5.199087112790678475e+03 3.376775672000000000e+09
5.198492057655535973e+03 3.926401062000000000e+09
5.212390592710089550e+03 2.751274668000000000e+09
5.311804537654727028e+03 1.330321908000000000e+09
5.200198048979942541e+03 5.838732020000000000e+08
5.203115831577189965e+03 2.116618670000000000e+09
5.165971133914920756e+03 3.798670058000000000e+09
5.189116730732818723e+03 3.729843530000000000e+09
5.199964550026210418e+03 3.948529147000000000e+09
5.341414744038445860e+03 3.162116786000000000e+09
5.299346854628446636e+03 2.026247150000000000e+09
5.306838547372971334e+03 2.668522470000000000e+09
5.299581774371101346e+03 4.408933110000000000e+08
5.192135084993138662e+03 1.554615298000000000e+09
5.190011403156617234e+03 1.445378826000000000e+09
5.335781284624538785e+03 2.553272160000000000e+09
5.185970801352391391e+03 2.709365885000000000e+09
5.320785827738965963e+03 3.897076404000000000e+09
5.300461409485140393e+03 3.861709561000000000e+09
5.301649574284461778e+03 3.118049718000000000e+09
5.313231484220699713e+03 4.283643141000000000e+09
5.319822678910322793e+03 2.892753600000000000e+08
5.196117937946477468e+03 3.964581134000000000e+09
5.191094216386598418e+03 2.720885364000000000e+09
5.305673606192905027e+03 3.858640697000000000e+09
5.321500689775015417e+03 4.160293608000000000e+09
5.319524468745332342e+03 2.155507379000000000e+09
5.169217737327930990e+03 6.524385360000000000e+08
5.311799253090122875e+03 3.997937551000000000e+09
5.199555878736751765e+03 2.852982517000000000e+09
5.226954255053869019e+03 9.962449390000000000e+08
5.302258127652750773e+03 3.763541346000000000e+09
5.304311096142344468e+03 3.360463846000000000e+09
5.164013134670889485e+03 2.778022274000000000e+09
5.316428768357822264e+03 7.352569140000000000e+08
5.332087163448328283e+03 9.137708800000000000e+07
5.308855117084372978e+03 1.275426397000000000e+09
5.316168610854281724e+03 6.211894410000000000e+08
5.308557521657729012e+03 2.187137677000000000e+09
5.313580545063015961e+03 2.565554375000000000e+09
5.287683718314161524e+03 2.926853871000000000e+09
5.189921406304792072e+03 2.996667968000000000e+09
5.301806672950320717e+03 1.897974470000000000e+08
5.191852428354964104e+03 1.745216102000000000e+09
5.292536592419741282e+03 1.546720545000000000e+09
5.185626221887497195e+03 1.081706723000000000e+09
5.316586031133489087e+03 1.047405487000000000e+09
5.318128833073556962e+03 2.149739895000000000e+09
5.220209697146770850e+03 9.516097500000000000e+08
5.294845211060282963e+03 1.976377463000000000e+09
5.314977304697576983e+03 1.543891383000000000e+09
5.184762996319696867e+03 1.004693787000000000e+09
5.206058446222592465e+03 1.726874225000000000e+09
5.177377368207191466e+03 4.466833300000000000e+08
5.317456912663765252e+03 3.678419782000000000e+09
5.197559305452230547e+03 9.103840830000000000e+08
5.227709128968829646e+03 1.130469930000000000e+08
5.205330469438087675e+03 1.003388908000000000e+09
5.322199614616672989e+03 3.848795840000000000e+09
5.277850897940164941e+03 9.498222200000000000e+07
5.182478697408801963e+03 9.695108700000000000e+08
5.298715664454831312e+03 2.168639698000000000e+09
5.309651641426171409e+03 2.298286136000000000e+09
5.283381360285140545e+03 2.107875980000000000e+08
5.299882407555121972e+03 4.115466952000000000e+09
5.219838528293060335e+03 3.156173692000000000e+09
5.176314539553643954e+03 2.018515697000000000e+09
5.318863770353596919e+03 2.854362210000000000e+09
5.307882759236378661e+03 2.443673171000000000e+09
5.193476125079339909e+03 1.629497007000000000e+09
5.309965828398197118e+03 2.809234530000000000e+09
5.196034455619452274e+03 5.914689330000000000e+08
5.198256922766864591e+03 2.854630918000000000e+09
5.157453942761831058e+03 2.912189485000000000e+09
5.325435086087746640e+03 3.501065395000000000e+09
5.202372981575482299e+03 3.323682468000000000e+09
5.180896269935825330e+03 3.885387633000000000e+09
5.201055299891828327e+03 2.674066849000000000e+09
5.287170101472852366e+03 4.057982467000000000e+09
5.323951408438833823e+03 3.743927954000000000e+09
5.172554926527512180e+03 1.161323290000000000e+09
5.288927214997323972e+03 7.081220300000000000e+07
5.183553568380371871e+03 1.549694974000000000e+09
5.194079080315680585e+03 1.736628540000000000e+09
5.297591143666983044e+03 4.165588000000000000e+06
5.208765131348140130e+03 1.331763211000000000e+09
5.207319719756925224e+03 2.385365950000000000e+09
5.236722363213025346e+03 1.044633177000000000e+09
5.301496489937928345e+03 1.049808267000000000e+09
5.208887513310355644e+03 1.965379575000000000e+09
5.306338611647540347e+03 2.916351603000000000e+09
5.202749987732697264e+03 3.507173269000000000e+09
5.172583364122834610e+03 5.231995850000000000e+08
5.300024100605926833e+03 4.056912165000000000e+09
5.305582500995498776e+03 1.249847715000000000e+09
5.190397104632280389e+03 1.141148798000000000e+09
5.153600546531628424e+03 3.063529370000000000e+09
5.332553256495230016e+03 2.045115210000000000e+09
5.322678466125573323e+03 2.635185927000000000e+09
5.339537274676968991e+03 3.797168870000000000e+09
5.319320209638544839e+03 2.816272495000000000e+09
5.166477680423202401e+03 1.551761553000000000e+09
5.193536240022333004e+03 3.005000436000000000e+09
5.327323776771998382e+03 3.771155855000000000e+09
5.303156769292392710e+03 2.875288540000000000e+08
5.314009256160516088e+03 2.698600815000000000e+09
5.230064545294329037e+03 3.273444737000000000e+09
5.309605845743206373e+03 1.428271319000000000e+09
5.205063541483064910e+03 2.555068439000000000e+09
5.193047992029703892e+03 5.895291100000000000e+07
5.196432124302764350e+03 5.221965900000000000e+08
5.327789750664396706e+03 2.560984389000000000e+09
5.336128240202118832e+03 2.035500680000000000e+09
5.186590089021117819e+03 5.062230800000000000e+07
5.317725362011000470e+03 3.080631740000000000e+08
5.301211112906221388e+03 1.852836433000000000e+09
5.319559725776836785e+03 2.476340948000000000e+09
5.175666919343429981e+03 1.434407527000000000e+09
5.191715235300152926e+03 3.095025262000000000e+09
5.304500357584100129e+03 3.907804133000000000e+09
5.343772987095704593e+03 1.031536469000000000e+09
5.190393902894975326e+03 2.971995455000000000e+09
5.312462323166733768e+03 1.552959782000000000e+09
5.320128933112400773e+03 4.522808400000000000e+07
5.224293842604482052e+03 2.284287605000000000e+09
5.301530149443711707e+03 2.935007273000000000e+09
5.178285977261550215e+03 2.320654530000000000e+08
5.267187743208806751e+03 3.105124676000000000e+09
5.183538261962271463e+03 3.272618812000000000e+09
5.310231850521839078e+03 3.271245777000000000e+09
5.219542676379136537e+03 2.365878803000000000e+09
5.211192721731973506e+03 1.487206158000000000e+09
5.176840666788372801e+03 1.056530394000000000e+09
5.304206426735579953e+03 4.050540310000000000e+08
5.198176647073954882e+03 3.882488840000000000e+09
5.347543338302569282e+03 2.164858954000000000e+09
5.189655738104195734e+03 3.482357292000000000e+09
5.306807063426139393e+03 4.184591148000000000e+09
5.190604654768789260e+03 2.899003807000000000e+09
5.327787432418052049e+03 4.162632334000000000e+09
5.158074463118291533e+03 9.324075330000000000e+08
5.199211182760231168e+03 6.461974900000000000e+07
5.179441602647753825e+03 1.785310168000000000e+09
5.198357314445306656e+03 7.548882710000000000e+08
5.207491243424753520e+03 3.477024900000000000e+09
5.175391573809340116e+03 4.056478569000000000e+09
5.311852654398604500e+03 3.621016951000000000e+09
5.199053890937955657e+03 3.064045237000000000e+09
5.180132833868618945e+03 1.021735556000000000e+09
5.206612439950586122e+03 1.776493511000000000e+09
5.294810403464963201e+03 3.894732469000000000e+09
5.221731136691908432e+03 2.888308400000000000e+08
5.307398204694001834e+03 3.284013545000000000e+09
5.190568727364896404e+03 4.186757611000000000e+09
5.180877233790552964e+03 1.904310214000000000e+09
5.237535363125551157e+03 2.841358361000000000e+09
5.182610867291671639e+03 4.146637633000000000e+09
5.190433648624828493e+03 6.888939240000000000e+08
5.320769316558264109e+03 2.666843040000000000e+09
5.315185342392932398e+03 1.601377477000000000e+09
5.292999348102128351e+03 3.915508972000000000e+09
5.296382202766963928e+03 4.317896660000000000e+08
5.355215275015544648e+03 3.045297161000000000e+09
5.316136912082458366e+03 2.511773931000000000e+09
5.315979644217079112e+03 4.112807991000000000e+09
5.313649895181296415e+03 3.514472387000000000e+09
5.178722071411797515e+03 3.225959160000000000e+09
5.167773739942686007e+03 2.665338980000000000e+09
5.304007461487018190e+03 1.595307932000000000e+09
5.311168998574440593e+03 2.094020214000000000e+09
5.181515530939135715e+03 1.916955811000000000e+09
5.190883345872735845e+03 4.096525692000000000e+09
5.307312580782930127e+03 4.437691100000000000e+07
5.292394124786120301e+03 1.582449812000000000e+09
5.222598111172340396e+03 7.375240790000000000e+08
5.209753851054290863e+03 3.264036884000000000e+09
5.314858058361182884e+03 3.068734555000000000e+09
5.179550024599346216e+03 2.726896344000000000e+09
5.319915478585426172e+03 3.826663792000000000e+09
5.161769108869218144e+03 2.135483460000000000e+09
5.187004215803446641e+03 1.820380679000000000e+09
5.187896827370848769e+03 8.752740190000000000e+08
5.194022919066035683e+03 4.209458696000000000e+09
5.206197254313965459e+03 4.083172578000000000e+09
5.307987485192383247e+03 2.145755583000000000e+09
5.301444347591313090e+03 1.697793773000000000e+09
5.321234639668316959e+03 1.345955006000000000e+09
5.291743230675504492e+03 1.820750434000000000e+09
5.332056464668801709e+03 2.753961256000000000e+09
5.303212594041151533e+03 4.107224449000000000e+09
5.191585112563727307e+03 8.357898500000000000e+07
5.184934792270252728e+03 1.672739510000000000e+08
5.322088191169842503e+03 1.630922110000000000e+09
5.189828563449043031e+03 3.092422445000000000e+09
5.311871645148384232e+03 3.822362825000000000e+09
5.200777814573422802e+03 1.268423890000000000e+08
5.217139061369741285e+03 3.760754136000000000e+09
5.252762332528663137e+03 1.190129106000000000e+09
5.302789875367161585e+03 3.058638127000000000e+09
5.162369901202917390e+03 1.547130998000000000e+09
5.291887582185943756e+03 8.297702250000000000e+08
5.207836218604967144e+03 2.482069335000000000e+09
5.205387772875736118e+03 2.324202465000000000e+09
5.319422996727007558e+03 1.238223800000000000e+09
5.339041044521174626e+03 2.376331796000000000e+09
5.289567323519657293e+03 5.469446020000000000e+08
5.292341341328829003e+03 3.828392300000000000e+09
5.179388455826634527e+03 4.781103500000000000e+07
5.209139621321841332e+03 3.630790504000000000e+09
5.286311452085279598e+03 2.322507979000000000e+09
5.230479408628405508e+03 3.643145627000000000e+09
5.208060919667640519e+03 3.484451602000000000e+09
5.167148657760577407e+03 2.131920250000000000e+09
5.190538044929968237e+03 1.523300009000000000e+09
5.317437094304717903e+03 1.262308880000000000e+09
5.190020843211514148e+03 2.046409116000000000e+09
5.158066832543307100e+03 2.362562780000000000e+08
5.300711134877665245e+03 1.742192880000000000e+09
5.335087097631932920e+03 4.007117732000000000e+09
5.305422157441998934e+03 8.279964430000000000e+08
5.213775557015967934e+03 2.581715931000000000e+09
5.321268465012546585e+03 3.230495350000000000e+09
5.308546565031683713e+03 2.658652106000000000e+09
5.314847972293204293e+03 1.730779937000000000e+09
5.182240057172406523e+03 8.464263800000000000e+07
5.319529734856657342e+03 3.385238664000000000e+09
5.190720948944997872e+03 8.027479990000000000e+08
5.211533726064491930e+03 8.472938610000000000e+08
5.250337823143912829e+03 3.213528935000000000e+09
5.318751545707053992e+03 1.845720891000000000e+09
5.172800802911554456e+03 2.147756721000000000e+09
5.274852190818570307e+03 1.683228900000000000e+08
5.295571496944196042e+03 2.865799290000000000e+08
5.202472380365696154e+03 3.562199707000000000e+09
5.143596221491216966e+03 1.690104657000000000e+09
5.218063461984051173e+03 3.540850640000000000e+09
5.213786365591156027e+03 2.874440567000000000e+09
5.317170390567363938e+03 4.090047730000000000e+09
5.298890771398844663e+03 2.562242135000000000e+09
5.155932036202637391e+03 3.853029143000000000e+09
5.320792631148593500e+03 3.899805838000000000e+09
5.321395202993528983e+03 3.407347478000000000e+09
5.247980932998456410e+03 6.535203910000000000e+08
