# Lens_likelihood 	 seed
5.052484836394800368e+03 2.257713836000000000e+09
5.388941883114715893e+03 1.319164930000000000e+09
4.987446179028962433e+03 2.881098166000000000e+09
4.959342298837942508e+03 2.646804383000000000e+09
5.152519065602116825e+03 8.507073300000000000e+08
5.008536461722555941e+03 2.946235892000000000e+09
5.222628732906436198e+03 3.229361255000000000e+09
5.092942208423413831e+03 4.779432460000000000e+08
5.122557351567863407e+03 3.211786120000000000e+09
5.050057060388442551e+03 2.773298074000000000e+09
5.126344616142854647e+03 3.210292494000000000e+09
5.128645989941889638e+03 1.088377605000000000e+09
5.025227955628565724e+03 3.471252595000000000e+09
5.129183866670184216e+03 2.999677472000000000e+09
5.113248666592281552e+03 1.728237493000000000e+09
5.063953239968145681e+03 4.212891698000000000e+09
5.022429171144026441e+03 2.557255290000000000e+08
4.870168728069606004e+03 1.562456879000000000e+09
5.128847709514478993e+03 4.110233840000000000e+08
4.940654050522678517e+03 1.782408584000000000e+09
5.210782253737654173e+03 3.872710253000000000e+09
5.075949800038595640e+03 1.798673177000000000e+09
5.057599573404266266e+03 2.692077775000000000e+09
5.127342759655512054e+03 3.294362401000000000e+09
5.128096560744360431e+03 8.326728090000000000e+08
5.118688040955472388e+03 2.565413177000000000e+09
5.098523996766772143e+03 2.958724111000000000e+09
5.036478065794303802e+03 7.305695670000000000e+08
5.046805970261802941e+03 4.082675633000000000e+09
5.198519959603820098e+03 2.721955120000000000e+09
4.922932017445431484e+03 2.149711055000000000e+09
5.035174403987595724e+03 6.520771170000000000e+08
4.964173504172946195e+03 7.967483840000000000e+08
5.016358000046300731e+03 2.988665831000000000e+09
5.077304755163449045e+03 1.413325235000000000e+09
5.182480811630532116e+03 4.207141754000000000e+09
5.126913821175214252e+03 5.826566160000000000e+08
5.337864588293656197e+03 3.084489660000000000e+09
5.061566539117982757e+03 2.478080853000000000e+09
4.964946262846882746e+03 2.338434166000000000e+09
5.211538314620001984e+03 3.267979549000000000e+09
5.093631403652394511e+03 3.765314689000000000e+09
5.051761440878848589e+03 3.262044887000000000e+09
5.177366342581502977e+03 3.647660005000000000e+09
5.024419257060964810e+03 7.909662340000000000e+08
5.004937375509922276e+03 7.805528310000000000e+08
5.013041024697542525e+03 3.804343728000000000e+09
5.036475219025265687e+03 1.841901200000000000e+07
5.170797236375008652e+03 3.276940026000000000e+09
5.091622833398505463e+03 1.515767449000000000e+09
5.106373032764032359e+03 3.858191921000000000e+09
5.132817458163794072e+03 1.870332490000000000e+08
4.993454575358442526e+03 3.324949821000000000e+09
5.031310372641051799e+03 1.053625485000000000e+09
5.035993510781832811e+03 3.715917236000000000e+09
5.038257110878686944e+03 2.296095719000000000e+09
5.167885736852997070e+03 4.050905319000000000e+09
5.064706589389870715e+03 9.728106500000000000e+08
5.093045739254318505e+03 2.141522760000000000e+08
4.984887668423292780e+03 1.100070070000000000e+08
5.020367256054099926e+03 5.163797840000000000e+08
5.150639869454505970e+03 2.764523861000000000e+09
5.096334820022682834e+03 2.032571301000000000e+09
5.017440367253885597e+03 3.793887767000000000e+09
5.044133182173802197e+03 5.388161700000000000e+08
4.969530973956984781e+03 1.971469540000000000e+09
5.118529389071286460e+03 1.613244269000000000e+09
5.117560640383804639e+03 5.921682740000000000e+08
4.965680207938192325e+03 3.977019908000000000e+09
5.027590638961271907e+03 3.644007837000000000e+09
5.044920623165755387e+03 3.898824942000000000e+09
5.156512027446647153e+03 4.087745506000000000e+09
4.925435963505155087e+03 1.818865263000000000e+09
5.259622084414482742e+03 1.255961059000000000e+09
5.074722739718472440e+03 4.203458870000000000e+08
5.024471409180656337e+03 1.513076004000000000e+09
5.011741126145629096e+03 2.123539033000000000e+09
4.942809026515791629e+03 3.939247960000000000e+09
5.007286019111492351e+03 1.137032796000000000e+09
4.976825014206600827e+03 4.047101851000000000e+09
5.073999836589837287e+03 2.541808607000000000e+09
5.067292211109444906e+03 1.298502000000000000e+09
4.946226003247810695e+03 2.349001365000000000e+09
4.931124870006226047e+03 3.481010705000000000e+09
5.023607896645899018e+03 2.794011274000000000e+09
4.992263787187260277e+03 3.025681333000000000e+09
5.011770341405659565e+03 2.963075395000000000e+09
5.112093015519874825e+03 1.706317144000000000e+09
4.916674108298111605e+03 7.351758810000000000e+08
4.973542753887522849e+03 2.319656014000000000e+09
5.056633924985271733e+03 2.794013389000000000e+09
5.052269561327168049e+03 7.820743700000000000e+08
5.076479053545624993e+03 4.045792662000000000e+09
4.979862944640992282e+03 3.984607570000000000e+08
5.162799374807780623e+03 1.651426448000000000e+09
5.022700044181714475e+03 3.881626849000000000e+09
5.053616242875972603e+03 2.866977278000000000e+09
5.031762505785482062e+03 3.995378670000000000e+08
5.017127485137541044e+03 3.383432845000000000e+09
5.133352058854098686e+03 1.063413277000000000e+09
5.089728843092929310e+03 2.846564572000000000e+09
4.985923406788469947e+03 2.995627505000000000e+09
5.088912936818624075e+03 2.354161720000000000e+09
5.118367371326636203e+03 8.045089740000000000e+08
5.040335917385174980e+03 1.817156406000000000e+09
4.959974273242245545e+03 2.197456514000000000e+09
5.100537354478090492e+03 1.323834231000000000e+09
4.981520020239760925e+03 2.797833184000000000e+09
5.033503219141999580e+03 1.114512555000000000e+09
5.037447675338821682e+03 2.871824131000000000e+09
5.046100582604964984e+03 2.413347534000000000e+09
5.122114772915065259e+03 4.535772600000000000e+08
5.091449464001869273e+03 2.113568981000000000e+09
5.018548696905163524e+03 3.228987164000000000e+09
5.160677555022280103e+03 3.790563354000000000e+09
5.026549831583955893e+03 3.970802659000000000e+09
5.116396068208654469e+03 3.648822601000000000e+09
5.001918701773273824e+03 4.225495645000000000e+09
5.065671496052338625e+03 8.152200040000000000e+08
4.972457063054082028e+03 1.336626416000000000e+09
5.175888758980581770e+03 3.688520933000000000e+09
5.050125259465484305e+03 1.724546064000000000e+09
4.989365401631475834e+03 8.070708300000000000e+07
5.003776812514333869e+03 2.173027138000000000e+09
5.089572690295754001e+03 1.776074853000000000e+09
5.101789561951901305e+03 2.810720065000000000e+09
5.097730218247952507e+03 1.115994844000000000e+09
5.047166918495766367e+03 3.213082630000000000e+08
4.858208997903678210e+03 1.173122378000000000e+09
5.145160321959745488e+03 4.224353314000000000e+09
5.247173929456680526e+03 4.082674661000000000e+09
5.100583293485963623e+03 1.634628612000000000e+09
5.049571225447532925e+03 1.777938811000000000e+09
5.059873507780688669e+03 9.751211930000000000e+08
5.156643914889645202e+03 3.319781786000000000e+09
4.975542057078579091e+03 2.275575871000000000e+09
5.045662581490953016e+03 1.218813153000000000e+09
5.098035238589660366e+03 3.923283260000000000e+08
5.039352120736645702e+03 1.343157625000000000e+09
5.123719557096050266e+03 3.104513084000000000e+09
4.981211752230250568e+03 1.134677400000000000e+08
4.996920133933497709e+03 1.873755401000000000e+09
5.139174227357271775e+03 3.758510907000000000e+09
4.954556587822557049e+03 2.531912367000000000e+09
4.968430937741965863e+03 3.509476913000000000e+09
4.984018031035431704e+03 5.632288560000000000e+08
4.945825783386290823e+03 1.573638611000000000e+09
5.079868539160550426e+03 5.681011000000000000e+07
5.111683498338517893e+03 1.529943532000000000e+09
5.058135670086599930e+03 2.001481560000000000e+09
5.072013234596887742e+03 3.572487907000000000e+09
4.937370731504921423e+03 2.305027673000000000e+09
5.172798891145201196e+03 1.953214447000000000e+09
5.094988431991690959e+03 1.600135430000000000e+08
4.897000912531168069e+03 3.192328550000000000e+09
5.102598079687622885e+03 2.077891080000000000e+09
4.866971223867489243e+03 2.699253116000000000e+09
5.019931308672608793e+03 2.822266878000000000e+09
5.006372128795608660e+03 2.304073249000000000e+09
5.122351399505049812e+03 8.962115660000000000e+08
4.921242009672381755e+03 8.154619610000000000e+08
5.002080171668258117e+03 2.064692226000000000e+09
5.041229929617638845e+03 3.672474926000000000e+09
5.053782847940588908e+03 1.626922968000000000e+09
5.256468206891462614e+03 6.452517160000000000e+08
5.143577498401303274e+03 8.609246810000000000e+08
4.923690170162537470e+03 1.892079345000000000e+09
4.989281607476641511e+03 2.633630045000000000e+09
5.071471138971956861e+03 3.658433468000000000e+09
4.973330570052196890e+03 1.656712766000000000e+09
5.054429410006329817e+03 7.443362200000000000e+07
5.134411394238251887e+03 2.056506468000000000e+09
5.009325635536572008e+03 8.276808990000000000e+08
4.942415714413024943e+03 2.977998244000000000e+09
5.121435944932469283e+03 1.960654502000000000e+09
5.036896806615234709e+03 3.055228037000000000e+09
5.172507613753167789e+03 2.581312969000000000e+09
5.050412482964384253e+03 9.794295630000000000e+08
5.045105061437339828e+03 2.267402299000000000e+09
4.981604912080994836e+03 1.324104297000000000e+09
5.267837246637653152e+03 2.895577401000000000e+09
5.066038946789315560e+03 4.866550580000000000e+08
4.943937355947196011e+03 4.099363700000000000e+07
5.098604246928677640e+03 3.447400903000000000e+09
5.034002068212352242e+03 4.165253130000000000e+09
5.022819373777745568e+03 3.402110357000000000e+09
5.074482121218565226e+03 1.034566640000000000e+09
5.051865190291924591e+03 2.446437750000000000e+08
5.089807814102507109e+03 4.029606480000000000e+09
4.927614373233107472e+03 3.495516061000000000e+09
5.111010857749854949e+03 3.018576600000000000e+07
5.002064453548477104e+03 2.532374696000000000e+09
5.041110410390516336e+03 1.243151060000000000e+08
4.964837896817860383e+03 3.338535181000000000e+09
5.123032856231498045e+03 2.540305083000000000e+09
5.047625637454770185e+03 2.488262340000000000e+08
5.085388464060534716e+03 2.503654740000000000e+08
5.100171469138707835e+03 2.707876483000000000e+09
4.971043279679061015e+03 1.069871507000000000e+09
5.119711476512878107e+03 7.447944640000000000e+08
5.006576180578411368e+03 2.861868881000000000e+09
4.918856641971803583e+03 3.823396357000000000e+09
5.000998706754901832e+03 4.014267073000000000e+09
5.104970538256900909e+03 6.379945890000000000e+08
5.038717016081311158e+03 3.173805625000000000e+09
5.000057899027829990e+03 3.561163780000000000e+08
5.014510967955224260e+03 4.129774607000000000e+09
5.058186403037972013e+03 2.268292818000000000e+09
5.043093981158459428e+03 3.028464782000000000e+09
4.908835306288320680e+03 2.043856450000000000e+08
5.101487297768283497e+03 3.910614864000000000e+09
5.014890791825591805e+03 1.836513903000000000e+09
5.117194115481208428e+03 2.697070320000000000e+09
5.014403556387592289e+03 1.708255631000000000e+09
5.083023755103044095e+03 1.610341502000000000e+09
5.106621755219945953e+03 3.546302580000000000e+09
4.972565036773879910e+03 6.683397200000000000e+08
5.037499904033446001e+03 2.629478137000000000e+09
5.048871303820877074e+03 2.567995079000000000e+09
5.094675978849079002e+03 1.361946598000000000e+09
5.037980908834717411e+03 3.030133350000000000e+09
4.979808509037247859e+03 1.336551252000000000e+09
4.952393438028427227e+03 2.882502816000000000e+09
4.983096271036865801e+03 2.118856140000000000e+08
5.045130372922920287e+03 3.732234536000000000e+09
4.821524270575765513e+03 2.469329578000000000e+09
5.074789846160958405e+03 2.359688531000000000e+09
5.055528815314355597e+03 4.137699054000000000e+09
5.003475279934398714e+03 1.315493826000000000e+09
4.990312005246358240e+03 1.528842696000000000e+09
5.011551782208180157e+03 4.510256300000000000e+07
4.995105015675288996e+03 6.367104820000000000e+08
5.051317007451375503e+03 1.463875658000000000e+09
5.128077203051892866e+03 2.997939021000000000e+09
5.083067670342523343e+03 3.464350611000000000e+09
5.022116607626579935e+03 1.335271964000000000e+09
5.016881515348057292e+03 2.954440110000000000e+08
4.989470373287704206e+03 3.515290451000000000e+09
5.047574566250583302e+03 4.167737514000000000e+09
4.985688416431123187e+03 1.856403687000000000e+09
4.959726435305265113e+03 2.177419425000000000e+09
5.187577961564579709e+03 3.698757418000000000e+09
5.169090609786278037e+03 1.374057191000000000e+09
5.095131799424092605e+03 2.795971509000000000e+09
4.983297268627267840e+03 3.408507317000000000e+09
5.082638865030407032e+03 2.599028019000000000e+09
5.190681222076720587e+03 5.936467470000000000e+08
4.999995906189672496e+03 7.906444490000000000e+08
5.002137248628068846e+03 2.307664667000000000e+09
5.051056067762704515e+03 1.066126011000000000e+09
5.114630596202640845e+03 4.917252000000000000e+08
5.205199640124068537e+03 8.730685650000000000e+08
4.948089714033649216e+03 9.675653330000000000e+08
5.131850222234844296e+03 1.952428864000000000e+09
5.094847524421345042e+03 2.981850098000000000e+09
5.199092572723860940e+03 1.847104045000000000e+09
5.033919934836591892e+03 1.920161094000000000e+09
4.898375303055065160e+03 2.001198283000000000e+09
5.062080203084137793e+03 1.247346669000000000e+09
5.069490331523023997e+03 2.000899520000000000e+09
5.218954161891324475e+03 2.276739428000000000e+09
4.952782877372262192e+03 1.881936970000000000e+08
5.079529488068181308e+03 1.377761579000000000e+09
5.078642774838468540e+03 2.372418759000000000e+09
5.025972887316233027e+03 1.865434165000000000e+09
5.005702630923893594e+03 2.309151798000000000e+09
5.128606969950647908e+03 3.591319003000000000e+09
5.050486719160950088e+03 4.134309415000000000e+09
4.966175217077980960e+03 6.295636250000000000e+08
5.082257229323989122e+03 4.159985207000000000e+09
5.078405823369105747e+03 2.556148131000000000e+09
5.103751812113099732e+03 1.432165566000000000e+09
5.286686900805473670e+03 1.872418238000000000e+09
5.009242769141459576e+03 6.231633970000000000e+08
5.062645955960023457e+03 1.173031430000000000e+08
4.931771409288598988e+03 3.968360841000000000e+09
4.981700778264510518e+03 2.716984486000000000e+09
5.040197023777697723e+03 1.629620079000000000e+09
4.966444735545930598e+03 2.823227272000000000e+09
4.906282802148155497e+03 1.776328742000000000e+09
5.076843144626498542e+03 2.233988134000000000e+09
5.124977116547213882e+03 8.546370000000000000e+05
4.937462264712929937e+03 3.458002760000000000e+09
5.042908962320248065e+03 3.941907700000000000e+08
4.897017543898578879e+03 4.099020297000000000e+09
5.053060004215627487e+03 9.351106960000000000e+08
5.117718527901321067e+03 4.360156590000000000e+08
5.236205770699814821e+03 2.581507103000000000e+09
4.999210100641056670e+03 1.743838238000000000e+09
5.110305791845797103e+03 4.127680672000000000e+09
4.991818494746723445e+03 5.674028300000000000e+07
4.994004453518909941e+03 7.154736790000000000e+08
4.946835822799622292e+03 4.199721874000000000e+09
4.923527113096481116e+03 1.219272118000000000e+09
5.132276742358253614e+03 5.120895350000000000e+08
5.139711275531313731e+03 1.621868976000000000e+09
5.115006096804279878e+03 1.570990301000000000e+09
5.137928972296680513e+03 2.635881053000000000e+09
4.970385963898519549e+03 2.659185496000000000e+09
5.173787340090175348e+03 3.327638379000000000e+09
5.093012942818830197e+03 2.813672556000000000e+09
4.927182793314687842e+03 1.707357786000000000e+09
5.033616804382692862e+03 2.922103959000000000e+09
5.234398464322584005e+03 3.802172389000000000e+09
5.051021539821706938e+03 4.387733730000000000e+08
5.036580498908208028e+03 1.059656729000000000e+09
5.130414933558406119e+03 1.286762672000000000e+09
4.946794828850150225e+03 3.947830804000000000e+09
5.195651455719401383e+03 4.161474764000000000e+09
5.300723145847951855e+03 3.279071984000000000e+09
4.963046683994411978e+03 2.114945064000000000e+09
4.927452129211622378e+03 1.489408123000000000e+09
4.996756749616802153e+03 2.874109265000000000e+09
5.006465428593889555e+03 2.455249517000000000e+09
5.143876333524436632e+03 1.717329174000000000e+09
4.970665329528998882e+03 1.498684337000000000e+09
5.033978101519986012e+03 3.049806714000000000e+09
4.874965566788330761e+03 2.559087230000000000e+09
5.043331322032690878e+03 1.603858330000000000e+08
5.071698336865805686e+03 2.354417075000000000e+09
4.904046341863748239e+03 3.598341813000000000e+09
5.028181190185661762e+03 7.771166130000000000e+08
5.060218440152657422e+03 4.026578836000000000e+09
5.022019258497080955e+03 1.845550462000000000e+09
4.956105896867234151e+03 2.631527741000000000e+09
5.110183385562691910e+03 1.451148095000000000e+09
5.012772620779081990e+03 2.744504161000000000e+09
5.062839615904673337e+03 3.714169377000000000e+09
5.026324152524834062e+03 1.893506972000000000e+09
5.087584684954429576e+03 4.764941990000000000e+08
4.922097124734953468e+03 1.181729764000000000e+09
5.013417885943979854e+03 4.504236020000000000e+08
4.992938102772635830e+03 1.451993170000000000e+08
5.067369771565687188e+03 1.520311844000000000e+09
5.075065752696164054e+03 2.132723173000000000e+09
5.100530774531849602e+03 2.280463470000000000e+09
5.115440298955158141e+03 2.584394623000000000e+09
5.128453621310745802e+03 2.932323656000000000e+09
5.113114298892453917e+03 3.944880474000000000e+09
5.131209914200384446e+03 3.744964180000000000e+09
5.068068579651324399e+03 4.187246448000000000e+09
4.858578156457249861e+03 7.191391570000000000e+08
5.063141250964494247e+03 8.752512600000000000e+08
4.925924677369644996e+03 1.013080400000000000e+08
5.169972158526663407e+03 2.437903157000000000e+09
5.263989206071565604e+03 3.582776641000000000e+09
5.041270793567895453e+03 3.419972785000000000e+09
5.069386982965767857e+03 7.392097920000000000e+08
5.130889169813978697e+03 1.284688635000000000e+09
5.052996471952917091e+03 2.434773041000000000e+09
