# Lens_likelihood 	 seed
8.850431164084448028e+03 1.857950330000000000e+09
8.818396167774204514e+03 8.132887220000000000e+08
8.780325081753646373e+03 1.857609795000000000e+09
8.803667882907328021e+03 1.115687268000000000e+09
8.765768233698574477e+03 4.651764890000000000e+08
8.796561076948068148e+03 3.285100776000000000e+09
8.743370416587564250e+03 1.343944980000000000e+09
8.867275688850810184e+03 3.338162097000000000e+09
8.820023642398929951e+03 3.762019640000000000e+09
8.763473145487640068e+03 3.280420164000000000e+09
8.810382446109491866e+03 3.151254233000000000e+09
8.798417161182820564e+03 3.091653657000000000e+09
8.882268473779095075e+03 3.169892136000000000e+09
8.752840913852120138e+03 2.351231880000000000e+08
8.868084165441065124e+03 2.194978557000000000e+09
8.863336320244254239e+03 1.291425594000000000e+09
8.870144721660937648e+03 3.426855100000000000e+07
8.804002679343249838e+03 1.974251636000000000e+09
8.810341991991839677e+03 1.600930710000000000e+09
8.788731362698592420e+03 4.114156254000000000e+09
8.852173175405390793e+03 8.332881590000000000e+08
8.808033701017480780e+03 1.832094074000000000e+09
8.721460964999838325e+03 2.578549086000000000e+09
8.805897431692264945e+03 7.896623600000000000e+07
8.783799766979107517e+03 2.966074709000000000e+09
8.810418980186856061e+03 4.214225357000000000e+09
8.832215799248751864e+03 1.746012441000000000e+09
8.815747598447453129e+03 2.702274133000000000e+09
8.860849206837519887e+03 1.776048203000000000e+09
8.788557892833980077e+03 1.614250501000000000e+09
8.824398208647235151e+03 5.153166710000000000e+08
8.816909188891475424e+03 2.376361910000000000e+08
8.752882101370312739e+03 4.377934980000000000e+08
8.804219145224000385e+03 1.034082633000000000e+09
8.755425372523241094e+03 5.364586210000000000e+08
8.857313015379166245e+03 3.557409339000000000e+09
8.802306345839242567e+03 1.159210543000000000e+09
8.791206138371973793e+03 2.923559570000000000e+08
8.817671278277675810e+03 1.113041288000000000e+09
8.738042727608291898e+03 2.891402875000000000e+09
8.844706519908915652e+03 1.910234924000000000e+09
8.794247454160142297e+03 1.649020803000000000e+09
8.839289893987614050e+03 2.442681947000000000e+09
8.846641478416224345e+03 2.151582928000000000e+09
8.844983760983490356e+03 3.264654300000000000e+08
8.804520021208340040e+03 1.373915540000000000e+09
8.840833864351126977e+03 2.968212440000000000e+09
8.809544275643303990e+03 8.180745770000000000e+08
8.825788974849016085e+03 4.113780888000000000e+09
8.791083200200209831e+03 3.956609290000000000e+09
8.803702225776247360e+03 2.605202641000000000e+09
8.824467128872372996e+03 3.459014210000000000e+08
8.857996242546194480e+03 4.791341690000000000e+08
8.771606522542377206e+03 3.935775417000000000e+09
8.775368833619517318e+03 1.045237155000000000e+09
8.729184663990492481e+03 4.125919570000000000e+08
8.758313180061317325e+03 1.390026391000000000e+09
8.770990388311649440e+03 1.350647413000000000e+09
8.801786548058278640e+03 3.373026689000000000e+09
8.827686114200190787e+03 7.158463870000000000e+08
8.807790195974375820e+03 3.357363712000000000e+09
8.826258654850749735e+03 3.139265494000000000e+09
8.782277585949559580e+03 2.779528294000000000e+09
8.884210570540362824e+03 1.826320188000000000e+09
8.857541288203156000e+03 2.519223651000000000e+09
8.798824421843593882e+03 1.516356778000000000e+09
8.848883842903745972e+03 2.487909435000000000e+09
8.763344811329181539e+03 8.875785190000000000e+08
8.785485917387970403e+03 2.456998608000000000e+09
8.761720043455216000e+03 8.752268390000000000e+08
8.782195594456363324e+03 1.889382133000000000e+09
8.815370908958031578e+03 3.941252329000000000e+09
8.798218425148928873e+03 1.494592575000000000e+09
8.894370584305426746e+03 4.843978010000000000e+08
8.877834605619151262e+03 2.511786913000000000e+09
8.790818992842860098e+03 6.662968710000000000e+08
8.906377058246507659e+03 4.018637871000000000e+09
8.920242459974551821e+03 2.833407650000000000e+08
8.828972064944513477e+03 2.158399259000000000e+09
8.762800666425326199e+03 2.955817010000000000e+09
8.933128637635329142e+03 2.527899912000000000e+09
8.796304398225640398e+03 2.540080629000000000e+09
8.786599301327891226e+03 2.790725716000000000e+09
8.821705863910332482e+03 1.714769357000000000e+09
8.838835631132373237e+03 2.648891371000000000e+09
8.853729934497700015e+03 3.649790815000000000e+09
8.783458307523960684e+03 9.149730580000000000e+08
8.825452328779845629e+03 3.946353723000000000e+09
8.755354458734727814e+03 2.770219219000000000e+09
8.795206915008573560e+03 3.660086565000000000e+09
8.905165713029349718e+03 3.483853171000000000e+09
8.758111250333153293e+03 1.304276440000000000e+08
8.772608204845921136e+03 7.736119340000000000e+08
8.897084605131691205e+03 3.424017750000000000e+09
8.836944196745835143e+03 2.461420416000000000e+09
8.790164071426957889e+03 1.885815204000000000e+09
8.806763671926770257e+03 3.031108372000000000e+09
8.781891332340986992e+03 1.292771952000000000e+09
8.775282216387644439e+03 3.272984086000000000e+09
8.784008193399999072e+03 3.271698541000000000e+09
8.827996726298770227e+03 7.163369000000000000e+08
8.833873385281702213e+03 8.324016970000000000e+08
8.803985530160774942e+03 1.130843830000000000e+09
8.747924807403458544e+03 4.120993226000000000e+09
8.860962023156169380e+03 3.511385177000000000e+09
8.757376874266332379e+03 3.208427400000000000e+08
8.888244527798442505e+03 3.368511690000000000e+08
8.740207411976480216e+03 4.252903832000000000e+09
8.882546341370663868e+03 1.066343643000000000e+09
8.795265727156760477e+03 2.525847500000000000e+08
8.827411895489964081e+03 9.231681000000000000e+08
8.820435136345919091e+03 1.538629281000000000e+09
8.756519136805725793e+03 6.070074390000000000e+08
8.794182878025019818e+03 4.005605461000000000e+09
8.756150574589501048e+03 8.582119670000000000e+08
8.833133533817090211e+03 8.258926410000000000e+08
8.818300353187922155e+03 3.084279912000000000e+09
8.813073142131903296e+03 3.599844801000000000e+09
8.797818752535380554e+03 3.826420511000000000e+09
8.768166812094161287e+03 1.525813612000000000e+09
8.787771183664728596e+03 1.917205370000000000e+09
8.932121408766975946e+03 5.561718660000000000e+08
8.818347056020562377e+03 2.279897210000000000e+08
8.747066357226776745e+03 1.563785497000000000e+09
8.837750008106066161e+03 2.307749693000000000e+09
8.812342475946992636e+03 1.177924127000000000e+09
8.836403484883350757e+03 3.341923770000000000e+08
8.769996546889880847e+03 4.015105800000000000e+09
8.755989711547159459e+03 3.913001573000000000e+09
8.853187910067332268e+03 1.224808356000000000e+09
8.797667891046707155e+03 1.937955206000000000e+09
8.774513315933083504e+03 3.481088973000000000e+09
8.829802237595558836e+03 7.649356380000000000e+08
8.797841647460360036e+03 2.699668963000000000e+09
8.794109722831180989e+03 3.096911473000000000e+09
8.879091565972197714e+03 1.008468998000000000e+09
8.837976710970935528e+03 1.080443498000000000e+09
8.792912790983706145e+03 3.730788318000000000e+09
8.929652165938765393e+03 4.103434100000000000e+09
8.842983122761594132e+03 4.001800606000000000e+09
8.885550336147793132e+03 3.732019495000000000e+09
8.837426082463729472e+03 3.112171668000000000e+09
8.731209378061585085e+03 1.334407097000000000e+09
8.869618791188606338e+03 2.006573010000000000e+09
8.834187123527108270e+03 9.458182660000000000e+08
8.790519252484024037e+03 2.430095712000000000e+09
8.857918281529713568e+03 9.779544190000000000e+08
8.800685489907791634e+03 4.809892070000000000e+08
8.774624107613928572e+03 3.502163628000000000e+09
8.819585628163200454e+03 3.262346158000000000e+09
8.810060713278297044e+03 1.000596776000000000e+09
8.862829419265373872e+03 4.074963527000000000e+09
8.804152712478895410e+03 3.145356436000000000e+09
8.761659324470076172e+03 2.345217886000000000e+09
8.880930029072851539e+03 2.411840988000000000e+09
8.797767459437745856e+03 3.917295111000000000e+09
8.809225517937793484e+03 4.670850840000000000e+08
8.799050023200172291e+03 1.865365949000000000e+09
8.804996248431511049e+03 1.709817676000000000e+09
8.785402653906749038e+03 2.937561432000000000e+09
8.809127777647334369e+03 2.393432515000000000e+09
8.774570768010620668e+03 4.375840610000000000e+08
8.828877935820788480e+03 1.858935549000000000e+09
8.936915662149443961e+03 1.488773436000000000e+09
8.831413942845509155e+03 4.601674380000000000e+08
8.861881599132961128e+03 1.913658843000000000e+09
8.822897431996121668e+03 8.763784240000000000e+08
8.783228141501553182e+03 3.261100279000000000e+09
8.889380964975349343e+03 1.422704758000000000e+09
8.775348677564454192e+03 2.374525445000000000e+09
8.755444790366094821e+03 2.047121164000000000e+09
8.896009427676313862e+03 1.271995760000000000e+09
8.784816598193609025e+03 2.785522922000000000e+09
8.756526961254450725e+03 1.815917199000000000e+09
8.883880816758457513e+03 2.320285379000000000e+09
8.773707928704758160e+03 3.696155827000000000e+09
8.816788049684353609e+03 5.562302000000000000e+07
8.782760485637441889e+03 3.368640866000000000e+09
8.805040279741609993e+03 1.260977641000000000e+09
8.775362372655183208e+03 1.564900645000000000e+09
8.765857623249848984e+03 2.690609313000000000e+09
8.878028738545845044e+03 3.452908325000000000e+09
8.780286684861690446e+03 1.494399737000000000e+09
8.832685884472584803e+03 1.667178244000000000e+09
8.845119051920511993e+03 4.178904502000000000e+09
8.823705467086247154e+03 2.582285837000000000e+09
8.796493767318963364e+03 3.405411713000000000e+09
8.848082737554750565e+03 2.239384733000000000e+09
8.762121444884596713e+03 2.319371342000000000e+09
8.837532504825483556e+03 8.011070810000000000e+08
8.805925209261222335e+03 2.590607306000000000e+09
8.804352518667612458e+03 2.572110284000000000e+09
8.873154778517595332e+03 2.269385546000000000e+09
8.872061480746962843e+03 3.148791220000000000e+08
8.760290878502108171e+03 2.954722895000000000e+09
8.796542486876835028e+03 3.675499077000000000e+09
8.722459933225502027e+03 3.488269076000000000e+09
8.826821568593184566e+03 6.197209470000000000e+08
8.815605975116646732e+03 2.114553845000000000e+09
8.774506890090327943e+03 1.298590051000000000e+09
8.781134076976584765e+03 2.433901872000000000e+09
8.849142697426934319e+03 6.505877700000000000e+07
8.868376341066039458e+03 2.072838442000000000e+09
8.798491356162778175e+03 1.828138274000000000e+09
8.825164786489878679e+03 2.204623490000000000e+08
8.754017829232541771e+03 2.513987143000000000e+09
8.809519574685398766e+03 8.958053780000000000e+08
8.817028212009496201e+03 3.527283200000000000e+08
8.793621770443674905e+03 7.887870160000000000e+08
8.869251808368284401e+03 3.463961415000000000e+09
8.867084004322017790e+03 1.330315300000000000e+07
8.690681654128678929e+03 1.679298102000000000e+09
8.785278668094206296e+03 2.630253655000000000e+09
8.822007591112364025e+03 2.452601050000000000e+08
8.786385959981729684e+03 3.959017346000000000e+09
8.771994895597119466e+03 2.179067162000000000e+09
8.770751457741658669e+03 3.706070910000000000e+08
8.735381726762792823e+03 1.425778185000000000e+09
8.764503042103136977e+03 2.594432707000000000e+09
8.822988664282045647e+03 9.892156050000000000e+08
8.771433339188921309e+03 3.879553251000000000e+09
8.819470865403731295e+03 3.716832716000000000e+09
8.806581855196456672e+03 2.269808857000000000e+09
8.809958018824072496e+03 2.094436270000000000e+09
8.867106206927999665e+03 6.939863000000000000e+06
8.805010470320648892e+03 3.297892549000000000e+09
8.820744600054389593e+03 2.463767597000000000e+09
8.895021844718110515e+03 4.259211526000000000e+09
8.865474717448067167e+03 1.030980650000000000e+08
8.807550510557046437e+03 9.462367990000000000e+08
8.882105087043670210e+03 3.481829553000000000e+09
8.817764054296449103e+03 2.205580069000000000e+09
8.802099176830732176e+03 3.541156973000000000e+09
8.816755123759954586e+03 3.062911772000000000e+09
8.860488494310046008e+03 3.326390444000000000e+09
8.851203075102284856e+03 4.236446709000000000e+09
8.783491461631860147e+03 1.513942523000000000e+09
8.755688881545074764e+03 7.793472480000000000e+08
8.818409315315060667e+03 3.729669125000000000e+09
8.838095546903206923e+03 1.850339090000000000e+08
8.759566452026418119e+03 1.088375936000000000e+09
8.753284647553700779e+03 4.919554550000000000e+08
8.877299083384579717e+03 3.812746320000000000e+09
8.798419052810731955e+03 4.289804344000000000e+09
8.835649718213466258e+03 3.358091473000000000e+09
8.760417895782775304e+03 1.808871922000000000e+09
8.808913564704229429e+03 3.866157047000000000e+09
8.792757049804999042e+03 4.117445815000000000e+09
8.817935466374003227e+03 3.009189897000000000e+09
8.843170897703887022e+03 4.686400530000000000e+08
8.797164926015884703e+03 5.424697890000000000e+08
8.914253446581569733e+03 2.213454598000000000e+09
8.745715322374879179e+03 2.045857933000000000e+09
8.798704123399818855e+03 1.494007800000000000e+09
8.757680386993022694e+03 1.223567269000000000e+09
8.768816207653835590e+03 3.886082376000000000e+09
8.823962110405977000e+03 1.683134877000000000e+09
8.877687250275448605e+03 1.217105838000000000e+09
8.787649355579316762e+03 8.190198680000000000e+08
8.774324604827084841e+03 3.606628555000000000e+09
8.749902486276558193e+03 7.021506910000000000e+08
8.773949410169323528e+03 3.941086939000000000e+09
8.748268942723858345e+03 2.454893665000000000e+09
8.839522722177351170e+03 4.119102379000000000e+09
8.746071740409763152e+03 2.375786258000000000e+09
8.854312672018879312e+03 4.141392264000000000e+09
8.796154587854280180e+03 2.864952794000000000e+09
8.774434644726021361e+03 1.760341300000000000e+07
8.860275866031090118e+03 1.216324315000000000e+09
8.811101697667565531e+03 3.420306814000000000e+09
8.810705749480081067e+03 1.217158932000000000e+09
8.733800514039570771e+03 1.706274984000000000e+09
8.772780865979722876e+03 3.235502282000000000e+09
8.840159135043943024e+03 8.559381770000000000e+08
8.789606937384551202e+03 1.280681588000000000e+09
8.863783124901287010e+03 1.907754547000000000e+09
8.832457988917076364e+03 2.394828700000000000e+08
8.822206005065620047e+03 2.762090360000000000e+09
8.790347793268003443e+03 2.677832661000000000e+09
8.815047342982023110e+03 3.156546050000000000e+09
8.833273362657693724e+03 1.061483964000000000e+09
8.750845697241749804e+03 3.426131553000000000e+09
8.807934058417597043e+03 1.667060884000000000e+09
8.802502573400168330e+03 3.937515477000000000e+09
8.818937909161584685e+03 3.626602843000000000e+09
8.838528294011321123e+03 1.119737988000000000e+09
8.792798352577208789e+03 8.489447020000000000e+08
8.874661231668249457e+03 1.937192686000000000e+09
8.814844292190955457e+03 3.673869748000000000e+09
8.808417669697562815e+03 2.713421592000000000e+09
8.822378150137450575e+03 1.545386088000000000e+09
8.822935627456183283e+03 2.436736450000000000e+08
8.821952297628300585e+03 9.237733920000000000e+08
8.762974092583182937e+03 1.268844788000000000e+09
8.867966254292517988e+03 3.637875071000000000e+09
8.794110648897016290e+03 3.023794499000000000e+09
8.827644504492935084e+03 3.513346178000000000e+09
8.764565166047341336e+03 2.828200217000000000e+09
8.795700387106979178e+03 4.031539980000000000e+09
8.850159542509292805e+03 1.616082358000000000e+09
8.770467596841173872e+03 3.783183083000000000e+09
8.810811029821003103e+03 4.053338945000000000e+09
8.807201159076255863e+03 4.403463820000000000e+08
8.877951068761090937e+03 2.548079700000000000e+08
8.780085282800213463e+03 2.099538539000000000e+09
8.805037382382446594e+03 2.624270948000000000e+09
8.827555988947171500e+03 8.171378070000000000e+08
8.894907998863071043e+03 9.652929000000000000e+08
8.820514658297048300e+03 4.221860624000000000e+09
8.816861863932386768e+03 3.815248630000000000e+08
8.830860391457568767e+03 1.830218867000000000e+09
8.820886897151955054e+03 1.443417776000000000e+09
8.760840884099889081e+03 2.513679348000000000e+09
8.897477128938315218e+03 4.196665313000000000e+09
8.792145418676027475e+03 6.546764470000000000e+08
8.824325559421926300e+03 2.164732337000000000e+09
8.804620428197291403e+03 3.307141721000000000e+09
8.785400677114708742e+03 6.599874000000000000e+07
8.733136854086194944e+03 3.163280903000000000e+09
8.827417369415163193e+03 4.264674814000000000e+09
8.754244782205763840e+03 8.022882690000000000e+08
8.791644573492001655e+03 3.779861747000000000e+09
8.775079585756675442e+03 3.105053707000000000e+09
8.805930097516851674e+03 5.061617980000000000e+08
8.809358200952070547e+03 2.314877671000000000e+09
8.861760155244453927e+03 3.021926000000000000e+08
8.783651604723649143e+03 2.879575674000000000e+09
8.770496319050471357e+03 7.410676500000000000e+07
8.778428522488640738e+03 2.008333671000000000e+09
8.800273502348914917e+03 4.235918367000000000e+09
8.833942104094026945e+03 1.057310620000000000e+09
8.745247738562051381e+03 1.082790805000000000e+09
8.811046624930162579e+03 4.056523523000000000e+09
8.825694636170868762e+03 3.553357318000000000e+09
8.850328817785028150e+03 1.874416873000000000e+09
8.822697249474060300e+03 2.957133352000000000e+09
8.788879538139404758e+03 2.627577726000000000e+09
8.811997069887969701e+03 2.402468147000000000e+09
8.797871217311967484e+03 3.348057854000000000e+09
8.860773757294373354e+03 1.066657971000000000e+09
8.877879046417539939e+03 2.313161272000000000e+09
8.912990946403784619e+03 3.625891826000000000e+09
8.781427251483497457e+03 1.083454869000000000e+09
8.760811177209239759e+03 8.152601030000000000e+08
8.806399079364737190e+03 3.288615564000000000e+09
8.831694489657749727e+03 1.183338915000000000e+09
8.763483999801836035e+03 3.944657126000000000e+09
8.784221289255365264e+03 1.507360827000000000e+09
8.846454542369272531e+03 4.144791217000000000e+09
8.815238402343606140e+03 2.172889526000000000e+09
