# Lens_likelihood 	 seed
6.925411889186233566e+03 4.344389950000000000e+08
6.964538193057347598e+03 2.303355803000000000e+09
6.928953023067939284e+03 2.465657410000000000e+08
6.924713722729851725e+03 2.797198137000000000e+09
6.933343773281599169e+03 3.897636974000000000e+09
6.979679311370637151e+03 3.991426563000000000e+09
6.927313100779994784e+03 2.567388191000000000e+09
6.923635856600938496e+03 2.058982007000000000e+09
6.935801290698379489e+03 2.904171591000000000e+09
6.924434535978828535e+03 9.894553500000000000e+07
6.936511034147477403e+03 1.682229671000000000e+09
6.940278211148257469e+03 1.162952895000000000e+09
6.974021081933661662e+03 2.537723359000000000e+09
6.955589238436867163e+03 7.332918520000000000e+08
6.941245671256406240e+03 6.560635230000000000e+08
6.923210320490468803e+03 1.711095674000000000e+09
6.977222924809221695e+03 3.476293766000000000e+09
6.949805393016248672e+03 2.460174632000000000e+09
6.931841634399570466e+03 6.133790270000000000e+08
6.956458548809509011e+03 2.223917283000000000e+09
6.970815883530325664e+03 2.950479311000000000e+09
6.959838254365238754e+03 3.460334768000000000e+09
6.957622639957095089e+03 3.649944694000000000e+09
6.942042227212169564e+03 3.577763350000000000e+09
6.958719479775199034e+03 2.291932900000000000e+09
6.942037428641913721e+03 2.446533426000000000e+09
6.929219356747689744e+03 2.067024665000000000e+09
6.978933075883637684e+03 2.200224915000000000e+09
6.925784632734530533e+03 5.650551200000000000e+08
6.893213750653007992e+03 1.690919680000000000e+09
6.953076204723037335e+03 4.098904952000000000e+09
6.925569911910587507e+03 1.733603612000000000e+09
6.983389344526667628e+03 3.125256170000000000e+09
6.962712228381785280e+03 2.581958713000000000e+09
6.933451848702748975e+03 7.113226560000000000e+08
6.894726451781927608e+03 3.628795351000000000e+09
6.972465946182469452e+03 5.710770320000000000e+08
6.920275357144080772e+03 3.790142126000000000e+09
6.931072462431471649e+03 2.581910210000000000e+09
6.929708827680446120e+03 3.389267623000000000e+09
6.957570217959775619e+03 6.731078010000000000e+08
6.931858696148800846e+03 2.626959478000000000e+09
6.912240496956172137e+03 3.380257757000000000e+09
6.946258708223673239e+03 6.423278420000000000e+08
6.897515501156288337e+03 2.642560023000000000e+09
6.890296494759692905e+03 4.085380853000000000e+09
6.921805558686859513e+03 3.691317110000000000e+09
6.907602541719770670e+03 3.846721323000000000e+09
6.960237099793200287e+03 2.862141625000000000e+09
6.962074798419460421e+03 1.076134442000000000e+09
6.938708944256281029e+03 2.109849400000000000e+07
6.968141890912518647e+03 1.545958421000000000e+09
6.934542422351860296e+03 1.349261294000000000e+09
6.933284571300147036e+03 2.617285291000000000e+09
6.941609781465518608e+03 1.618431872000000000e+09
6.923846222021529684e+03 3.649701634000000000e+09
6.971330235650995746e+03 3.326963615000000000e+09
6.962820505229884475e+03 1.757356596000000000e+09
6.952799797388754087e+03 2.129347980000000000e+08
6.939699404980323379e+03 8.647048190000000000e+08
6.933143050775287520e+03 1.808904543000000000e+09
6.973518480527969587e+03 2.817987531000000000e+09
6.939296600921392383e+03 1.097873460000000000e+08
6.971749673511230867e+03 3.853198718000000000e+09
6.989222341230642087e+03 1.372996395000000000e+09
6.978990558134824823e+03 4.030043961000000000e+09
6.979845138868691720e+03 3.672577639000000000e+09
6.967340077071612541e+03 3.833369441000000000e+09
6.972890792671099007e+03 3.440116424000000000e+09
6.936918823766087371e+03 4.187517822000000000e+09
6.938472662971357749e+03 3.893432969000000000e+09
6.976817462474115018e+03 2.693481551000000000e+09
6.911649039212850766e+03 1.840048694000000000e+09
6.983859339283914778e+03 1.482276042000000000e+09
6.916324177777285513e+03 1.725613254000000000e+09
6.909329764400879867e+03 3.902845276000000000e+09
6.970748138369265689e+03 3.469944951000000000e+09
6.927451801509957477e+03 4.083279110000000000e+09
6.947525893319290844e+03 3.715274379000000000e+09
6.955487397283995961e+03 6.200876280000000000e+08
6.885419637094277277e+03 6.881396870000000000e+08
6.938328195449676969e+03 2.461116919000000000e+09
6.942852796280338225e+03 2.084793047000000000e+09
6.956975215559388744e+03 2.406714232000000000e+09
6.951741822205291101e+03 3.350663660000000000e+09
6.912836508385362322e+03 3.656237478000000000e+09
6.978829536087101587e+03 3.972448107000000000e+09
6.988779217249547401e+03 6.655166950000000000e+08
6.943826295039038087e+03 2.100676819000000000e+09
6.999202890091750305e+03 3.392456340000000000e+08
6.961952150107062153e+03 7.348162690000000000e+08
6.943381746870263669e+03 3.061856656000000000e+09
6.975451531015923138e+03 3.700725022000000000e+09
6.983060079010952904e+03 2.929585981000000000e+09
6.924658743907068128e+03 6.355833390000000000e+08
6.939468262761931328e+03 1.135078936000000000e+09
6.898964931141414127e+03 2.595377114000000000e+09
6.921455601264067809e+03 5.774048360000000000e+08
6.929391474764699524e+03 8.060457550000000000e+08
6.960239289359674331e+03 9.513319390000000000e+08
6.942581909848904616e+03 1.698303769000000000e+09
6.975168413914947450e+03 7.838416500000000000e+07
6.969785465537154778e+03 2.637938533000000000e+09
6.940656847265946453e+03 5.724931420000000000e+08
6.922944077479603038e+03 2.438565586000000000e+09
6.951731218113171963e+03 2.384792667000000000e+09
6.938288091699832876e+03 2.660342119000000000e+09
6.948167646075315133e+03 1.474174310000000000e+09
6.941317208051215857e+03 3.500231620000000000e+09
6.923857803096991120e+03 4.012955158000000000e+09
6.918800540484653538e+03 5.051630660000000000e+08
6.931936920286382701e+03 1.897607723000000000e+09
6.935850840144711583e+03 3.705031124000000000e+09
6.951696252153690693e+03 3.243831920000000000e+08
6.979044237288732802e+03 1.887103033000000000e+09
6.919999931358338472e+03 2.113451550000000000e+08
6.984302116504922196e+03 3.391997251000000000e+09
6.956384343182058728e+03 4.021097905000000000e+09
6.949074558368883118e+03 2.355358322000000000e+09
6.948959499288674124e+03 1.639334893000000000e+09
6.951201906705624424e+03 4.334857160000000000e+08
6.961069293654545618e+03 4.064589767000000000e+09
6.935473716045863512e+03 2.700373122000000000e+09
6.962214470870145306e+03 2.713264900000000000e+07
6.934107621490622478e+03 3.165165838000000000e+09
6.953466203814241453e+03 2.148293858000000000e+09
6.966550655896236094e+03 5.464359100000000000e+07
6.943118409799068104e+03 4.070830360000000000e+08
6.961627682533830011e+03 4.055791467000000000e+09
6.964715800899517490e+03 1.462823464000000000e+09
6.899583513058208155e+03 3.466882545000000000e+09
6.956737543475041093e+03 1.830618454000000000e+09
6.956575401343930935e+03 2.731106564000000000e+09
6.952789312559686550e+03 2.245328723000000000e+09
6.968695290110992573e+03 2.508173413000000000e+09
6.946240008820741423e+03 1.876345071000000000e+09
6.973371985101506652e+03 6.716958190000000000e+08
6.983678291888660169e+03 3.084504243000000000e+09
6.937572469980536880e+03 2.703601337000000000e+09
6.947675535353618216e+03 1.493579851000000000e+09
6.920114297144551529e+03 6.167117460000000000e+08
6.964526649257974896e+03 3.375195739000000000e+09
6.956224870569714767e+03 3.476941414000000000e+09
6.891012484025352023e+03 3.075281630000000000e+08
6.924645425091244761e+03 2.359731107000000000e+09
6.921236959350880170e+03 2.550277879000000000e+09
6.936850910269786255e+03 8.853808900000000000e+07
6.935314538344066023e+03 3.914130520000000000e+09
6.926072656072839891e+03 2.345261005000000000e+09
6.953523026610879242e+03 4.162734733000000000e+09
6.894757120431700059e+03 3.042025709000000000e+09
6.967205676792780650e+03 5.573663480000000000e+08
6.933317059662058455e+03 3.674713149000000000e+09
6.984504932255153108e+03 4.117122742000000000e+09
6.926317283755367498e+03 2.175643110000000000e+09
6.895147159284930240e+03 3.055535400000000000e+09
6.968996617248852999e+03 3.760034600000000000e+09
6.959521145551692825e+03 9.086986020000000000e+08
6.950084729265517126e+03 2.484257660000000000e+08
6.946113619512494552e+03 3.128106862000000000e+09
6.937827943357436197e+03 1.549248381000000000e+09
6.901448298826231621e+03 3.634559244000000000e+09
6.930359585286969377e+03 2.952157490000000000e+08
6.984103436571380371e+03 3.914754476000000000e+09
6.935760420060820252e+03 1.858874158000000000e+09
6.938293107240453537e+03 2.090663988000000000e+09
6.987222536972156377e+03 7.732003540000000000e+08
6.933938118234564172e+03 8.730881600000000000e+07
6.921721532773070976e+03 1.424022368000000000e+09
6.949388394144345511e+03 3.676102014000000000e+09
6.929560199533097148e+03 3.646039758000000000e+09
6.955223756904145375e+03 3.318727410000000000e+09
6.955824897067365782e+03 3.685705569000000000e+09
6.916282853446143235e+03 1.938620090000000000e+08
6.943077616196283998e+03 3.943831335000000000e+09
6.958604911227927914e+03 2.837575802000000000e+09
6.986522850011911942e+03 3.003040605000000000e+09
6.943080365802060442e+03 1.276314770000000000e+08
6.966017030985611200e+03 8.599615100000000000e+07
6.927669517729215841e+03 7.867630650000000000e+08
6.991523911244645205e+03 3.013510039000000000e+09
6.987237000435614391e+03 2.362898746000000000e+09
6.944125731411942979e+03 3.395111664000000000e+09
6.929280885610389305e+03 3.798052722000000000e+09
6.958679710213758881e+03 2.725633550000000000e+08
6.947277178535666280e+03 2.096939341000000000e+09
6.932855678876571801e+03 2.171504089000000000e+09
6.936670469155852516e+03 3.210769884000000000e+09
6.950977803454085006e+03 1.414343259000000000e+09
6.976804040654849814e+03 4.161289230000000000e+09
6.940936807203771423e+03 3.781102460000000000e+09
6.984475119084685502e+03 2.705911556000000000e+09
6.935109327380453578e+03 3.167031265000000000e+09
6.969361198941238399e+03 3.426602292000000000e+09
6.937433760246114616e+03 4.160116839000000000e+09
6.951718812386723584e+03 1.321604749000000000e+09
6.937030359555141331e+03 3.388287964000000000e+09
6.942124633916417224e+03 1.103228610000000000e+09
6.927075834063916773e+03 9.800686900000000000e+08
6.928068337241940753e+03 3.864736607000000000e+09
6.943105031948596661e+03 3.720437280000000000e+08
6.954301714703306061e+03 1.317751155000000000e+09
6.942818482524700812e+03 3.039627769000000000e+09
6.932418252941406536e+03 2.437239781000000000e+09
6.926315191433021027e+03 1.443453026000000000e+09
6.938415070593442579e+03 3.567898950000000000e+08
6.980233153083421712e+03 1.211407539000000000e+09
6.956914491540967902e+03 2.407613355000000000e+09
6.898290157999619623e+03 4.103138624000000000e+09
6.985851088033910855e+03 2.009300769000000000e+09
6.959634138065983279e+03 3.581555059000000000e+09
6.922529166219899707e+03 3.560933563000000000e+09
6.945541964245232521e+03 1.301902621000000000e+09
6.989660565955502534e+03 2.745147288000000000e+09
6.984034352961867626e+03 9.880260300000000000e+07
6.956047481375942880e+03 3.679042130000000000e+08
6.959609112939528131e+03 1.854154580000000000e+09
6.942874260875328218e+03 1.706066273000000000e+09
6.925688429846875806e+03 1.707450731000000000e+09
6.939059316102312550e+03 2.491622990000000000e+08
6.958187041097617112e+03 1.517849150000000000e+08
6.970690231409387707e+03 3.466360547000000000e+09
6.972620706218374835e+03 1.000711060000000000e+08
6.962205416920942298e+03 4.241135258000000000e+09
6.939634405575897290e+03 3.174312604000000000e+09
6.937154687245013520e+03 1.332826900000000000e+09
6.951382612151953253e+03 6.279138830000000000e+08
6.986146200081369898e+03 8.849017270000000000e+08
6.939766464997064759e+03 2.127451575000000000e+09
6.964949383186813066e+03 3.474535486000000000e+09
6.924949774324508326e+03 7.562051990000000000e+08
6.963187462824475006e+03 5.308721420000000000e+08
6.915361401702150033e+03 3.666325178000000000e+09
6.945989499639845235e+03 4.091806729000000000e+09
6.957697963395077750e+03 3.198607889000000000e+09
6.936821938725963264e+03 4.155713885000000000e+09
6.940829458580491519e+03 1.296895324000000000e+09
6.991074293320977631e+03 3.861199710000000000e+08
6.969197303862924855e+03 1.075347710000000000e+08
6.912684196578723459e+03 3.586009415000000000e+09
6.940355833573968084e+03 2.880150333000000000e+09
6.955658679870674860e+03 3.200134120000000000e+09
6.971494265624504806e+03 3.392719541000000000e+09
6.897095688828476341e+03 1.511996578000000000e+09
6.920358812131780724e+03 3.676217980000000000e+09
6.947955196285330203e+03 1.989661170000000000e+08
6.953186729550418931e+03 1.642062205000000000e+09
6.945515698866909588e+03 7.728424520000000000e+08
6.916382990254053766e+03 2.175588095000000000e+09
6.960067488637947463e+03 1.315223429000000000e+09
6.931338338694713457e+03 4.155213880000000000e+08
6.937650056988974029e+03 2.582477628000000000e+09
6.955301605458944323e+03 2.625635840000000000e+08
6.889900190272865075e+03 3.367660623000000000e+09
6.934841383411036986e+03 3.628058990000000000e+08
6.968859861526297209e+03 4.217251930000000000e+09
6.986590320755835819e+03 2.339048505000000000e+09
6.919423072604781737e+03 3.154256917000000000e+09
6.950111653053272676e+03 4.266794900000000000e+07
6.977313190482909704e+03 1.869667632000000000e+09
6.984957133653517303e+03 3.911230281000000000e+09
6.951631369085702318e+03 7.054346210000000000e+08
6.969320294306504366e+03 3.778554788000000000e+09
6.965811992962707336e+03 3.810156018000000000e+09
6.950580253786847607e+03 2.221375907000000000e+09
6.957290597131264803e+03 4.015071606000000000e+09
6.965052182152201567e+03 1.102443755000000000e+09
6.963876021284472699e+03 1.533840194000000000e+09
6.921558652974219513e+03 2.704037352000000000e+09
6.957576487323082802e+03 2.059223961000000000e+09
6.948594480636432309e+03 5.479050330000000000e+08
6.933254853629590798e+03 2.494700120000000000e+09
6.977146055665273707e+03 2.484636262000000000e+09
6.926814109446239854e+03 1.660614490000000000e+08
6.970861536937594792e+03 1.691083058000000000e+09
6.937626266461687919e+03 1.027062457000000000e+09
6.949232088334396394e+03 1.980724013000000000e+09
6.981833152983484979e+03 1.068931723000000000e+09
6.936453164363625547e+03 4.011456826000000000e+09
6.955893360659842074e+03 1.284049652000000000e+09
6.939997340774722034e+03 3.385869129000000000e+09
6.983025645815931966e+03 6.925245180000000000e+08
6.933332865820877487e+03 3.695650374000000000e+09
6.890811062048871463e+03 4.330446300000000000e+07
6.924853174839442545e+03 1.511059704000000000e+09
6.946934388584065346e+03 7.529403180000000000e+08
6.923085180518448396e+03 4.507920400000000000e+08
6.967173342142815272e+03 1.054690062000000000e+09
6.925291718393013070e+03 3.868143655000000000e+09
6.971797986593348469e+03 2.117907138000000000e+09
6.918677876253592331e+03 3.368082459000000000e+09
6.943457915139715624e+03 3.580064450000000000e+08
6.976570785924113807e+03 2.131984733000000000e+09
6.921156558014810798e+03 3.722451419000000000e+09
6.940383202547032852e+03 8.230381640000000000e+08
6.959942701842526731e+03 3.062985278000000000e+09
6.925740792845339456e+03 3.545774889000000000e+09
6.933152733048154914e+03 4.272899185000000000e+09
6.966123455636943618e+03 4.156592772000000000e+09
6.944400016546353982e+03 3.798247415000000000e+09
6.987758506810492690e+03 2.550397027000000000e+09
6.980345653205045892e+03 6.408054750000000000e+08
6.938416215384193492e+03 3.927172408000000000e+09
6.962063220435053154e+03 1.434043627000000000e+09
6.985751736767355396e+03 3.854949729000000000e+09
6.952827954358188435e+03 2.766876306000000000e+09
6.924653888537798593e+03 2.324993195000000000e+09
6.945092426649846857e+03 5.086958500000000000e+08
6.941494395140711276e+03 1.101486241000000000e+09
6.972834039522496823e+03 2.491294462000000000e+09
6.968588643592634980e+03 7.573330590000000000e+08
6.929647200991246791e+03 2.422600111000000000e+09
6.941600802242905957e+03 4.745633930000000000e+08
6.955616485807331628e+03 2.306807288000000000e+09
6.973751220958674821e+03 1.110579098000000000e+09
6.938439319965530558e+03 2.901075337000000000e+09
6.956231356285094080e+03 4.217522949000000000e+09
6.985686377209507555e+03 3.117045108000000000e+09
6.954666628897406554e+03 1.987391121000000000e+09
6.947700350308853558e+03 1.333923771000000000e+09
6.957164271162416298e+03 1.863389980000000000e+09
6.894705200671282000e+03 3.265379225000000000e+09
6.947055850795005426e+03 2.520711927000000000e+09
6.984792482584492973e+03 3.314373872000000000e+09
6.950754312896066040e+03 2.035089898000000000e+09
6.946904188645979048e+03 3.057287133000000000e+09
6.947186849726635046e+03 1.801021191000000000e+09
6.952605223649481559e+03 9.850759850000000000e+08
6.955503423012019994e+03 2.750145560000000000e+08
6.933349116508497900e+03 3.954005146000000000e+09
6.970053152181410042e+03 2.854289400000000000e+09
6.938016392498316236e+03 1.591945723000000000e+09
6.945751038292755766e+03 1.106729085000000000e+09
6.956034251536323609e+03 1.058952306000000000e+09
6.901082716557596541e+03 1.286285566000000000e+09
6.914717235890782831e+03 1.988900222000000000e+09
6.941552063485793951e+03 2.923298400000000000e+09
6.969009871159329123e+03 3.290498979000000000e+09
6.977033090784270826e+03 3.853042010000000000e+08
6.916123424273070668e+03 1.010711526000000000e+09
6.919657092752980134e+03 2.831383074000000000e+09
6.955462020153288904e+03 4.010483174000000000e+09
6.895518957429640068e+03 2.482526565000000000e+09
6.929050974759427845e+03 1.837831786000000000e+09
6.958464111937430062e+03 7.111775140000000000e+08
6.934132976684092682e+03 4.155227300000000000e+09
6.954714149364872355e+03 1.059544936000000000e+09
6.995554318294881341e+03 4.106229425000000000e+09
6.934629681644226366e+03 2.585737288000000000e+09
6.895888247082142698e+03 1.098061521000000000e+09
