# Lens_likelihood 	 seed
6.997143299367512554e+03 2.170053589000000000e+09
7.038634102837289902e+03 1.129252693000000000e+09
7.010567998204858668e+03 2.255564015000000000e+09
7.013683666101706876e+03 6.014663600000000000e+07
6.945684505611598070e+03 1.780422232000000000e+09
6.937391169903767150e+03 1.965144866000000000e+09
6.991429776569616479e+03 2.604911014000000000e+09
7.028004857250827627e+03 7.664253080000000000e+08
7.031507338942430579e+03 3.091928421000000000e+09
7.032309342581854253e+03 2.014490153000000000e+09
7.002324288891655669e+03 1.661107802000000000e+09
6.945894016986023416e+03 1.260546904000000000e+09
7.022410715824105864e+03 3.719509346000000000e+09
6.977459860268351804e+03 2.218925704000000000e+09
7.012912387206737549e+03 8.980108820000000000e+08
6.989468697548635646e+03 2.813141421000000000e+09
6.938995350792676618e+03 4.363383810000000000e+08
6.946472175420846725e+03 3.407777648000000000e+09
6.952969025870730547e+03 1.587965400000000000e+07
7.017931179771641837e+03 2.905346766000000000e+09
7.044094615193663230e+03 2.568951795000000000e+09
6.991936723669362436e+03 1.983648369000000000e+09
6.988094324247911572e+03 3.479490508000000000e+09
6.991856167459465723e+03 2.414523870000000000e+09
7.006948325128504621e+03 3.594826331000000000e+09
7.005773070422656019e+03 2.723397161000000000e+09
7.017497174400516997e+03 3.403787867000000000e+09
6.887349699459731710e+03 3.623050538000000000e+09
6.985941738744080794e+03 4.032264041000000000e+09
6.978648927365416966e+03 1.216432218000000000e+09
7.022161263724397941e+03 3.108017620000000000e+09
7.048730081827337926e+03 2.613362413000000000e+09
7.028253741262603398e+03 2.685075790000000000e+08
7.033061480069916797e+03 2.774668840000000000e+09
6.893380082664727524e+03 2.109479977000000000e+09
7.014825032499375084e+03 1.519651909000000000e+09
7.009193493260277137e+03 2.963714027000000000e+09
7.043497910684913222e+03 3.211922259000000000e+09
6.976157842039360730e+03 2.009505806000000000e+09
6.970929790212331682e+03 2.150718420000000000e+09
6.976777951559342910e+03 3.797659047000000000e+09
7.035202924102486577e+03 6.146802080000000000e+08
6.984821738111554623e+03 6.288830020000000000e+08
6.812309322319593775e+03 1.158809670000000000e+08
6.868926365454057304e+03 9.783674080000000000e+08
7.014172170671964523e+03 3.526713310000000000e+08
7.009722804801342136e+03 3.461341724000000000e+09
7.004091927232399030e+03 4.076177635000000000e+09
6.981871557263257273e+03 7.407710270000000000e+08
6.994464488952034117e+03 1.861564655000000000e+09
7.015859611393744672e+03 8.710040060000000000e+08
6.995668124634876222e+03 1.534777326000000000e+09
6.962797273156184019e+03 1.645224633000000000e+09
6.975497686512730979e+03 7.412609760000000000e+08
6.993301362099554353e+03 7.780613430000000000e+08
6.994621884191050412e+03 8.843428520000000000e+08
6.949438732933246683e+03 2.858512744000000000e+09
7.015196963094963394e+03 4.097826092000000000e+09
6.842785468368895636e+03 1.990928612000000000e+09
6.932585417047615920e+03 1.944986128000000000e+09
6.978224133525021898e+03 1.078124210000000000e+08
7.005479624298117415e+03 2.490686111000000000e+09
6.979679885002331503e+03 3.393032681000000000e+09
7.031010066133336295e+03 3.939650750000000000e+09
6.954373905950258631e+03 1.910212943000000000e+09
7.008368506089784205e+03 2.754799626000000000e+09
6.949272743901037757e+03 1.946740487000000000e+09
6.951974496764320065e+03 3.804434883000000000e+09
7.002772870190622598e+03 8.227268330000000000e+08
6.955667234689237375e+03 2.967791533000000000e+09
6.988319186723883831e+03 3.041361255000000000e+09
6.979759800665497096e+03 1.415766763000000000e+09
6.866376488899219112e+03 3.574003114000000000e+09
6.995247531382943635e+03 2.229954460000000000e+08
7.030742320042338179e+03 3.482572185000000000e+09
6.950744493776175659e+03 9.098428560000000000e+08
6.984666008104730281e+03 1.007056044000000000e+09
6.946754937353801324e+03 1.914441550000000000e+09
7.019003136843443826e+03 6.775413410000000000e+08
6.986272895764597706e+03 1.438464298000000000e+09
7.027726398306363080e+03 3.251852748000000000e+09
7.031925264141321350e+03 2.392981277000000000e+09
7.024100967789378046e+03 2.125390632000000000e+09
7.052925532897372250e+03 3.608034776000000000e+09
6.969072689948618063e+03 7.715061480000000000e+08
6.906393573357140667e+03 5.143295470000000000e+08
7.017088938607105774e+03 2.991802810000000000e+08
6.980132474227365492e+03 1.429234202000000000e+09
7.034981611951947343e+03 2.722354224000000000e+09
6.942327216299530846e+03 3.914899700000000000e+07
6.996035468934176606e+03 1.072979062000000000e+09
6.997569601629640601e+03 3.320382668000000000e+09
7.008409186252046311e+03 4.220032720000000000e+09
6.982432342290475390e+03 2.214968846000000000e+09
6.979294295077378592e+03 9.923792000000000000e+07
6.949567430822633469e+03 3.399841953000000000e+09
6.968601713314512381e+03 4.239793957000000000e+09
7.017179975155861030e+03 3.267503444000000000e+09
7.032577099799698772e+03 3.484188628000000000e+09
6.907375267950248599e+03 3.751769582000000000e+09
7.016593666051086984e+03 2.096149066000000000e+09
7.013948345987418179e+03 2.756552814000000000e+09
6.981245736310444045e+03 2.255055688000000000e+09
7.012184459742305989e+03 9.756847550000000000e+08
7.004010623348343870e+03 4.770328300000000000e+07
7.025594344589677348e+03 2.192620085000000000e+09
7.006635807903281602e+03 1.873128600000000000e+09
6.954719342420438807e+03 2.565904198000000000e+09
6.988440526143733223e+03 4.158885570000000000e+09
6.978515919844398013e+03 1.786903594000000000e+09
6.980278054642854840e+03 3.452213313000000000e+09
6.948465492342344078e+03 7.781373940000000000e+08
6.930936079290112502e+03 2.786155754000000000e+09
6.931432373313915377e+03 4.089683203000000000e+09
7.036383265118991403e+03 7.087143160000000000e+08
6.935829663307900773e+03 2.502314343000000000e+09
6.964101588610116778e+03 3.906686198000000000e+09
6.964369653844501045e+03 2.629319880000000000e+09
7.004878420704520067e+03 2.945926505000000000e+09
6.946274902485562052e+03 3.426673326000000000e+09
7.002482853972074736e+03 4.053273438000000000e+09
6.996734837789509584e+03 1.080866969000000000e+09
6.962930210348089531e+03 2.974265905000000000e+09
6.961804219724590439e+03 5.858541240000000000e+08
7.028363452710360434e+03 3.022817000000000000e+09
6.932631420692044230e+03 5.546273480000000000e+08
7.003699828347355833e+03 3.258161090000000000e+09
6.972094736392480627e+03 3.248884654000000000e+09
7.002515132760907363e+03 3.058146819000000000e+09
6.973179351339146706e+03 1.183285500000000000e+08
6.984783522157185871e+03 3.458642910000000000e+09
6.897721104680604185e+03 1.576480192000000000e+09
7.019936840020150157e+03 3.433028784000000000e+09
6.932821466515031716e+03 1.520478444000000000e+09
7.021632465867052815e+03 2.233074218000000000e+09
6.937578163451928958e+03 2.644030140000000000e+09
6.954275407609278773e+03 3.252056155000000000e+09
6.958299828731871457e+03 3.469891429000000000e+09
6.964447209110199765e+03 1.996558338000000000e+09
7.006873594364866221e+03 1.121045380000000000e+09
7.007923613662183016e+03 7.259952260000000000e+08
6.943950686210771892e+03 2.589940586000000000e+09
6.923342451801745483e+03 6.916776010000000000e+08
6.968306169833932472e+03 1.353219956000000000e+09
6.974972097228271195e+03 6.739613310000000000e+08
6.960198180486382626e+03 3.563127030000000000e+08
7.000771473300153957e+03 1.387047855000000000e+09
7.036190147974534739e+03 2.174185159000000000e+09
6.924527262077081105e+03 3.471985383000000000e+09
7.055182985428637949e+03 3.474784985000000000e+09
6.977100787592057713e+03 1.182827733000000000e+09
7.013033163772140142e+03 1.651874208000000000e+09
7.031517118114632467e+03 2.769477901000000000e+09
6.945442540406366788e+03 4.163479890000000000e+09
6.964663769855571445e+03 4.028654997000000000e+09
6.942847668685656572e+03 1.652206941000000000e+09
6.978268371318528807e+03 2.691339737000000000e+09
7.027506995269372055e+03 1.675724655000000000e+09
7.002646672761617083e+03 1.759124783000000000e+09
7.008127391498093857e+03 6.260409800000000000e+07
6.942473757035906601e+03 3.883483205000000000e+09
7.026224457565653211e+03 2.043669114000000000e+09
6.976459248164475866e+03 2.897057443000000000e+09
7.032803803926792170e+03 1.947685449000000000e+09
6.984634194511933856e+03 2.384672593000000000e+09
7.027655312587547996e+03 1.952052766000000000e+09
6.998437033674783379e+03 4.058011270000000000e+09
6.971853435695751614e+03 2.060395532000000000e+09
6.985081097745650368e+03 6.626763600000000000e+07
6.892880101312203806e+03 2.637643240000000000e+08
6.996445655554982295e+03 2.353970140000000000e+09
7.016694484348044170e+03 8.671716120000000000e+08
6.994751828015020692e+03 1.920992185000000000e+09
7.010454510031516293e+03 1.417343159000000000e+09
7.026864772541807724e+03 3.215762781000000000e+09
7.008667550389879580e+03 9.500977340000000000e+08
6.978664461405665861e+03 2.990425766000000000e+09
7.004726866852513922e+03 1.120897152000000000e+09
6.959571642081597929e+03 8.327706570000000000e+08
7.017560055985533836e+03 3.841659387000000000e+09
7.043445343999293982e+03 2.926967204000000000e+09
6.964022814334588475e+03 2.866802472000000000e+09
6.967955124311411964e+03 4.207499733000000000e+09
7.050752637024374053e+03 2.783274180000000000e+08
7.018028058282473467e+03 4.214077145000000000e+09
7.027942332786704355e+03 3.165013501000000000e+09
6.992692676759677852e+03 1.347741685000000000e+09
7.046691973630415305e+03 3.447395376000000000e+09
6.996681578597842417e+03 4.249770673000000000e+09
6.966904981375188072e+03 2.615834290000000000e+08
6.998992718705609150e+03 3.458982941000000000e+09
6.959926360762505283e+03 7.041263690000000000e+08
6.949531816431765947e+03 2.867651307000000000e+09
6.943341317761920436e+03 3.567349518000000000e+09
7.069570419021357338e+03 1.594153239000000000e+09
7.027960620514487346e+03 3.231566700000000000e+07
6.943731430437679592e+03 2.025564267000000000e+09
6.992760735184936493e+03 5.336131380000000000e+08
7.046382581966742691e+03 2.016436575000000000e+09
6.964258341838610249e+03 1.242594212000000000e+09
7.052082754872489204e+03 7.115975810000000000e+08
7.013019338862170116e+03 3.163699181000000000e+09
7.002965519402600876e+03 4.811520200000000000e+07
7.010146003085501434e+03 5.735057990000000000e+08
6.994416468203369732e+03 6.974169570000000000e+08
6.987924717456670805e+03 3.147544029000000000e+09
6.994014310394861241e+03 3.989937930000000000e+08
6.990191337741559437e+03 4.147623707000000000e+09
7.008035257669509519e+03 9.554249550000000000e+08
6.995807123960693389e+03 6.911455080000000000e+08
7.004960238731701793e+03 1.270074751000000000e+09
6.978102370737053207e+03 3.814018791000000000e+09
6.898480382742792244e+03 9.213678120000000000e+08
6.994388070956490992e+03 2.647148852000000000e+09
6.981674068056971919e+03 4.026189386000000000e+09
6.976557453128358247e+03 3.158251929000000000e+09
6.983106396065531044e+03 2.434943686000000000e+09
7.001708462156641872e+03 2.085252236000000000e+09
6.975134542555299049e+03 6.572705050000000000e+08
7.011961122155624253e+03 2.362964746000000000e+09
7.031884574115169016e+03 1.973311637000000000e+09
6.970452039276652613e+03 2.356813714000000000e+09
7.048812055264599621e+03 3.755014243000000000e+09
7.048101844665988210e+03 2.141529845000000000e+09
7.009729624989397053e+03 1.973256368000000000e+09
7.017517255211991142e+03 2.667211543000000000e+09
7.002407790923555694e+03 1.726307968000000000e+09
7.016132892344438915e+03 7.712540100000000000e+07
7.018941860630826341e+03 6.108323950000000000e+08
6.964100646525712364e+03 2.517253028000000000e+09
7.026713119218718930e+03 1.139169367000000000e+09
6.990306135284633456e+03 2.068259265000000000e+09
7.039544438745985644e+03 2.839057433000000000e+09
7.037161418868075998e+03 7.543080800000000000e+07
6.837027449392891867e+03 2.211086741000000000e+09
6.866794056052008273e+03 8.831750770000000000e+08
6.934786431557871765e+03 7.162090410000000000e+08
6.975150328431142043e+03 1.334463849000000000e+09
6.986156515504565505e+03 2.727178837000000000e+09
6.936794118437956968e+03 1.155577573000000000e+09
6.941240390836319420e+03 2.457248315000000000e+09
6.930427201495993359e+03 2.987006964000000000e+09
7.038201566764902054e+03 2.244045213000000000e+09
7.014305519015202663e+03 3.945981541000000000e+09
6.975612371094467562e+03 3.310703024000000000e+09
7.026168781705809124e+03 1.438748844000000000e+09
6.985348009213696969e+03 2.224007537000000000e+09
6.889471243224289537e+03 9.524929900000000000e+08
6.971261201511282707e+03 3.964930741000000000e+09
7.021593020588755280e+03 3.453816952000000000e+09
7.032136979898054051e+03 6.615947680000000000e+08
6.980274390248769123e+03 1.888900647000000000e+09
7.012141796745827378e+03 9.589100120000000000e+08
6.970751434036218598e+03 1.820275130000000000e+09
7.032109890568728588e+03 2.376215148000000000e+09
6.997154876502758270e+03 2.289720457000000000e+09
6.942925108084652493e+03 2.953731422000000000e+09
6.962576678834197082e+03 3.556682653000000000e+09
6.915297192316549626e+03 2.597306511000000000e+09
7.049935741810693798e+03 8.000173190000000000e+08
6.984315924234500926e+03 1.744104108000000000e+09
7.005703934152531474e+03 6.670200650000000000e+08
6.973937358369190406e+03 3.077900063000000000e+09
7.015882315449874113e+03 3.585574749000000000e+09
6.964071942597964153e+03 3.822744565000000000e+09
7.008824949198751710e+03 1.370044274000000000e+09
6.970465125096513475e+03 1.826649826000000000e+09
7.021288664494181830e+03 4.033658479000000000e+09
7.007134738711082719e+03 3.272836752000000000e+09
7.012773429202468833e+03 3.255761347000000000e+09
6.968106471127554869e+03 1.498111502000000000e+09
7.021102491518055103e+03 1.590688992000000000e+09
7.026343566215033206e+03 1.276745137000000000e+09
6.957499840410254365e+03 3.386302129000000000e+09
6.883005797552402328e+03 2.793891113000000000e+09
7.004526516900255046e+03 3.991873841000000000e+09
6.981717966426129351e+03 2.641561469000000000e+09
7.025025693767925077e+03 1.166633002000000000e+09
7.026370637977908700e+03 2.848163150000000000e+09
7.000991413449267384e+03 2.035079383000000000e+09
7.012898144379185396e+03 3.000880354000000000e+09
7.029038423800903729e+03 3.061326382000000000e+09
6.966014895397642249e+03 2.813146566000000000e+09
7.052315873011376425e+03 1.840448731000000000e+09
7.017943426694531809e+03 8.306063430000000000e+08
7.018488303688960514e+03 2.661589713000000000e+09
6.992488692838367569e+03 9.828451860000000000e+08
7.007408071658373956e+03 3.383968903000000000e+09
6.901872075167078037e+03 9.235990590000000000e+08
6.993761213763846172e+03 2.965477907000000000e+09
7.041985428062595929e+03 3.770703114000000000e+09
6.963569560740392262e+03 2.819201811000000000e+09
7.013247696715565326e+03 3.300575484000000000e+09
7.018046640910062706e+03 1.724512627000000000e+09
6.962041359422621099e+03 2.970702493000000000e+09
6.970455101810732231e+03 2.275975520000000000e+08
7.041782892198942136e+03 1.018836943000000000e+09
7.024465145733896861e+03 3.844298098000000000e+09
6.957713078246522855e+03 3.053796559000000000e+09
6.978945174155654968e+03 2.992308393000000000e+09
7.015212634723645351e+03 1.397308655000000000e+09
6.961053616751662958e+03 7.691961550000000000e+08
6.949518945989239000e+03 2.635576103000000000e+09
6.954261578929408643e+03 1.193807600000000000e+08
7.008977657135758818e+03 3.736224198000000000e+09
7.018169380864290360e+03 3.699584151000000000e+09
7.033943039707912249e+03 2.245972639000000000e+09
7.019489775346937677e+03 3.248816401000000000e+09
7.013555064645939638e+03 1.477056517000000000e+09
7.036826093913000477e+03 3.831889939000000000e+09
6.964951870091545061e+03 3.936282388000000000e+09
6.990883116999564663e+03 1.700342383000000000e+09
6.980620026194965249e+03 3.149749587000000000e+09
7.050390933838486490e+03 4.080497058000000000e+09
6.945922585194573003e+03 2.357407040000000000e+08
6.892051257151528262e+03 3.610536278000000000e+09
6.990512558866765175e+03 4.270253930000000000e+08
6.995746339359637204e+03 1.847570300000000000e+07
6.924876754635254656e+03 2.308215855000000000e+09
7.041808395607320563e+03 4.250676465000000000e+09
6.966719057986560983e+03 8.987427090000000000e+08
7.021418683628884537e+03 3.498012350000000000e+08
6.987884538214022541e+03 2.123467766000000000e+09
6.974745826910696451e+03 1.893849940000000000e+09
6.873737503588939035e+03 4.014829572000000000e+09
7.019276295748411030e+03 3.230605241000000000e+09
6.956166659362714199e+03 1.291189507000000000e+09
7.012674239217239119e+03 2.389610325000000000e+09
7.001394331747685101e+03 2.964180062000000000e+09
7.024896103114157086e+03 9.959085980000000000e+08
6.974658951759724005e+03 2.611135553000000000e+09
7.007520244325876774e+03 4.699315530000000000e+08
7.011037643327265869e+03 1.030596712000000000e+09
6.971572450667204066e+03 2.501985327000000000e+09
7.003246682780591073e+03 3.550977419000000000e+09
6.958443216713390029e+03 4.005208618000000000e+09
6.961391851702364875e+03 3.990716426000000000e+09
6.986055865835390250e+03 2.223611211000000000e+09
7.025552016291392647e+03 1.956839499000000000e+09
7.002534617926406099e+03 4.196093012000000000e+09
7.010176605381569971e+03 1.522421117000000000e+09
6.865584432837484201e+03 3.511734263000000000e+09
6.948178298396094760e+03 1.484017012000000000e+09
7.008171155921851096e+03 4.257774856000000000e+09
7.006405716445867256e+03 3.310713555000000000e+09
7.023459178603885448e+03 1.747570621000000000e+09
6.995211310007814063e+03 2.914992177000000000e+09
6.946229894831710226e+03 8.799215650000000000e+08
7.024686209350458739e+03 2.263635722000000000e+09
7.017106021280558707e+03 1.137317932000000000e+09
