# Lens_likelihood 	 seed
5.529318329259258462e+03 3.110797391000000000e+09
5.525430204935015354e+03 7.673439000000000000e+07
5.495818016772838746e+03 4.236626634000000000e+09
5.526868795101634532e+03 2.042363273000000000e+09
5.499449803143861573e+03 4.302692100000000000e+08
5.521029277136742166e+03 3.102751617000000000e+09
5.505491137131243704e+03 2.929990162000000000e+09
5.498242308454402519e+03 4.201572422000000000e+09
5.504250233029961237e+03 3.842364003000000000e+09
5.505725625474779918e+03 3.413206301000000000e+09
5.539162576637938400e+03 2.224460509000000000e+09
5.523993818136888876e+03 1.810819179000000000e+09
5.529336008500593380e+03 1.030679393000000000e+09
5.527859811103060565e+03 7.099996970000000000e+08
5.493394681614765432e+03 2.312861924000000000e+09
5.509008295283351799e+03 9.091784710000000000e+08
5.507947243143598826e+03 3.746732058000000000e+09
5.517047128651669482e+03 1.152135319000000000e+09
5.533288759293707699e+03 4.167981664000000000e+09
5.523265943877706377e+03 2.481524249000000000e+09
5.504452703106959234e+03 3.252642050000000000e+09
5.487741236542471597e+03 2.601231375000000000e+09
5.464220437270924776e+03 5.342286450000000000e+08
5.516244814586530083e+03 2.794392280000000000e+09
5.508421933335722315e+03 1.855881983000000000e+09
5.530633988939962364e+03 1.491607733000000000e+09
5.527672797786404772e+03 4.001857567000000000e+09
5.527056117295149306e+03 1.812067524000000000e+09
5.527663116921756227e+03 3.585143489000000000e+09
5.506705953504630088e+03 1.673685194000000000e+09
5.563951968460361059e+03 4.894458270000000000e+08
5.519685230736693484e+03 4.287012657000000000e+09
5.493124122484553482e+03 1.015454793000000000e+09
5.540205922611319693e+03 3.658634443000000000e+09
5.507130152383533641e+03 1.882544485000000000e+09
5.517138183579461838e+03 2.754134778000000000e+09
5.491641041587349719e+03 1.239491087000000000e+09
5.490641007678501410e+03 3.811136837000000000e+09
5.494519382164686249e+03 1.292456865000000000e+09
5.498220356633399206e+03 2.681800175000000000e+09
5.504003290655817182e+03 3.807348432000000000e+09
5.511608612030778204e+03 1.500957833000000000e+09
5.472192143572849091e+03 2.617185508000000000e+09
5.495440349896134649e+03 3.821410355000000000e+09
5.531161753986632903e+03 1.335171098000000000e+09
5.497011691841207721e+03 5.713367410000000000e+08
5.512387596429301084e+03 4.491478600000000000e+08
5.488241615294304211e+03 3.250712190000000000e+09
5.531420482391667974e+03 3.603838519000000000e+09
5.504245557324460606e+03 3.594977697000000000e+09
5.518868312083666751e+03 8.732404570000000000e+08
5.511162125594853933e+03 1.746496611000000000e+09
5.503498934189598003e+03 1.335613659000000000e+09
5.510077094233527532e+03 2.553410238000000000e+09
5.519390703705857959e+03 4.258482804000000000e+09
5.522395620912553568e+03 7.121453310000000000e+08
5.480319060830201124e+03 1.579874184000000000e+09
5.524649205986630477e+03 8.070448000000000000e+08
5.519199713456378959e+03 2.136975006000000000e+09
5.499909875568579992e+03 6.429261200000000000e+08
5.516084406603346906e+03 1.916367812000000000e+09
5.489286114708569585e+03 3.971881246000000000e+09
5.492446423438125748e+03 2.317923464000000000e+09
5.533661742927381056e+03 3.341745600000000000e+09
5.526053117141860639e+03 3.193119210000000000e+08
5.503765681865990700e+03 1.314289886000000000e+09
5.505776475460050278e+03 2.630729667000000000e+09
5.523259110224957112e+03 3.161850292000000000e+09
5.544339280559837789e+03 4.031787212000000000e+09
5.524992363043652404e+03 2.188975098000000000e+09
5.526888988370444167e+03 1.049480734000000000e+09
5.523070480808119100e+03 1.152945277000000000e+09
5.548235298244567275e+03 2.150690003000000000e+09
5.523456631228369588e+03 6.359856090000000000e+08
5.526727397280793411e+03 2.050123340000000000e+09
5.529031307117833421e+03 3.089580320000000000e+09
5.496643651364474863e+03 2.979256089000000000e+09
5.518878475829168565e+03 2.377053680000000000e+08
5.511229269100806050e+03 1.435921985000000000e+09
5.545773469889580156e+03 3.972968636000000000e+09
5.492659090956046384e+03 2.956906686000000000e+09
5.504434027579703070e+03 5.890517290000000000e+08
5.512509941496413376e+03 6.851023700000000000e+08
5.480388094606969389e+03 1.518560642000000000e+09
5.515408226539773750e+03 1.220078346000000000e+09
5.508829934933804907e+03 4.125111357000000000e+09
5.489314429828989887e+03 2.430641585000000000e+09
5.520794275804415520e+03 4.138214110000000000e+09
5.504555725043177517e+03 1.588525534000000000e+09
5.485661459514774833e+03 9.908495000000000000e+08
5.519097352491588026e+03 3.278268267000000000e+09
5.486999828566620636e+03 1.604408054000000000e+09
5.506102222331070152e+03 6.497007600000000000e+08
5.523406098810341973e+03 1.072364342000000000e+09
5.510653076473648980e+03 3.362999672000000000e+09
5.537984754678873287e+03 4.824385170000000000e+08
5.532866543722081587e+03 2.388596983000000000e+09
5.513444120500438657e+03 2.058710181000000000e+09
5.539749908073643383e+03 4.063997287000000000e+09
5.543336012676356404e+03 3.473335799000000000e+09
5.507673769181739772e+03 1.561770509000000000e+09
5.489515322649547670e+03 1.887933293000000000e+09
5.489238367536771875e+03 2.130323359000000000e+09
5.521325836685596187e+03 2.457770267000000000e+09
5.525290635772769747e+03 3.689383400000000000e+09
5.518567639323031472e+03 6.280097400000000000e+08
5.535411214347303940e+03 2.900737919000000000e+09
5.538414689957411611e+03 3.354948638000000000e+09
5.516337657816444334e+03 4.087384965000000000e+09
5.556961570244406175e+03 3.781756104000000000e+09
5.487472383637424173e+03 2.275137583000000000e+09
5.519081036742260039e+03 3.189823252000000000e+09
5.516233050946304502e+03 7.878338180000000000e+08
5.517959864373215169e+03 1.167974665000000000e+09
5.506530609810961323e+03 4.294419399000000000e+09
5.497389547028641573e+03 3.062406767000000000e+09
5.493700736609716841e+03 1.265358718000000000e+09
5.490369254384963824e+03 1.390834070000000000e+08
5.523524858034710633e+03 1.002095371000000000e+09
5.539354622752729483e+03 3.079750365000000000e+09
5.525242255633344030e+03 3.415631270000000000e+09
5.535629775254828928e+03 2.138939450000000000e+08
5.505019187013887858e+03 2.750149821000000000e+09
5.504750805891541859e+03 1.352338115000000000e+09
5.528908407399098905e+03 2.320642363000000000e+09
5.499467200366714678e+03 6.183064000000000000e+07
5.528303675024194490e+03 3.445625837000000000e+09
5.508491630205713591e+03 3.618577225000000000e+09
5.544904032586629910e+03 3.832936921000000000e+09
5.488295219773248391e+03 3.321640714000000000e+09
5.512356426192224717e+03 2.633486890000000000e+09
5.505080782391758476e+03 9.233595840000000000e+08
5.525333824400700905e+03 2.588373222000000000e+09
5.462082472193073045e+03 1.024542439000000000e+09
5.524306655929956833e+03 2.100939309000000000e+09
5.504056910737510407e+03 8.165135450000000000e+08
5.531342725258174141e+03 8.199128910000000000e+08
5.541707689304125779e+03 1.029867698000000000e+09
5.523043796213642054e+03 7.949181700000000000e+08
5.519705844010253713e+03 2.525773672000000000e+09
5.550375639043750198e+03 6.907640560000000000e+08
5.487399580047176642e+03 2.239767936000000000e+09
5.538411933098730515e+03 2.887763171000000000e+09
5.498911745106119270e+03 2.991443533000000000e+09
5.535917049317126839e+03 4.224300842000000000e+09
5.491646791458022562e+03 3.159605354000000000e+09
5.523953901268866503e+03 2.858285182000000000e+09
5.522902953840663031e+03 4.210377589000000000e+09
5.488326998369480862e+03 3.890723601000000000e+09
5.545701762580044488e+03 4.865997810000000000e+08
5.530178224734901050e+03 2.382494138000000000e+09
5.478464471938215866e+03 2.669139030000000000e+08
5.493716213691391204e+03 3.597111700000000000e+09
5.512267782523317692e+03 1.586191026000000000e+09
5.520264019512455889e+03 3.033452227000000000e+09
5.527927204516025085e+03 4.009012538000000000e+09
5.494324668177085186e+03 3.116428440000000000e+09
5.517511943483671530e+03 2.382895938000000000e+09
5.503908721131445418e+03 7.688309880000000000e+08
5.521419756885208699e+03 3.010745735000000000e+09
5.487378950904432713e+03 2.938717987000000000e+09
5.501515883356707491e+03 1.224830892000000000e+09
5.513757628794085576e+03 2.427350557000000000e+09
5.522688954159373679e+03 3.198412833000000000e+09
5.536408756313403501e+03 3.853871435000000000e+09
5.499832948688961551e+03 9.476927930000000000e+08
5.530850979758894027e+03 3.016587800000000000e+09
5.490547892885206238e+03 3.785208441000000000e+09
5.514430229243371286e+03 1.626221323000000000e+09
5.508258835593627737e+03 1.073292499000000000e+09
5.516755931626266829e+03 9.524878140000000000e+08
5.523395039723733134e+03 3.570353371000000000e+09
5.529979496653619208e+03 1.792943735000000000e+09
5.462938519738228933e+03 3.171081987000000000e+09
5.502272634550263319e+03 3.695751341000000000e+09
5.487618607861582859e+03 6.903550270000000000e+08
5.539776772941630043e+03 8.463933330000000000e+08
5.525841196453441626e+03 1.612303740000000000e+08
5.527035670316296091e+03 1.096313429000000000e+09
5.555264786782246119e+03 4.023578878000000000e+09
5.508148380492461001e+03 2.041969870000000000e+09
5.504491989867218763e+03 1.121184266000000000e+09
5.524043141641386683e+03 2.807602041000000000e+09
5.512823090262801998e+03 9.255909820000000000e+08
5.489145324829951278e+03 3.006257591000000000e+09
5.487672333832837467e+03 3.264573955000000000e+09
5.483578819142199791e+03 1.343805500000000000e+08
5.500436748697070470e+03 1.282078987000000000e+09
5.519323158973904356e+03 3.443520540000000000e+09
5.499852327186757975e+03 1.229985857000000000e+09
5.506127663920850864e+03 1.320181032000000000e+09
5.470012715098659100e+03 2.760957434000000000e+09
5.473567450647067744e+03 1.476641527000000000e+09
5.483771476795355738e+03 3.703946846000000000e+09
5.490176489080590727e+03 3.481813299000000000e+09
5.519112624715768106e+03 1.032167696000000000e+09
5.529270757350845088e+03 2.797430255000000000e+09
5.528412613650978528e+03 3.583376443000000000e+09
5.513176984617997732e+03 1.539460107000000000e+09
5.503600410363159426e+03 9.141712380000000000e+08
5.501515461776672964e+03 4.037720900000000000e+07
5.487332639150874456e+03 2.918297819000000000e+09
5.526397650223074379e+03 3.334427361000000000e+09
5.528127422065907012e+03 3.213898422000000000e+09
5.511519620783134087e+03 2.878417383000000000e+09
5.543394259745497948e+03 9.892048720000000000e+08
5.499681258565443386e+03 9.385854480000000000e+08
5.498353919455978939e+03 8.740495050000000000e+08
5.515974057705849191e+03 3.774480300000000000e+09
5.511637657532903177e+03 4.078462371000000000e+09
5.511983567363434304e+03 1.826642633000000000e+09
5.497463518210283837e+03 1.561595540000000000e+08
5.508329247565795413e+03 2.751807446000000000e+09
5.483236747784045292e+03 2.411487700000000000e+09
5.502095844256222335e+03 2.944129116000000000e+09
5.545388779674975012e+03 2.000494845000000000e+09
5.531936221791027492e+03 4.285019660000000000e+09
5.510344533473629781e+03 2.427476935000000000e+09
5.531621858469256949e+03 2.821559306000000000e+09
5.498569303058280639e+03 1.970329900000000000e+09
5.498402358230812752e+03 1.349029372000000000e+09
5.528644478612583043e+03 4.847008140000000000e+08
5.489066399654010638e+03 6.820651260000000000e+08
5.524384068641699741e+03 3.711134250000000000e+08
5.497764871820576445e+03 1.918675791000000000e+09
5.515837867530352923e+03 2.369579578000000000e+09
5.528750127943117150e+03 2.545181701000000000e+09
5.495146872549639738e+03 4.074459058000000000e+09
5.519413458662776975e+03 2.857283307000000000e+09
5.518969703563377152e+03 3.504053016000000000e+09
5.508010349752087677e+03 9.567271870000000000e+08
5.502924804013124231e+03 2.766024030000000000e+09
5.516249769855825434e+03 5.312732880000000000e+08
5.512442179247641434e+03 2.998674710000000000e+08
5.514574069929263715e+03 1.709393902000000000e+09
5.516189237508031511e+03 3.818540129000000000e+09
5.503533127592318124e+03 3.115018217000000000e+09
5.503580525614137514e+03 2.744309019000000000e+09
5.515063264965966482e+03 5.211942580000000000e+08
5.494258020086323086e+03 1.372337878000000000e+09
5.505917146841130489e+03 4.173282030000000000e+09
5.523655975911062342e+03 3.075145945000000000e+09
5.500594955507905070e+03 9.094635200000000000e+08
5.513491866398568163e+03 2.433206035000000000e+09
5.517545849277177695e+03 1.120496285000000000e+09
5.458592140512537298e+03 1.223911639000000000e+09
5.541134232504116881e+03 4.141082600000000000e+07
5.479004743396632875e+03 1.533567346000000000e+09
5.562939079669717103e+03 3.806778760000000000e+08
5.504730542262668678e+03 4.555994560000000000e+08
5.502162494964355574e+03 4.128291501000000000e+09
5.497766319027155077e+03 1.489952730000000000e+08
5.530887108382729821e+03 3.671710776000000000e+09
5.518735422438419846e+03 1.311660450000000000e+08
5.511982217508832036e+03 1.839317467000000000e+09
5.510954821198893114e+03 1.596662600000000000e+07
5.500554137496706971e+03 3.556695610000000000e+09
5.491109997276513241e+03 4.237412018000000000e+09
5.508831712327000787e+03 3.775606339000000000e+09
5.556969288831074664e+03 9.864379190000000000e+08
5.472682584934715123e+03 3.918924852000000000e+09
5.516100543773119171e+03 1.578379063000000000e+09
5.508028041983090588e+03 2.918619443000000000e+09
5.437984133583301627e+03 1.772834929000000000e+09
5.482769969172377387e+03 1.077601440000000000e+09
5.521281662571231209e+03 3.847636050000000000e+09
5.525431191033469077e+03 3.340676408000000000e+09
5.514852476759844649e+03 2.999948953000000000e+09
5.499483856102437130e+03 3.910761767000000000e+09
5.514961993405521753e+03 3.720720689000000000e+09
5.497896220760065262e+03 1.977557941000000000e+09
5.491672298572664658e+03 1.465121105000000000e+09
5.501880107268778374e+03 7.755185780000000000e+08
5.528051494576237019e+03 1.785568408000000000e+09
5.509287283949966877e+03 1.469396902000000000e+09
5.509190291679049551e+03 2.154396733000000000e+09
5.531892821244598053e+03 1.185106755000000000e+09
5.485569353717541162e+03 8.110956400000000000e+08
5.535888902805892030e+03 4.608940360000000000e+08
5.523502472492556080e+03 3.403110817000000000e+09
5.509513948524847365e+03 8.170713460000000000e+08
5.515374556019234660e+03 4.284433739000000000e+09
5.517556676600759602e+03 1.029616186000000000e+09
5.513268199246441327e+03 2.431683290000000000e+09
5.514894831088608044e+03 2.686215500000000000e+07
5.525147743834259018e+03 1.739743591000000000e+09
5.508316342443071335e+03 3.424960535000000000e+09
5.519213348405966826e+03 4.035480642000000000e+09
5.532835914902308105e+03 2.683630800000000000e+08
5.475133503349909915e+03 3.708475337000000000e+09
5.497781359380485810e+03 2.698034379000000000e+09
5.495979080189990782e+03 3.233997003000000000e+09
5.497949820947718763e+03 1.649234700000000000e+08
5.498228272369100523e+03 2.209239650000000000e+09
5.524154690846706217e+03 3.772928868000000000e+09
5.528238244802328154e+03 4.063971825000000000e+09
5.504225947127806648e+03 1.813464395000000000e+09
5.535790706035936637e+03 6.982859690000000000e+08
5.538514834497038464e+03 3.482571414000000000e+09
5.524495450262502345e+03 1.604640603000000000e+09
5.504432909653230126e+03 1.839095647000000000e+09
5.490309024142998169e+03 2.459624747000000000e+09
5.509718759563805179e+03 2.360340103000000000e+09
5.482027085865598565e+03 9.475875170000000000e+08
5.519478950866051491e+03 1.660593243000000000e+09
5.487158811222147961e+03 1.903990265000000000e+09
5.526385382424969066e+03 1.429961891000000000e+09
5.493171948463503213e+03 2.898030545000000000e+09
5.517533054734130928e+03 6.188338660000000000e+08
5.519734105136325525e+03 1.872292103000000000e+09
5.530377585221329355e+03 3.955430680000000000e+09
5.499013558469462623e+03 3.759615883000000000e+09
5.543512830376026614e+03 1.880763259000000000e+09
5.478560299754338303e+03 3.973099578000000000e+09
5.514068376017386981e+03 2.781837257000000000e+09
5.515087513270374075e+03 1.641786092000000000e+09
5.500047856788632089e+03 1.047479096000000000e+09
5.522174720971035640e+03 6.207046310000000000e+08
5.478891276256446872e+03 3.932862641000000000e+09
5.534918026953801018e+03 1.164963016000000000e+09
5.506257849299719055e+03 3.993461638000000000e+09
5.517452706166049211e+03 9.822559290000000000e+08
5.530416207994047909e+03 4.028248515000000000e+09
5.538541310058013551e+03 2.970891600000000000e+08
5.511502091126147207e+03 2.639182007000000000e+09
5.484095819202873827e+03 2.851457413000000000e+09
5.520601173324123920e+03 1.376307799000000000e+09
5.512378221704202588e+03 3.295309740000000000e+08
5.479635355652780163e+03 1.491256733000000000e+09
5.486609982933499850e+03 2.585065621000000000e+09
5.521564966824562362e+03 1.763961624000000000e+09
5.519277997985943330e+03 9.746677950000000000e+08
5.487971052576488546e+03 2.481610410000000000e+08
5.499366241843428725e+03 2.280430071000000000e+09
5.550297989902988775e+03 1.266572131000000000e+09
5.476681897197642684e+03 4.268728524000000000e+09
5.521020859728509095e+03 3.122287527000000000e+09
5.522910021605717702e+03 4.785544610000000000e+08
5.496892416188006791e+03 1.818529650000000000e+09
5.508904163461504140e+03 6.509579910000000000e+08
5.551823296668946568e+03 1.131175904000000000e+09
5.514435401723227187e+03 3.645592965000000000e+09
5.494696840154685560e+03 2.802646991000000000e+09
5.509013729747393882e+03 3.794122021000000000e+09
5.515054846224599714e+03 1.984644080000000000e+08
5.537267390310140399e+03 3.304491173000000000e+09
5.506920896813535364e+03 1.541569524000000000e+09
5.493237276218550505e+03 2.152425976000000000e+09
5.495332893102771777e+03 1.014654772000000000e+09
5.511664385064521412e+03 4.095697812000000000e+09
