# Lens_likelihood 	 seed
6.567013861689871192e+03 1.151036965000000000e+09
6.575789652541854593e+03 3.141006434000000000e+09
6.600587338902812917e+03 3.017911837000000000e+09
6.612480878384310927e+03 8.400056330000000000e+08
6.596884190604830110e+03 8.662664690000000000e+08
6.590542555276549137e+03 8.854676600000000000e+08
6.660898217863930768e+03 8.583001000000000000e+08
6.637981538685033229e+03 1.201662820000000000e+09
6.607172682060942861e+03 1.926000201000000000e+09
6.623673146354252822e+03 3.722439343000000000e+09
6.589101157148877974e+03 1.815953046000000000e+09
6.582115155359126220e+03 1.205311756000000000e+09
6.626431055838291286e+03 4.171702262000000000e+09
6.620072402858590067e+03 3.844629250000000000e+08
6.629562978106595438e+03 1.195405675000000000e+09
6.603213984834173971e+03 3.937059727000000000e+09
6.601632935450003970e+03 2.475168128000000000e+09
6.587074395641481715e+03 2.529728209000000000e+09
6.613338335741316769e+03 3.411567780000000000e+08
6.607700672501087865e+03 3.001549431000000000e+09
6.604679378454480684e+03 1.917650000000000000e+06
6.620492583215183004e+03 4.383712000000000000e+08
6.559946499786437926e+03 2.714997104000000000e+09
6.583381763125247744e+03 3.977191201000000000e+09
6.604410799806237264e+03 1.468706760000000000e+09
6.606392409798343579e+03 3.032530240000000000e+08
6.608888982122987727e+03 8.593543970000000000e+08
6.630043588953627477e+03 7.802213820000000000e+08
6.655269728908963771e+03 4.068515517000000000e+09
6.603921349514883332e+03 3.425309663000000000e+09
6.634570924969671978e+03 6.560270740000000000e+08
6.604104347106043861e+03 3.149814900000000000e+08
6.639072904122918771e+03 1.007334150000000000e+09
6.600735504944433160e+03 3.089547697000000000e+09
6.603752797184391056e+03 3.282161130000000000e+08
6.629465147242517560e+03 1.263065970000000000e+09
6.579365454887591113e+03 1.705900902000000000e+09
6.614923188881355600e+03 1.570134106000000000e+09
6.614013535913692976e+03 4.098731900000000000e+08
6.614072965949746504e+03 1.854154880000000000e+09
6.624873741562072610e+03 3.737212941000000000e+09
6.637343549276385602e+03 3.239562180000000000e+09
6.612931861872978516e+03 2.549011750000000000e+08
6.638917076892430487e+03 7.451673180000000000e+08
6.600722689030935726e+03 9.865768700000000000e+08
6.626006312850503491e+03 7.031510190000000000e+08
6.612959905117779272e+03 2.674678063000000000e+09
6.603594079110285747e+03 3.973035896000000000e+09
6.627320903185988755e+03 1.869107923000000000e+09
6.605521839244122930e+03 1.525214277000000000e+09
6.601958904992734460e+03 3.606247100000000000e+09
6.633862165081367493e+03 1.496320003000000000e+09
6.587103599382448010e+03 2.147192007000000000e+09
6.629196870719892104e+03 2.118134667000000000e+09
6.619748612160727134e+03 8.791493780000000000e+08
6.621546532985958038e+03 3.733888531000000000e+09
6.643088809084565582e+03 4.120987588000000000e+09
6.556821365053288901e+03 9.982049090000000000e+08
6.573911262031639126e+03 2.510503329000000000e+09
6.641608450362047734e+03 3.132145765000000000e+09
6.603963375172761516e+03 2.676895772000000000e+09
6.579945000004483518e+03 2.558219071000000000e+09
6.575717644624578497e+03 2.801595437000000000e+09
6.615530911879347514e+03 2.724776120000000000e+09
6.606103224773478360e+03 1.863375892000000000e+09
6.621038206909564906e+03 3.046749535000000000e+09
6.588180504043340989e+03 1.932633450000000000e+09
6.596201733650814276e+03 3.439804755000000000e+09
6.591747153709551640e+03 7.752375530000000000e+08
6.593992802492274677e+03 1.257745760000000000e+08
6.605317148910422475e+03 1.683099491000000000e+09
6.564564112582346752e+03 2.339918612000000000e+09
6.588065856147588420e+03 2.624310631000000000e+09
6.629399630006160805e+03 1.962245356000000000e+09
6.590056787265275489e+03 3.758735131000000000e+09
6.636805440638461732e+03 2.661213369000000000e+09
6.556948062078029579e+03 1.007314050000000000e+08
6.600855692413401812e+03 9.973963380000000000e+08
6.598171632667532322e+03 2.545807204000000000e+09
6.588392486166610070e+03 2.606513151000000000e+09
6.588567158169965296e+03 3.738815966000000000e+09
6.615682944435790887e+03 1.478719057000000000e+09
6.612281530478860077e+03 2.627931804000000000e+09
6.612164237349195901e+03 2.968363618000000000e+09
6.624783150973876218e+03 2.812766280000000000e+08
6.615751432277459571e+03 3.601564537000000000e+09
6.611219322470637962e+03 3.122532117000000000e+09
6.624165088133742756e+03 4.159372860000000000e+09
6.628291026349105778e+03 3.358877980000000000e+09
6.619015442120256921e+03 3.272180366000000000e+09
6.612576654583800519e+03 4.132592646000000000e+09
6.609942350793991864e+03 2.320919315000000000e+09
6.595052624334106440e+03 5.304898700000000000e+08
6.627997347825597899e+03 1.210602380000000000e+09
6.593053641954744307e+03 3.414005591000000000e+09
6.624465476969106930e+03 9.907329470000000000e+08
6.632165241071733362e+03 8.857539710000000000e+08
6.627017281272140281e+03 3.803266453000000000e+09
6.606294325499788101e+03 3.562443983000000000e+09
6.607770192335912725e+03 2.600933283000000000e+09
6.607263746115881986e+03 1.315078831000000000e+09
6.606279182180089265e+03 3.686778200000000000e+09
6.635980983959245350e+03 3.995336400000000000e+08
6.585326033926414311e+03 4.183785645000000000e+09
6.595620378518400685e+03 9.393362970000000000e+08
6.600459367886698601e+03 3.013472047000000000e+09
6.631236883415936063e+03 6.085588780000000000e+08
6.616529617765986586e+03 6.113882110000000000e+08
6.641530188933234967e+03 3.942456011000000000e+09
6.586109215758081518e+03 3.728365590000000000e+08
6.591846166184179310e+03 1.076903026000000000e+09
6.610229087484206502e+03 8.444015890000000000e+08
6.634218110432462709e+03 9.211526660000000000e+08
6.620332349134458127e+03 4.159684516000000000e+09
6.606878796259141382e+03 4.216905264000000000e+09
6.586812007278595956e+03 1.278127570000000000e+08
6.643488446968040080e+03 3.257574755000000000e+09
6.648438752583787391e+03 1.331901369000000000e+09
6.587407051205414973e+03 3.473383983000000000e+09
6.600873756327114279e+03 4.696493100000000000e+07
6.628471839710287895e+03 3.691831623000000000e+09
6.621000341681630744e+03 8.089910800000000000e+08
6.634038357555999937e+03 4.190872680000000000e+08
6.612834869681521013e+03 8.372893190000000000e+08
6.611419599443260267e+03 3.785008000000000000e+06
6.626429435875139461e+03 2.600961096000000000e+09
6.567540404274153843e+03 2.196778702000000000e+09
6.618492943462553740e+03 2.051646183000000000e+09
6.657571577707162760e+03 3.472726603000000000e+09
6.631686047019600664e+03 3.920000084000000000e+09
6.621410800707960334e+03 2.216950647000000000e+09
6.613803497811808484e+03 4.199961155000000000e+09
6.605846025138940604e+03 1.551284821000000000e+09
6.580297801051006900e+03 2.147514541000000000e+09
6.566920788578076099e+03 1.013883643000000000e+09
6.594885185481218286e+03 1.810022691000000000e+09
6.580595554369790079e+03 1.743714440000000000e+09
6.603606757036439376e+03 4.078660656000000000e+09
6.614154732876057096e+03 7.341678030000000000e+08
6.560948334087524927e+03 3.917461717000000000e+09
6.596942138266324037e+03 4.017859724000000000e+09
6.673538879310163793e+03 2.722497910000000000e+08
6.637898456197901396e+03 2.652308116000000000e+09
6.605798913394725787e+03 5.731692940000000000e+08
6.613720896846223695e+03 3.188607857000000000e+09
6.584040918254912867e+03 2.981140530000000000e+09
6.607361944861277152e+03 6.241622400000000000e+08
6.620576823305789731e+03 1.256278258000000000e+09
6.577113639701398824e+03 2.122888663000000000e+09
6.599519453597610664e+03 6.012265140000000000e+08
6.620601954296424083e+03 3.511330816000000000e+09
6.630630686605210030e+03 2.529709215000000000e+09
6.599026563217877992e+03 5.535190070000000000e+08
6.589548057778312796e+03 1.025853191000000000e+09
6.618871610262547620e+03 1.866639350000000000e+09
6.606142598234937395e+03 2.640651440000000000e+08
6.612341427150420714e+03 3.363581526000000000e+09
6.603084037917834394e+03 1.901218061000000000e+09
6.630062710483223782e+03 1.760724976000000000e+09
6.610746443543264832e+03 3.854348731000000000e+09
6.593206608923826934e+03 3.222918881000000000e+09
6.603702873716394606e+03 5.517964240000000000e+08
6.617739901662154807e+03 2.448196494000000000e+09
6.608111836790929374e+03 4.141049663000000000e+09
6.623816855731169198e+03 1.203275008000000000e+09
6.630283640326310888e+03 5.154534050000000000e+08
6.600472409784490992e+03 7.045159350000000000e+08
6.574559467098200912e+03 2.405254273000000000e+09
6.602372910640073314e+03 3.696368468000000000e+09
6.560336846461692403e+03 2.554012043000000000e+09
6.642235338604325079e+03 3.179600446000000000e+09
6.619715125661362435e+03 3.508193290000000000e+09
6.594987432949100366e+03 2.358931375000000000e+09
6.624605031089645308e+03 1.543527510000000000e+09
6.591961869631699301e+03 3.724132984000000000e+09
6.648391622261415250e+03 3.902492471000000000e+09
6.608366100613075105e+03 2.846040322000000000e+09
6.627657803102507387e+03 1.404325378000000000e+09
6.609403413658108548e+03 1.744553011000000000e+09
6.619172260465894396e+03 3.356554056000000000e+09
6.614745274277070166e+03 3.199485764000000000e+09
6.608214646267035278e+03 4.170735970000000000e+08
6.617168680867209332e+03 2.673121358000000000e+09
6.608517676492465398e+03 2.534645737000000000e+09
6.604278858059464255e+03 2.715428330000000000e+09
6.594406824002034227e+03 3.217174814000000000e+09
6.643872247455753495e+03 7.898441150000000000e+08
6.618195038201011812e+03 4.817616110000000000e+08
6.618018534434757385e+03 3.884202492000000000e+09
6.623997310607757754e+03 4.174860522000000000e+09
6.624741318659205717e+03 6.085845480000000000e+08
6.595839855230419744e+03 1.241133990000000000e+08
6.621596099906316340e+03 3.913519445000000000e+09
6.583051775668167465e+03 1.019452722000000000e+09
6.583477056585918945e+03 9.523035590000000000e+08
6.594888504156609997e+03 3.378349862000000000e+09
6.628576655829879201e+03 3.735399148000000000e+09
6.594564945351350616e+03 2.733358360000000000e+08
6.600434402416049124e+03 2.163154675000000000e+09
6.633130136355899594e+03 3.285470470000000000e+09
6.589317077571079608e+03 3.620177531000000000e+09
6.615602627670799848e+03 2.202424096000000000e+09
6.580250746255163904e+03 2.413265742000000000e+09
6.633622276894167044e+03 3.319917681000000000e+09
6.589498088063682189e+03 2.253639130000000000e+09
6.639836973787399074e+03 3.861835990000000000e+08
6.616000399049673433e+03 2.198747274000000000e+09
6.598617589842886446e+03 2.571408645000000000e+09
6.608711686848027966e+03 2.861624428000000000e+09
6.578152309779879943e+03 3.336419594000000000e+09
6.601950668932346161e+03 4.063928086000000000e+09
6.603397507505667818e+03 2.791588929000000000e+09
6.602074189224435941e+03 2.991836937000000000e+09
6.603964512821350581e+03 9.030418640000000000e+08
6.594633186135903088e+03 1.948547300000000000e+09
6.633912416573805785e+03 1.919715859000000000e+09
6.642167131638339924e+03 2.648373363000000000e+09
6.592402379501646465e+03 1.631541958000000000e+09
6.610248691946278996e+03 3.337769345000000000e+09
6.630975246530355435e+03 4.028705020000000000e+08
6.628076701519741619e+03 3.911885246000000000e+09
6.621661799088406042e+03 9.024155160000000000e+08
6.609345998918616715e+03 1.466226558000000000e+09
6.593865105859664254e+03 1.592867788000000000e+09
6.633191123189384598e+03 2.643002461000000000e+09
6.612508033163549953e+03 2.174054359000000000e+09
6.621246398817522277e+03 1.399646732000000000e+09
6.605043686195135706e+03 4.820634610000000000e+08
6.573783013563909662e+03 4.130688695000000000e+09
6.621056993583953044e+03 3.968125065000000000e+09
6.598625325084595715e+03 3.783043542000000000e+09
6.587712936352786528e+03 3.632883316000000000e+09
6.629251083936304894e+03 3.589340283000000000e+09
6.593775745641905814e+03 1.338418708000000000e+09
6.626020487833580773e+03 1.705712775000000000e+09
6.607129647187724913e+03 2.497909460000000000e+09
6.607604479918669313e+03 2.764956236000000000e+09
6.645013778037830889e+03 2.175859748000000000e+09
6.577601592187847928e+03 3.432925224000000000e+09
6.614031614276698747e+03 3.519473067000000000e+09
6.632831029714821852e+03 2.564733843000000000e+09
6.602938456869414949e+03 3.014257247000000000e+09
6.593731131631189783e+03 3.110770890000000000e+08
6.634400039291851499e+03 2.654779632000000000e+09
6.623057579864920626e+03 3.476684743000000000e+09
6.584659098373242159e+03 3.015083106000000000e+09
6.607004448771078387e+03 1.727317924000000000e+09
6.621889508560023387e+03 3.533303692000000000e+09
6.601904938753668830e+03 1.432621605000000000e+09
6.588377715939199334e+03 3.410827802000000000e+09
6.614795414174196594e+03 1.791755450000000000e+08
6.608904214003855486e+03 1.233757855000000000e+09
6.606341549309686343e+03 2.146573740000000000e+09
6.621265022301308818e+03 2.374384948000000000e+09
6.578405612941969594e+03 3.031898000000000000e+06
6.578537356099991484e+03 4.692638920000000000e+08
6.610929493351261954e+03 2.277242610000000000e+08
6.612524911354676988e+03 3.438626770000000000e+09
6.636460916415573593e+03 4.236727405000000000e+09
6.589580991118100428e+03 2.479282878000000000e+09
6.610336891855454269e+03 3.166111678000000000e+09
6.588163401018941840e+03 3.996705240000000000e+09
6.609427711974787599e+03 2.927245986000000000e+09
6.636740148448130640e+03 4.041795502000000000e+09
6.587519007164981304e+03 2.424058317000000000e+09
6.591265178821772679e+03 8.482351000000000000e+07
6.620746759673524139e+03 1.990143643000000000e+09
6.625589958615360956e+03 2.929455219000000000e+09
6.549926740544338827e+03 4.045856752000000000e+09
6.595939688483003920e+03 3.402415189000000000e+09
6.635525882876655487e+03 1.044644137000000000e+09
6.570554572013152210e+03 1.894874227000000000e+09
6.599973128474114674e+03 6.871708790000000000e+08
6.591837646942962238e+03 1.486495586000000000e+09
6.630120203518882590e+03 2.490765257000000000e+09
6.560422158357598164e+03 3.892718659000000000e+09
6.587576301326900648e+03 1.983424379000000000e+09
6.615672080052627280e+03 4.290631188000000000e+09
6.589445690076529900e+03 3.574913317000000000e+09
6.616869588632860541e+03 2.218163216000000000e+09
6.612917499392584432e+03 3.036583472000000000e+09
6.605610397151341203e+03 3.905725868000000000e+09
6.587273268550198736e+03 3.097184213000000000e+09
6.635537705252673732e+03 4.498337900000000000e+07
6.624501682258694927e+03 1.892573572000000000e+09
6.591926754854247520e+03 5.584240470000000000e+08
6.586135517754530156e+03 4.015707981000000000e+09
6.616662944889020764e+03 7.058758820000000000e+08
6.574133417434570219e+03 3.735241523000000000e+09
6.600917652882638322e+03 4.154782218000000000e+09
6.599335241723214494e+03 2.384425433000000000e+09
6.628227183298027740e+03 1.979998107000000000e+09
6.609661039667815203e+03 1.573088941000000000e+09
6.581355019470711341e+03 3.443480986000000000e+09
6.616514060254772630e+03 2.278268169000000000e+09
6.624860303814872168e+03 3.686058947000000000e+09
6.641580201616323393e+03 1.315637501000000000e+09
6.606608065456131953e+03 3.641885009000000000e+09
6.622903999096399275e+03 2.153816762000000000e+09
6.640517296304446063e+03 8.003847000000000000e+08
6.602172056542736755e+03 3.083159500000000000e+08
6.642681677615631997e+03 1.100080378000000000e+09
6.613407528656716750e+03 1.105831759000000000e+09
6.592729476264395089e+03 3.064451369000000000e+09
6.640786114513075518e+03 2.583269208000000000e+09
6.628365247851033018e+03 2.831343687000000000e+09
6.589099522958910711e+03 8.490938030000000000e+08
6.602151631864735464e+03 1.750228573000000000e+09
6.598933987304872062e+03 1.835567750000000000e+08
6.630272245330214901e+03 4.197204518000000000e+09
6.627883463331911116e+03 2.011560654000000000e+09
6.625694380658373120e+03 1.454601580000000000e+09
6.590165091683278661e+03 1.092556363000000000e+09
6.591550462940091165e+03 3.430314665000000000e+09
6.623972357198606915e+03 2.558545787000000000e+09
6.590776538288942902e+03 1.899858796000000000e+09
6.591026487107594221e+03 1.181591097000000000e+09
6.609380887583401091e+03 2.505090130000000000e+09
6.613455968359636245e+03 3.572732130000000000e+09
6.570962530885113665e+03 4.267067384000000000e+09
6.586684038975667136e+03 2.725968747000000000e+09
6.591766857829319633e+03 3.184873890000000000e+08
6.587355933926214675e+03 3.042682860000000000e+08
6.628062478088359057e+03 3.551962330000000000e+08
6.588378866366459079e+03 1.431992375000000000e+09
6.626766150784980709e+03 2.115427437000000000e+09
6.631120213399421118e+03 2.673188304000000000e+09
6.607797801405786231e+03 3.838385713000000000e+09
6.588557768799852056e+03 2.564365037000000000e+09
6.621784083465351614e+03 2.083744148000000000e+09
6.632012249088387762e+03 4.173102694000000000e+09
6.596039964400303688e+03 4.187480355000000000e+09
6.572410859245441316e+03 6.526277060000000000e+08
6.609631609572259549e+03 3.866969223000000000e+09
6.612085716906786729e+03 7.556111200000000000e+08
6.577870361408530698e+03 3.662028940000000000e+08
6.588192805143437909e+03 5.883371560000000000e+08
6.601853915199828407e+03 1.202857624000000000e+09
6.623074884080411721e+03 7.207687530000000000e+08
6.641908504374442600e+03 1.589286843000000000e+09
6.625045971999662470e+03 1.790718510000000000e+08
6.630436534119340649e+03 4.175666448000000000e+09
6.636598833439024020e+03 2.901821496000000000e+09
6.601515472303435672e+03 1.253143202000000000e+09
6.632842250304642221e+03 9.927149470000000000e+08
6.612701168876222255e+03 2.830281781000000000e+09
6.643789925677695464e+03 2.630461788000000000e+09
6.616873050822999176e+03 3.719213654000000000e+09
6.616846081198590582e+03 4.155260114000000000e+09
6.581922823166298258e+03 3.459746030000000000e+08
