# Lens_likelihood 	 seed
5.852344026941546872e+03 3.504881312000000000e+09
5.894270293103894801e+03 3.651766119000000000e+09
5.845670874109105171e+03 2.387688319000000000e+09
5.775424634265196801e+03 1.434814566000000000e+09
5.867530289662682662e+03 2.745859029000000000e+09
5.894801106086714753e+03 1.840359300000000000e+08
5.834068726980427527e+03 1.832358343000000000e+09
5.804521252498558169e+03 3.066881772000000000e+09
5.837334558592742724e+03 4.051512990000000000e+09
5.852509717204035042e+03 2.205351660000000000e+09
5.838808452963299715e+03 1.797746840000000000e+08
5.826718855701300527e+03 3.193620997000000000e+09
5.871118947468387887e+03 1.984988658000000000e+09
5.821685057858534492e+03 3.336381292000000000e+09
5.820761245101566601e+03 1.775310154000000000e+09
5.862163911028883376e+03 7.977269400000000000e+07
5.815218391107126081e+03 2.196919683000000000e+09
5.877928363526890280e+03 2.183324672000000000e+09
5.813998630774900448e+03 3.056283663000000000e+09
5.847183152635834631e+03 1.180366320000000000e+08
5.865836350686588958e+03 7.011760120000000000e+08
5.841580619309243957e+03 3.653787885000000000e+09
5.848998004335777296e+03 1.006919409000000000e+09
5.792048848209312382e+03 5.072100000000000000e+06
5.875779860331822420e+03 2.195285622000000000e+09
5.843570254246552395e+03 1.921466621000000000e+09
5.827569404552696142e+03 1.311565918000000000e+09
5.840446504032390294e+03 6.204000800000000000e+08
5.850177715780212566e+03 1.358361780000000000e+08
5.790472007878368458e+03 1.989563250000000000e+08
5.814715169377714119e+03 1.106630550000000000e+08
5.819264347275629916e+03 2.636253355000000000e+09
5.865795074764322635e+03 3.444363404000000000e+09
5.805481342708129887e+03 2.577029730000000000e+09
5.860387011581269689e+03 4.016997628000000000e+09
5.864380560117075220e+03 1.576518325000000000e+09
5.895475564155428401e+03 6.389805520000000000e+08
5.854496643737381419e+03 3.968814626000000000e+09
5.808739141795987052e+03 2.603399862000000000e+09
5.868879479784078285e+03 2.527396887000000000e+09
5.808582968847049415e+03 2.915678890000000000e+09
5.822763690554371351e+03 8.159499080000000000e+08
5.834382262911876751e+03 1.256202264000000000e+09
5.864050854715400419e+03 8.938223310000000000e+08
5.834245500810938211e+03 1.058288937000000000e+09
5.875711270741256158e+03 3.611840990000000000e+09
5.877097489567380762e+03 3.417943704000000000e+09
5.812743338683407273e+03 6.721034430000000000e+08
5.879186949953013936e+03 2.201291237000000000e+09
5.843318656846479826e+03 8.788819430000000000e+08
5.813482621510773242e+03 2.093833529000000000e+09
5.854142610735389098e+03 5.476304360000000000e+08
5.872701484360270115e+03 7.784580000000000000e+05
5.767727704037924923e+03 2.199645419000000000e+09
5.822293883719021323e+03 2.289728182000000000e+09
5.793608508865941076e+03 7.049209030000000000e+08
5.881955592656504450e+03 1.219980712000000000e+09
5.803336250263657348e+03 3.808083246000000000e+09
5.823387668076513364e+03 1.208023028000000000e+09
5.778008912686440453e+03 3.815494490000000000e+08
5.860694382299423523e+03 6.336688700000000000e+08
5.856215523267324897e+03 6.786523300000000000e+07
5.803563127723161415e+03 3.152630789000000000e+09
5.826868972099295206e+03 9.744836690000000000e+08
5.816995493391990749e+03 4.973305960000000000e+08
5.838814127897298022e+03 2.871039423000000000e+09
5.822789301472402258e+03 1.970913726000000000e+09
5.779202734813215102e+03 3.850617724000000000e+09
5.861895691560535852e+03 2.071213054000000000e+09
5.817008262145598565e+03 9.779744000000000000e+07
5.795358905204372604e+03 1.911445554000000000e+09
5.846489112577117339e+03 4.081496388000000000e+09
5.786243230227899403e+03 8.683115420000000000e+08
5.791693968068449976e+03 3.801270200000000000e+09
5.817545219456284030e+03 1.429442670000000000e+09
5.837114156492854818e+03 2.476135860000000000e+08
5.855618413994832736e+03 2.832501083000000000e+09
5.856723592362100135e+03 3.849838941000000000e+09
5.817346390656839503e+03 7.580904980000000000e+08
5.908641496094543072e+03 4.137269201000000000e+09
5.880738721744530267e+03 7.249163010000000000e+08
5.816707504632651762e+03 7.047079130000000000e+08
5.846926288846114403e+03 3.228941668000000000e+09
5.827887159679246906e+03 8.925489050000000000e+08
5.791570356007434384e+03 4.082483131000000000e+09
5.886020044814207722e+03 2.949493368000000000e+09
5.843662432069935676e+03 2.919817141000000000e+09
5.863428594352039909e+03 2.655535290000000000e+08
5.828562449128809931e+03 1.659148296000000000e+09
5.827152372860861760e+03 9.004188110000000000e+08
5.812422920960852025e+03 2.774332000000000000e+08
5.836041113513301752e+03 2.603776313000000000e+09
5.883779642768684425e+03 2.712175318000000000e+09
5.831508912317049180e+03 4.022819261000000000e+09
5.795666486290412649e+03 4.689769280000000000e+08
5.866083092905735612e+03 1.538491578000000000e+09
5.862517530770178382e+03 4.332089260000000000e+08
5.776653073840819161e+03 2.132187712000000000e+09
5.859090014191269802e+03 3.052229091000000000e+09
5.785820959157498692e+03 2.899129006000000000e+09
5.825681973131042469e+03 2.666914164000000000e+09
5.828423072046065499e+03 1.073359336000000000e+09
5.833666361511775904e+03 1.580012970000000000e+08
5.874236392506271841e+03 3.436877079000000000e+09
5.833111393197764301e+03 1.764766200000000000e+07
5.825939746734327855e+03 7.424963050000000000e+08
5.821163263012162133e+03 5.871097890000000000e+08
5.877377361405100601e+03 1.764193747000000000e+09
5.807966573548319502e+03 2.863089676000000000e+09
5.803157598158054498e+03 3.743781183000000000e+09
5.792609350237666149e+03 2.348507692000000000e+09
5.837783468434750830e+03 1.286281912000000000e+09
5.834699305234575149e+03 3.886321918000000000e+09
5.857019786729547377e+03 1.684696132000000000e+09
5.833211800538812895e+03 5.768456620000000000e+08
5.842934574999644610e+03 1.568107480000000000e+09
5.810352561487181447e+03 2.835071049000000000e+09
5.801385073739049403e+03 9.383986240000000000e+08
5.836555170378401272e+03 5.184601740000000000e+08
5.866698154945394890e+03 2.781209194000000000e+09
5.825417982702051631e+03 1.948674300000000000e+08
5.812258269997313619e+03 9.308926180000000000e+08
5.882775506375361147e+03 3.544630167000000000e+09
5.842226634360757089e+03 3.623869928000000000e+09
5.761808892044961794e+03 6.980261940000000000e+08
5.782310261409484156e+03 1.473830307000000000e+09
5.783735343223816926e+03 2.170578569000000000e+09
5.855640903692803477e+03 1.933887657000000000e+09
5.847970312838756399e+03 2.551573286000000000e+09
5.789646860494017346e+03 5.473791690000000000e+08
5.821234652526431091e+03 2.239136452000000000e+09
5.851129196044549644e+03 2.799705496000000000e+09
5.858380391387312557e+03 1.601668786000000000e+09
5.813317126257108612e+03 3.770697359000000000e+09
5.866806271035220561e+03 1.473350009000000000e+09
5.819634946482621672e+03 4.127343262000000000e+09
5.847582008884272000e+03 1.693622091000000000e+09
5.823835115642825258e+03 1.497537624000000000e+09
5.869164197910273288e+03 4.085733443000000000e+09
5.858768253015012306e+03 2.479400766000000000e+09
5.892810564588282432e+03 2.795332720000000000e+09
5.851065972908006188e+03 4.262539059000000000e+09
5.849868255936031346e+03 1.613530851000000000e+09
5.812755210243210058e+03 3.539987180000000000e+09
5.752374695124229220e+03 1.998157447000000000e+09
5.890974117293984818e+03 7.756088210000000000e+08
5.801160802981853521e+03 3.401128521000000000e+09
5.857547394463040291e+03 1.709079850000000000e+08
5.837556963763016938e+03 3.876701870000000000e+08
5.833326176158299859e+03 2.990527814000000000e+09
5.824708661046099223e+03 4.044132300000000000e+07
5.805737800091479585e+03 1.365169533000000000e+09
5.829133171692225005e+03 1.427872786000000000e+09
5.802494627102420964e+03 3.425844398000000000e+09
5.857251221244250701e+03 1.499403657000000000e+09
5.818996752507042402e+03 3.390571334000000000e+09
5.835866034574684818e+03 4.088473775000000000e+09
5.847498185126251883e+03 9.601524340000000000e+08
5.813287613117595356e+03 1.794128407000000000e+09
5.842688480846640232e+03 3.976431626000000000e+09
5.882112376935881912e+03 4.128986968000000000e+09
5.887215364108709764e+03 2.504561885000000000e+09
5.815580518389366262e+03 3.149172522000000000e+09
5.821997072105602456e+03 2.798806809000000000e+09
5.810469520690376157e+03 2.161361984000000000e+09
5.815527824418900309e+03 1.165317343000000000e+09
5.842272189569030161e+03 4.173804823000000000e+09
5.897980732767594418e+03 4.293612514000000000e+09
5.832284851984083616e+03 3.424906390000000000e+09
5.803743013725646961e+03 2.213151488000000000e+09
5.786145245573710781e+03 1.385970682000000000e+09
5.880291951031532335e+03 2.334107680000000000e+09
5.825698349114710254e+03 7.678212570000000000e+08
5.885142742073760019e+03 3.430649902000000000e+09
5.826664585440690644e+03 1.562438859000000000e+09
5.838169571768539754e+03 3.626094874000000000e+09
5.786606708967186933e+03 2.625310286000000000e+09
5.863210149613962130e+03 2.968080662000000000e+09
5.821505680405449311e+03 2.499855397000000000e+09
5.793932735753000088e+03 1.317612908000000000e+09
5.829694787538184755e+03 1.174465433000000000e+09
5.810391325378897818e+03 1.456661930000000000e+09
5.834050323354382272e+03 4.117578649000000000e+09
5.792111605847549072e+03 2.467840588000000000e+09
5.798218689013902804e+03 3.971879820000000000e+09
5.838399539749359064e+03 3.548612031000000000e+09
5.801383458835205602e+03 1.419501878000000000e+09
5.804450812114419932e+03 1.389516454000000000e+09
5.806487788748730964e+03 1.306594298000000000e+09
5.845423885574396081e+03 2.854501459000000000e+09
5.831912779828788189e+03 3.098027110000000000e+09
5.822595336469796166e+03 2.091160220000000000e+08
5.876441426681292796e+03 3.425584569000000000e+09
5.847570531696978833e+03 5.384068820000000000e+08
5.800756252650822717e+03 2.657193626000000000e+09
5.862839827464515110e+03 3.379207386000000000e+09
5.831739313382615364e+03 3.617773820000000000e+08
5.799062214287576353e+03 4.137748740000000000e+08
5.831672251562134079e+03 3.690087234000000000e+09
5.817119321977141226e+03 3.096578428000000000e+09
5.910494119917046191e+03 4.105837911000000000e+09
5.843606291540154416e+03 2.449148060000000000e+08
5.891113813726706212e+03 3.289242200000000000e+07
5.839133860601891683e+03 1.634098690000000000e+09
5.815663977618311037e+03 1.023944657000000000e+09
5.815816712683807054e+03 1.789708984000000000e+09
5.858532921513962719e+03 5.383007840000000000e+08
5.884072842232993935e+03 1.817341862000000000e+09
5.801117152724309562e+03 2.366891006000000000e+09
5.780720052453287281e+03 1.609883823000000000e+09
5.830730248575442602e+03 1.253805357000000000e+09
5.818609244492421567e+03 2.206742019000000000e+09
5.823821973074258494e+03 2.507998907000000000e+09
5.731749773616815219e+03 4.248719260000000000e+09
5.851933263320729566e+03 3.775929895000000000e+09
5.811919456309458837e+03 1.695771772000000000e+09
5.793003619542514571e+03 1.755930101000000000e+09
5.828153888446146084e+03 1.781831540000000000e+08
5.826123268224217099e+03 3.855542778000000000e+09
5.801494176087651795e+03 6.684522400000000000e+07
5.844992566268637347e+03 2.150630721000000000e+09
5.806683921559653754e+03 1.435316603000000000e+09
5.768583659189159334e+03 2.100943549000000000e+09
5.789279635320874149e+03 2.408290220000000000e+09
5.850794048360366105e+03 1.456151107000000000e+09
5.836827059349083356e+03 2.960496019000000000e+09
5.837621563365173643e+03 5.746070400000000000e+07
5.793135433776506943e+03 2.710807943000000000e+09
5.869000858680910824e+03 1.784409406000000000e+09
5.818155778451531660e+03 3.579822888000000000e+09
5.769309841750444320e+03 3.411637532000000000e+09
5.798691082322916373e+03 3.140905778000000000e+09
5.865698267090656373e+03 1.962748297000000000e+09
5.827350296770435307e+03 4.873591610000000000e+08
5.853980979300231411e+03 3.203292027000000000e+09
5.849713031450527524e+03 1.891064809000000000e+09
5.897327160324648503e+03 2.456580385000000000e+09
5.865598554019222320e+03 3.615714550000000000e+08
5.794391239862199654e+03 1.044819586000000000e+09
5.824149728491683163e+03 3.041289770000000000e+08
5.855823038456961513e+03 1.134986192000000000e+09
5.791531165081361905e+03 8.882240110000000000e+08
5.852376713034299428e+03 4.269590247000000000e+09
5.865862127644495558e+03 3.006328295000000000e+09
5.836986699330342162e+03 4.186067172000000000e+09
5.842419756237750335e+03 1.729582638000000000e+09
5.875349587283310939e+03 9.671335100000000000e+08
5.800403517380122139e+03 1.147015265000000000e+09
5.834182416134096457e+03 2.812020146000000000e+09
5.770314470452269234e+03 2.498257001000000000e+09
5.823871720744582490e+03 2.577381650000000000e+09
5.806345532828393516e+03 1.772733784000000000e+09
5.818162211036627923e+03 1.043298374000000000e+09
5.816682073999736531e+03 2.516998764000000000e+09
5.779763649159602210e+03 3.168255925000000000e+09
5.829774778625315776e+03 4.076659730000000000e+08
5.779511987868187134e+03 1.132748823000000000e+09
5.814947274647055565e+03 2.693828933000000000e+09
5.842789637765992666e+03 9.565926020000000000e+08
5.859537446032696607e+03 2.979189375000000000e+09
5.852797312271490227e+03 6.894005940000000000e+08
5.827598712127093677e+03 2.895469196000000000e+09
5.857710946730726391e+03 2.364312382000000000e+09
5.835103112691787828e+03 2.042747067000000000e+09
5.798081694574049834e+03 1.224932696000000000e+09
5.782677080554080021e+03 1.842393888000000000e+09
5.810364616427643341e+03 9.688855580000000000e+08
5.860224573308960316e+03 2.229590117000000000e+09
5.830816818208946643e+03 2.868299361000000000e+09
5.835741224110224721e+03 1.408951482000000000e+09
5.879101803947848566e+03 3.930788646000000000e+09
5.841570181833976676e+03 9.790669710000000000e+08
5.831782241077782601e+03 8.977166030000000000e+08
5.856929844998220688e+03 3.668672588000000000e+09
5.826930580365664355e+03 6.947434190000000000e+08
5.801280442943954768e+03 4.033546592000000000e+09
5.805657592066359939e+03 1.819307833000000000e+09
5.810828349869335398e+03 2.877592759000000000e+09
5.769976999267179963e+03 3.288056057000000000e+09
5.838828833084035068e+03 1.403553677000000000e+09
5.773924852163526339e+03 3.006864590000000000e+08
5.846848353798632161e+03 3.612689272000000000e+09
5.836591438461658981e+03 1.888114330000000000e+08
5.922651908997964711e+03 2.864116353000000000e+09
5.818123904027154822e+03 2.740268729000000000e+09
5.814924402191656554e+03 1.216817734000000000e+09
5.866168920035550400e+03 5.828872640000000000e+08
5.838629699182347395e+03 2.093840652000000000e+09
5.816901921242597382e+03 3.097607568000000000e+09
5.860310532355453688e+03 3.983491056000000000e+09
5.826376597152904651e+03 4.223592334000000000e+09
5.827274763068384345e+03 3.886057658000000000e+09
5.813453980395528561e+03 6.024037640000000000e+08
5.797619542324244321e+03 3.400084140000000000e+09
5.830036547290073031e+03 2.700341612000000000e+09
5.781283510384915644e+03 4.030192634000000000e+09
5.837000899660185496e+03 3.647195706000000000e+09
5.850680095049814554e+03 7.636041440000000000e+08
5.775880643504089676e+03 3.122829803000000000e+09
5.848432414044631514e+03 8.114716220000000000e+08
5.862035965068026599e+03 4.160551898000000000e+09
5.780820988114681313e+03 2.607831565000000000e+09
5.799168312292344126e+03 4.175498692000000000e+09
5.836850718037598199e+03 1.392528473000000000e+09
5.816467495500044606e+03 7.416881870000000000e+08
5.801769446867399893e+03 1.782305991000000000e+09
5.811572469766739232e+03 3.965215064000000000e+09
5.818337680456479575e+03 1.288942243000000000e+09
5.788853853684845490e+03 4.094825642000000000e+09
5.849639353861743075e+03 1.765258790000000000e+08
5.824956667608146745e+03 3.507351586000000000e+09
5.832902153409329912e+03 5.800627830000000000e+08
5.802516049018202466e+03 1.009972751000000000e+09
5.856764396733376998e+03 8.413570120000000000e+08
5.838578281842013894e+03 2.417567609000000000e+09
5.828953565217121650e+03 2.924153750000000000e+08
5.862673105394935192e+03 3.748267744000000000e+09
5.852836887409413976e+03 3.935084689000000000e+09
5.850698910269333282e+03 1.638788377000000000e+09
5.805264190041785696e+03 1.571472378000000000e+09
5.847755157442171367e+03 2.719512912000000000e+09
5.884701724292493054e+03 2.316475888000000000e+09
5.840779564559231403e+03 1.284478139000000000e+09
5.840364653792577883e+03 4.284232780000000000e+09
5.805212801589629635e+03 1.371051817000000000e+09
5.851029520191061238e+03 4.248851580000000000e+08
5.858289624036416171e+03 1.294787490000000000e+09
5.878064331984006458e+03 1.760954826000000000e+09
5.810553664561031837e+03 6.671044280000000000e+08
5.876416133901822832e+03 2.341007692000000000e+09
5.765752695884359127e+03 5.208361700000000000e+08
5.874454195806426469e+03 4.150466440000000000e+08
5.845579307213167340e+03 4.270208468000000000e+09
5.796380153737799446e+03 1.793549366000000000e+09
5.851286339429389045e+03 1.549757506000000000e+09
5.770280776241135754e+03 1.353551433000000000e+09
5.810302217209567061e+03 1.263589524000000000e+09
5.830369998250474055e+03 1.214877856000000000e+09
5.829976583242349079e+03 4.077671689000000000e+09
5.871243583499775013e+03 5.550650500000000000e+08
5.764551914014058639e+03 3.243308586000000000e+09
5.817858723176675994e+03 4.236723049000000000e+09
5.789724433869641871e+03 3.870663871000000000e+09
5.798657263792492813e+03 6.711198770000000000e+08
5.785612653118689195e+03 2.015505491000000000e+09
5.857407355342190385e+03 2.700882462000000000e+09
5.796753735339080777e+03 7.952017460000000000e+08
5.794622000730203581e+03 2.104139945000000000e+09
5.822040069009357467e+03 2.447473670000000000e+09
5.821333582493834911e+03 2.686125934000000000e+09
