# Lens_likelihood 	 seed
4.862256401807726434e+03 2.982619170000000000e+09
4.813206128012840054e+03 1.096495528000000000e+09
4.925365753255336131e+03 2.004930908000000000e+09
4.947752185523782828e+03 3.314885042000000000e+09
4.842054746994432207e+03 2.032417812000000000e+09
4.960742636905116342e+03 2.131168305000000000e+09
4.894821904828429979e+03 1.915229056000000000e+09
4.877710904956409649e+03 3.033206353000000000e+09
4.919511924789156183e+03 2.231838394000000000e+09
4.974977026029489934e+03 2.326997795000000000e+09
4.723809292085636116e+03 3.585796830000000000e+09
4.985203144802841962e+03 2.308158084000000000e+09
4.793180986946932535e+03 2.733201157000000000e+09
4.807682723800411623e+03 1.862949249000000000e+09
5.122047347252420877e+03 2.278654990000000000e+09
4.846890596160438690e+03 2.809814320000000000e+09
4.863961857495828554e+03 3.501838923000000000e+09
4.873154626978383021e+03 2.944230474000000000e+09
4.975657070972303700e+03 1.602890241000000000e+09
5.035573946917686044e+03 3.173182399000000000e+09
4.765165755776726655e+03 3.357752900000000000e+09
4.975577927865589118e+03 3.143512657000000000e+09
4.802409717491681477e+03 2.681843609000000000e+09
4.782457695168879582e+03 2.943540468000000000e+09
4.836679416158600361e+03 5.710201680000000000e+08
5.134682899040277334e+03 1.509346796000000000e+09
5.015909563087023344e+03 3.002198381000000000e+09
4.824570600263245069e+03 3.062044888000000000e+09
5.230174497554672598e+03 6.213676690000000000e+08
4.806615478749440626e+03 2.199127991000000000e+09
5.086159133171576286e+03 1.414015003000000000e+09
4.756439740372525193e+03 7.611435800000000000e+08
4.947997934392305069e+03 6.973973470000000000e+08
4.860652674996079440e+03 7.864951400000000000e+07
4.948979483446381892e+03 3.132777260000000000e+08
4.821951326444771439e+03 3.797640942000000000e+09
5.000813318563798930e+03 3.038289065000000000e+09
4.787821540345897120e+03 2.468362240000000000e+09
4.767921416179693551e+03 2.808448271000000000e+09
4.987937493066241586e+03 1.443049353000000000e+09
4.803083700399483860e+03 4.479706830000000000e+08
4.834768644634405064e+03 1.331597334000000000e+09
4.917548890034004216e+03 3.624129369000000000e+09
4.984491750607928225e+03 3.006895029000000000e+09
5.117191824010624259e+03 2.539077910000000000e+09
4.905257784385741616e+03 1.506585669000000000e+09
4.826923788299018270e+03 8.733147080000000000e+08
5.049087256188631727e+03 3.206075200000000000e+09
4.779388640738891809e+03 2.199791293000000000e+09
4.932140080226312421e+03 4.143291925000000000e+09
5.034355019420621829e+03 1.386471196000000000e+09
4.917792344871075329e+03 3.731835032000000000e+09
4.740959966751152024e+03 2.743985902000000000e+09
4.812836436953645716e+03 1.473187728000000000e+09
4.852307328278333443e+03 1.751423361000000000e+09
4.943012921744209962e+03 3.754556812000000000e+09
4.848167210917194097e+03 1.759310583000000000e+09
4.960740171156876386e+03 2.441289028000000000e+09
4.446447515638175901e+03 3.084731001000000000e+09
5.073363939821810163e+03 1.466414349000000000e+09
5.045245374122019712e+03 4.256484219000000000e+09
4.842749443648473971e+03 4.757007470000000000e+08
4.746921489649515934e+03 4.916713360000000000e+08
4.827961610322726301e+03 3.789931922000000000e+09
4.790119198162176872e+03 2.159934914000000000e+09
4.941694746041397593e+03 2.364420312000000000e+09
4.836049717865044840e+03 5.566147000000000000e+06
4.714082719278416334e+03 1.907615276000000000e+09
4.962318036221606235e+03 1.410208704000000000e+09
4.625016747190072238e+03 9.446773180000000000e+08
5.017967173780576559e+03 1.164052300000000000e+08
4.923603784450766398e+03 1.613739919000000000e+09
4.950206735471313550e+03 2.983022060000000000e+09
4.874228655145446282e+03 3.132757938000000000e+09
4.669589663759984433e+03 5.086176890000000000e+08
5.001672838089527431e+03 3.101479389000000000e+09
5.050497920912857808e+03 2.489234624000000000e+09
4.884099995368751479e+03 1.466582190000000000e+08
4.749669878553228045e+03 3.310864836000000000e+09
4.917405768201714636e+03 1.523582539000000000e+09
4.878292378600301163e+03 9.533890540000000000e+08
4.911668991338723572e+03 7.011958340000000000e+08
5.049690643562537844e+03 3.433154649000000000e+09
4.778455254748210791e+03 6.915775540000000000e+08
4.803534158236661824e+03 2.171911597000000000e+09
5.009833292463077669e+03 6.956784800000000000e+08
4.850871458456736036e+03 3.170802830000000000e+08
5.153257312148591154e+03 1.513778727000000000e+09
4.953862743968462382e+03 1.638781834000000000e+09
4.985227294007881028e+03 2.035992466000000000e+09
4.995156408846825798e+03 1.614455045000000000e+09
4.734460374841902194e+03 3.664919234000000000e+09
5.054207119705468358e+03 1.602633033000000000e+09
4.905835887508388623e+03 1.777647414000000000e+09
4.906039167094022559e+03 4.137294650000000000e+09
4.842708875563724177e+03 1.326115069000000000e+09
4.826141525358321815e+03 1.575349689000000000e+09
5.050222649263969288e+03 3.534659078000000000e+09
4.913567510626486182e+03 3.977081152000000000e+09
4.819067473415037966e+03 3.522369625000000000e+09
4.900857297112320339e+03 2.646689650000000000e+09
5.022446075136087529e+03 4.125106456000000000e+09
4.636631671140113212e+03 1.063321350000000000e+09
5.050967015092883230e+03 1.587341357000000000e+09
4.696566065259020434e+03 1.367484942000000000e+09
4.634173561596750915e+03 1.140149647000000000e+09
4.646299830474990813e+03 1.786447907000000000e+09
4.999185606179743445e+03 3.120994570000000000e+08
4.629802052927600016e+03 2.122732798000000000e+09
4.988807899329160136e+03 5.811044390000000000e+08
4.840840067671818360e+03 3.885540310000000000e+08
5.047385921814932772e+03 3.040552132000000000e+09
4.982251370979887724e+03 4.198594474000000000e+09
5.021557007102595890e+03 6.891345140000000000e+08
4.923558135390564530e+03 4.176243086000000000e+09
4.838254458476349100e+03 9.822256020000000000e+08
4.959326404594531596e+03 9.815922870000000000e+08
4.862978097587392767e+03 4.178523198000000000e+09
5.038606554410000172e+03 3.201449800000000000e+09
5.035031886167289485e+03 3.635907468000000000e+09
4.855453152807298466e+03 2.666092817000000000e+09
4.823665239180561912e+03 1.953969749000000000e+09
4.943879451119228179e+03 3.077811688000000000e+09
5.064471560748916090e+03 1.270985283000000000e+09
4.760206839387941727e+03 4.163112034000000000e+09
4.974287137682173125e+03 3.483254623000000000e+09
4.670576279423556116e+03 2.538098053000000000e+09
5.105358593201903204e+03 3.636811565000000000e+09
4.876374762935703075e+03 4.839972730000000000e+08
4.905184320459948140e+03 3.758380485000000000e+09
4.913739694583551682e+03 2.498853496000000000e+09
4.793367488486337606e+03 1.667466454000000000e+09
4.988853815408891023e+03 1.039214707000000000e+09
4.691678438319846464e+03 3.506859708000000000e+09
4.919717610117788354e+03 1.302404125000000000e+09
4.776845550035342967e+03 2.677715155000000000e+09
4.745584498704867656e+03 4.232712022000000000e+09
5.022145398712667884e+03 2.799909220000000000e+09
4.949113666959982766e+03 2.069009536000000000e+09
4.711023123703877900e+03 6.343532450000000000e+08
4.907678985479498806e+03 3.717539980000000000e+09
4.891623330535709101e+03 2.206857492000000000e+09
4.819979650807506005e+03 1.201685660000000000e+09
5.096333721824573331e+03 3.722728590000000000e+08
4.989924721403776857e+03 1.837138392000000000e+09
4.968815835947802952e+03 2.060618060000000000e+09
4.982105507271842725e+03 1.449811981000000000e+09
4.741990698569175038e+03 4.013632989000000000e+09
4.842347300307661499e+03 1.282615415000000000e+09
4.782725378244918829e+03 3.285184849000000000e+09
4.954021559527798672e+03 2.176075423000000000e+09
4.744920649947534912e+03 2.918448248000000000e+09
4.962006545912949150e+03 4.214704560000000000e+08
5.146137621859570572e+03 4.362999800000000000e+07
5.009427264348229073e+03 3.228391800000000000e+07
4.962882833847210350e+03 1.002633791000000000e+09
4.831414359418581626e+03 7.463446060000000000e+08
4.875527811054606900e+03 8.900212110000000000e+08
4.991642524477201732e+03 2.466519779000000000e+09
5.116969882860956204e+03 4.177172432000000000e+09
5.157501385532426866e+03 2.632249795000000000e+09
4.682812512844959201e+03 4.263530901000000000e+09
4.690008591316258389e+03 4.217148941000000000e+09
4.943061499225003899e+03 3.291831093000000000e+09
5.016508334808141626e+03 3.878697660000000000e+09
4.951416875166689351e+03 2.588560511000000000e+09
4.995575103083336217e+03 1.836572900000000000e+09
5.098016551485659875e+03 9.053933930000000000e+08
4.900194893328471153e+03 3.683518866000000000e+09
4.835410898705791624e+03 3.817483799000000000e+09
4.588071057196026231e+03 1.921080199000000000e+09
4.753972876982821617e+03 3.211923386000000000e+09
4.865203069457931633e+03 9.160544050000000000e+08
5.184559720952352109e+03 2.776177439000000000e+09
4.998617869687575876e+03 3.621185315000000000e+09
4.793902819057516353e+03 1.788318728000000000e+09
5.049044971070628890e+03 1.227328474000000000e+09
4.848807059808191298e+03 1.182447796000000000e+09
5.163677895146995070e+03 4.282457245000000000e+09
4.908387292608713324e+03 1.377824800000000000e+08
4.759170318799097004e+03 1.712461301000000000e+09
4.690608024429702709e+03 2.175588226000000000e+09
4.959496065613644532e+03 3.794089985000000000e+09
4.703973206656228285e+03 3.641758645000000000e+09
5.053841871414140769e+03 1.696074117000000000e+09
5.176993037218995596e+03 8.120387630000000000e+08
4.677593728866269885e+03 1.798438588000000000e+09
4.800615974485828701e+03 1.955976464000000000e+09
4.874759697487765152e+03 4.110485282000000000e+09
5.085287220470184366e+03 1.609620009000000000e+09
4.995094455376280166e+03 3.126021877000000000e+09
4.826851476692601864e+03 2.456228682000000000e+09
4.629311412753377226e+03 2.890241179000000000e+09
4.934413878696591382e+03 1.714476939000000000e+09
4.963375439089315478e+03 1.434588092000000000e+09
5.025465269817390435e+03 3.976362550000000000e+08
4.933480879235003158e+03 2.162213050000000000e+08
4.866830581558138874e+03 3.765029713000000000e+09
4.824106835101881188e+03 9.273691310000000000e+08
4.974947939769524965e+03 1.994572790000000000e+09
4.795782463468834976e+03 3.096178080000000000e+08
4.844919435546751629e+03 2.869413740000000000e+08
5.155175387145551213e+03 4.048676659000000000e+09
4.809520336015848443e+03 2.511980261000000000e+09
4.848124658432612705e+03 3.225608550000000000e+09
5.014119590966200121e+03 1.202912448000000000e+09
4.831458020689880868e+03 1.822364997000000000e+09
4.957187898302461690e+03 1.999979898000000000e+09
5.171954002074504388e+03 3.391206476000000000e+09
4.980746024112182567e+03 1.004655384000000000e+09
5.038628156355927786e+03 4.117176757000000000e+09
4.833452947271685844e+03 4.120944325000000000e+09
4.950909751764852444e+03 2.950114520000000000e+08
5.003473899206886017e+03 2.344439691000000000e+09
5.000071065156702389e+03 4.139899623000000000e+09
4.855644598482404035e+03 2.738990926000000000e+09
4.890620128127833595e+03 2.421959123000000000e+09
4.753367285915970569e+03 2.127823901000000000e+09
5.074561821650742786e+03 2.237726972000000000e+09
4.926527425387603216e+03 4.153755564000000000e+09
4.926643010097822298e+03 3.318046688000000000e+09
4.675332194822881320e+03 3.516835877000000000e+09
4.777991987971660819e+03 3.805751001000000000e+09
4.851782209435808909e+03 3.177298072000000000e+09
4.775015190225070910e+03 3.314276196000000000e+09
4.841655061907643358e+03 1.210986900000000000e+07
4.912189475043829589e+03 1.112311126000000000e+09
4.741750423277129812e+03 4.024298038000000000e+09
4.827823599003116215e+03 1.803084020000000000e+09
4.787064436450740686e+03 3.680744560000000000e+09
4.866602734063159005e+03 3.933783462000000000e+09
4.809738486802207262e+03 2.736260685000000000e+09
5.024498848436068329e+03 2.792513673000000000e+09
4.764255059082218395e+03 5.928120660000000000e+08
4.881144466931408715e+03 4.094973083000000000e+09
4.870221245640517736e+03 2.079982859000000000e+09
4.781006720606666931e+03 1.959500314000000000e+09
5.078810176011486874e+03 2.346119793000000000e+09
5.106868384367555336e+03 8.108841550000000000e+08
4.831665267083050821e+03 1.819370288000000000e+09
4.891749607796886266e+03 3.456608306000000000e+09
4.982656793644764548e+03 2.448753158000000000e+09
4.766280073682528382e+03 1.698246358000000000e+09
5.085394247385726885e+03 3.239810927000000000e+09
4.949305444757274017e+03 6.870788400000000000e+08
4.798367996701841548e+03 6.715246470000000000e+08
4.892337780289142756e+03 5.717967760000000000e+08
4.625991888301397921e+03 2.951250385000000000e+09
4.750718903038849930e+03 3.921979159000000000e+09
4.825246922375902614e+03 3.707877830000000000e+09
4.757070688963856810e+03 2.075057580000000000e+08
4.921616458630291163e+03 2.944226560000000000e+09
4.893627644182034601e+03 1.222319740000000000e+09
4.836694733437291688e+03 3.654948672000000000e+09
4.895473956075415117e+03 3.269248081000000000e+09
5.028775787243099330e+03 1.736551398000000000e+09
4.690983298230077708e+03 2.721499759000000000e+09
4.756197061951660544e+03 4.142270100000000000e+09
4.763024301209381520e+03 1.957432406000000000e+09
5.168157212209735007e+03 3.195759256000000000e+09
4.864614551416587346e+03 8.878773100000000000e+07
4.874814166392942752e+03 3.882882009000000000e+09
4.767542997042962270e+03 1.767731558000000000e+09
4.932551968511937048e+03 2.951332550000000000e+09
5.089388911364969317e+03 3.124048309000000000e+09
4.863813808847476139e+03 1.254232478000000000e+09
5.009297170021791317e+03 3.016559260000000000e+09
4.946222126370597834e+03 5.417910160000000000e+08
4.887956743981820182e+03 5.368254810000000000e+08
4.861845797024332569e+03 3.981135643000000000e+09
4.797708371241410532e+03 6.507902800000000000e+07
4.984938700006790896e+03 3.552882167000000000e+09
4.796270065488129148e+03 1.110604663000000000e+09
4.949745074377980927e+03 3.084434161000000000e+09
5.032702942335868102e+03 3.103296650000000000e+09
4.841876742019285302e+03 1.664389593000000000e+09
4.998936488075858506e+03 2.737521866000000000e+09
4.750768280508875250e+03 3.484200767000000000e+09
4.986969086496285854e+03 8.090794200000000000e+08
4.790292066588946909e+03 3.541543572000000000e+09
5.023720690997415659e+03 3.437467796000000000e+09
4.992551681739074411e+03 1.828604394000000000e+09
5.011408156315121232e+03 7.337923680000000000e+08
5.058266237778952018e+03 3.567837385000000000e+09
4.943982819099599510e+03 2.299980742000000000e+09
4.896120782393773879e+03 3.114601485000000000e+09
4.800141152501457327e+03 1.125037184000000000e+09
4.880135485373300980e+03 3.303846448000000000e+09
4.845719402739004181e+03 3.472662583000000000e+09
4.704150262690203817e+03 8.793859040000000000e+08
5.149777248868622337e+03 4.163757417000000000e+09
5.011691240141398339e+03 2.208759418000000000e+09
5.013182653575393488e+03 9.986468990000000000e+08
5.167005285899415867e+03 3.151085104000000000e+09
4.827499685311902795e+03 2.559834376000000000e+09
4.929424990779138170e+03 2.364640692000000000e+09
5.185061764545624101e+03 4.081581760000000000e+09
4.943982193312834170e+03 2.471021474000000000e+09
5.023913284865508103e+03 2.926595504000000000e+09
4.636634269398531615e+03 4.059457029000000000e+09
4.761070036417593656e+03 1.776519911000000000e+09
4.926362477950541688e+03 1.230373460000000000e+08
4.914018176371306254e+03 2.142798664000000000e+09
5.114606492080599310e+03 2.510354640000000000e+09
4.766503494546050206e+03 3.797758851000000000e+09
4.739642856974872302e+03 5.618456150000000000e+08
4.615868897124444629e+03 2.430844734000000000e+09
4.966546278061157864e+03 2.122641847000000000e+09
4.663610271919049410e+03 1.272444535000000000e+09
5.066082535103223563e+03 2.273677362000000000e+09
4.778292448397575754e+03 6.154122650000000000e+08
5.020293356652692637e+03 1.550415571000000000e+09
4.909062788064264168e+03 9.369534960000000000e+08
4.869889602128414481e+03 4.186737978000000000e+09
4.875209107905464407e+03 2.027730620000000000e+09
5.006850214226726166e+03 3.440021949000000000e+09
4.915273373116648145e+03 1.096074538000000000e+09
4.912838047902188919e+03 1.396095572000000000e+09
5.070282748947634900e+03 3.014133480000000000e+09
5.032365702917646558e+03 2.994574072000000000e+09
4.802892367439756526e+03 3.821914590000000000e+09
5.048458428044812536e+03 1.206656981000000000e+09
5.015583864494150475e+03 2.625761276000000000e+09
4.926086491450309950e+03 2.537249500000000000e+09
4.892729232947981473e+03 2.220873749000000000e+09
4.964103756086167778e+03 2.864636045000000000e+09
5.089133895084485630e+03 2.707952450000000000e+09
4.973010020023133620e+03 3.030902639000000000e+09
4.792491148952145522e+03 2.813423594000000000e+09
4.784787512279209295e+03 2.097990634000000000e+09
4.923802366519570569e+03 8.170787610000000000e+08
5.026901320682904952e+03 2.669725050000000000e+09
4.814511818055403637e+03 1.002469283000000000e+09
5.022511146157653457e+03 5.252017040000000000e+08
4.891269232231090427e+03 2.998622918000000000e+09
4.972197307102896048e+03 3.223643018000000000e+09
4.877408277628592259e+03 9.046981040000000000e+08
4.972645061465633262e+03 9.273072200000000000e+08
4.663977222924260786e+03 4.692758580000000000e+08
4.701378329779119667e+03 8.183352990000000000e+08
4.947642266930325604e+03 7.133542260000000000e+08
4.555869203620632106e+03 2.695065497000000000e+09
4.764233195077036726e+03 3.841304581000000000e+09
5.136318555095149350e+03 2.934133583000000000e+09
4.557535552879200623e+03 3.494915204000000000e+09
4.953417912085325952e+03 2.440659460000000000e+08
4.754127447991477311e+03 3.713497533000000000e+09
5.024016660206876622e+03 2.238110053000000000e+09
4.805288737443584978e+03 2.174841187000000000e+09
4.657225558696200096e+03 2.957011425000000000e+09
