# Lens_likelihood 	 seed
5.333195576232708845e+03 2.458826569000000000e+09
5.323888574495504145e+03 2.159364030000000000e+08
5.330085118126950874e+03 6.922571940000000000e+08
5.317876991987931433e+03 7.748772200000000000e+08
5.357032945839231616e+03 3.064611857000000000e+09
5.338505378006539104e+03 2.375749091000000000e+09
5.327471752105964697e+03 4.264044190000000000e+09
5.308578473976233909e+03 4.180843418000000000e+09
5.358689502866657676e+03 3.210527616000000000e+09
5.310048592891438602e+03 1.875995447000000000e+09
5.340943489037135805e+03 2.750863299000000000e+09
5.349323633845875520e+03 1.623345892000000000e+09
5.355124403012266157e+03 4.231312109000000000e+09
5.310940113192204080e+03 2.478820403000000000e+09
5.360949743078102074e+03 3.793990676000000000e+09
5.319440656865394885e+03 3.220920535000000000e+09
5.302829745129239200e+03 3.407779623000000000e+09
5.347752628437361636e+03 1.300156143000000000e+09
5.350313815863437412e+03 1.321440662000000000e+09
5.329221455004766540e+03 2.478898943000000000e+09
5.351192196652847997e+03 4.225017371000000000e+09
5.366536226820863703e+03 3.836737966000000000e+09
5.334695427734960504e+03 1.310040263000000000e+09
5.324223727850605428e+03 1.509002316000000000e+09
5.330809114879656590e+03 1.580644906000000000e+09
5.300604264800937926e+03 2.672427010000000000e+08
5.312923278568823662e+03 2.694900827000000000e+09
5.289665297381814526e+03 1.897140274000000000e+09
5.291296574305638387e+03 5.447837290000000000e+08
5.347569474754644034e+03 3.287333438000000000e+09
5.336570728368832533e+03 1.297582249000000000e+09
5.357168944560417913e+03 1.156223343000000000e+09
5.312136022164268070e+03 2.845422619000000000e+09
5.281971415266707481e+03 3.745697954000000000e+09
5.314880683632716682e+03 2.513479875000000000e+09
5.259654719555095653e+03 1.687837984000000000e+09
5.318463770637405105e+03 1.166244971000000000e+09
5.330502614821818497e+03 2.210621095000000000e+09
5.357391501775297911e+03 2.614459352000000000e+09
5.341323797136520625e+03 2.084746622000000000e+09
5.307657793782554108e+03 9.964577800000000000e+08
5.320143640794609382e+03 1.573669380000000000e+08
5.342962294840244795e+03 2.693706486000000000e+09
5.338225291207855662e+03 7.231035440000000000e+08
5.328317751762905573e+03 2.355347332000000000e+09
5.315656820075747419e+03 3.770414470000000000e+08
5.326261645427865005e+03 3.733382580000000000e+08
5.369966562829974464e+03 2.912264570000000000e+08
5.324345228790793044e+03 2.688061605000000000e+09
5.362907344446619391e+03 2.605294707000000000e+09
5.334529043848483525e+03 1.370086663000000000e+09
5.349847566641117737e+03 4.211406365000000000e+09
5.303239476806227685e+03 3.691448032000000000e+09
5.327407158909048121e+03 3.632179059000000000e+09
5.351729068459565497e+03 5.248855410000000000e+08
5.321922184176275550e+03 1.385642378000000000e+09
5.330802026053520422e+03 4.165947069000000000e+09
5.342252288933921591e+03 1.245887053000000000e+09
5.361671837496999615e+03 2.946846823000000000e+09
5.310472406835130641e+03 6.296419030000000000e+08
5.332412967172456774e+03 8.074252080000000000e+08
5.340812265506439871e+03 3.307436202000000000e+09
5.343239058997040047e+03 1.004211824000000000e+09
5.342773031151175019e+03 6.449021890000000000e+08
5.326702491192232628e+03 3.576934318000000000e+09
5.345412606384495120e+03 1.099515661000000000e+09
5.332148041352516884e+03 1.545732996000000000e+09
5.345799692818955009e+03 4.074300000000000000e+08
5.330033123103528851e+03 4.039140767000000000e+09
5.307787849943381843e+03 4.137603028000000000e+09
5.351037009491989011e+03 3.227665400000000000e+07
5.356540854706573555e+03 4.000832468000000000e+09
5.313806466854437531e+03 1.197692350000000000e+09
5.308028456075436225e+03 5.177378350000000000e+08
5.315654002986356318e+03 3.946752710000000000e+09
5.316974402473743794e+03 1.038833272000000000e+09
5.322866328880667425e+03 2.083242504000000000e+09
5.319115332934205981e+03 8.314866920000000000e+08
5.329336644760636773e+03 3.413684511000000000e+09
5.340836954574986521e+03 5.892342730000000000e+08
5.318675158857499810e+03 1.294774680000000000e+08
5.326226820910427705e+03 2.923849123000000000e+09
5.330182422311740993e+03 4.013545076000000000e+09
5.307827443622132705e+03 3.592229097000000000e+09
5.284679358110904104e+03 1.881336699000000000e+09
5.373302417207934923e+03 2.066737701000000000e+09
5.337450990573657691e+03 1.389735972000000000e+09
5.341740713689392578e+03 1.935340215000000000e+09
5.303734125749757368e+03 4.112263090000000000e+08
5.346561670951847191e+03 3.617806826000000000e+09
5.295768035280993900e+03 4.055746380000000000e+08
5.318979273692966672e+03 3.746287356000000000e+09
5.318781892675013296e+03 2.983234658000000000e+09
5.335758508802442520e+03 1.296163005000000000e+09
5.368109920775156752e+03 3.783930162000000000e+09
5.322931538672076385e+03 2.863371395000000000e+09
5.309348749684630093e+03 3.215547438000000000e+09
5.348338003083503281e+03 1.576280859000000000e+09
5.367951326078182319e+03 5.958191300000000000e+07
5.326783010555471265e+03 4.111328396000000000e+09
5.309456942357470325e+03 2.204831265000000000e+09
5.329331383342037952e+03 2.222866134000000000e+09
5.305597037086550699e+03 6.201092730000000000e+08
5.321066772448694792e+03 1.856230520000000000e+08
5.319865610832226594e+03 2.053936376000000000e+09
5.340008122057124638e+03 3.642649834000000000e+09
5.365609412343594158e+03 3.794525554000000000e+09
5.306388455364723086e+03 8.116570700000000000e+07
5.329811509918616139e+03 3.541677560000000000e+09
5.321739312248896567e+03 4.060651036000000000e+09
5.347920211116312203e+03 3.341197350000000000e+09
5.329381060743646231e+03 1.539328312000000000e+09
5.310794695064975713e+03 2.495151123000000000e+09
5.317063031185773980e+03 2.272255684000000000e+09
5.322465399038576834e+03 8.717104960000000000e+08
5.333423768990360259e+03 4.036095021000000000e+09
5.334191101217040341e+03 4.007962474000000000e+09
5.340760078196594804e+03 1.234697389000000000e+09
5.344437326818181646e+03 2.246705016000000000e+09
5.333735609132379977e+03 3.147748585000000000e+09
5.314871817271297914e+03 4.276526683000000000e+09
5.335214489074251105e+03 1.491673971000000000e+09
5.332301891327839257e+03 2.030341287000000000e+09
5.321113352413499342e+03 2.473136352000000000e+09
5.318366061543105388e+03 1.790524065000000000e+09
5.303127125950664777e+03 2.982596762000000000e+09
5.351424909291194126e+03 4.088344698000000000e+09
5.337233237069128336e+03 3.991463080000000000e+08
5.355300341481335636e+03 2.504187863000000000e+09
5.286249787112446938e+03 3.037765066000000000e+09
5.337777555136142837e+03 1.128916478000000000e+09
5.347917650961716390e+03 3.756231090000000000e+08
5.355863387568286271e+03 2.703404534000000000e+09
5.334078029331434664e+03 2.057991932000000000e+09
5.316189412037105285e+03 3.360284121000000000e+09
5.354048268557951815e+03 1.136169593000000000e+09
5.317398456639391043e+03 6.435922000000000000e+06
5.338963999432236960e+03 5.811444260000000000e+08
5.343067197704799582e+03 4.092518911000000000e+09
5.320499808574906638e+03 3.872291176000000000e+09
5.308722278986006131e+03 3.062499694000000000e+09
5.284098252228612182e+03 1.361519154000000000e+09
5.327626051118604664e+03 3.148079941000000000e+09
5.350978293695308821e+03 2.871784378000000000e+09
5.303373025493837304e+03 2.195644005000000000e+09
5.294339890873909098e+03 1.266069526000000000e+09
5.349745657578472674e+03 3.216098779000000000e+09
5.336275393860323675e+03 1.589268181000000000e+09
5.341021552507103479e+03 1.249705817000000000e+09
5.319359507755216327e+03 1.934619614000000000e+09
5.321601095313686528e+03 3.985776580000000000e+09
5.335081683317178431e+03 8.005389290000000000e+08
5.324405726370633602e+03 4.204899943000000000e+09
5.345390179226150394e+03 2.843306959000000000e+09
5.352146507990122700e+03 4.728389090000000000e+08
5.331814463199388229e+03 1.218857006000000000e+09
5.340356731155244233e+03 2.404583147000000000e+09
5.297758771084420914e+03 2.941487510000000000e+09
5.328373961766212233e+03 1.412995774000000000e+09
5.317067014398689025e+03 3.980988823000000000e+09
5.300374818041631443e+03 2.661344483000000000e+09
5.319419291405940385e+03 2.274726331000000000e+09
5.323226687303838844e+03 1.560805390000000000e+09
5.304985561920135297e+03 4.057326071000000000e+09
5.342889196113910657e+03 8.384625030000000000e+08
5.313731319978376632e+03 4.201327767000000000e+09
5.325830121767154196e+03 1.446032734000000000e+09
5.327556679008871470e+03 2.458094120000000000e+09
5.350458959553006935e+03 1.050504455000000000e+09
5.361554544840399103e+03 1.369425112000000000e+09
5.342949518192383948e+03 1.369487062000000000e+09
5.336648093869020158e+03 3.978306744000000000e+09
5.325133116478427837e+03 4.275098976000000000e+09
5.338088438876301552e+03 6.110048580000000000e+08
5.304875719839165868e+03 3.596937947000000000e+09
5.323596378160086715e+03 3.987221746000000000e+09
5.310535106924359752e+03 1.048169851000000000e+09
5.333601606920092308e+03 3.306105747000000000e+09
5.324331764483455117e+03 4.170128219000000000e+09
5.331594653258777726e+03 2.018020306000000000e+09
5.321328530216978834e+03 3.821964228000000000e+09
5.324781881295155472e+03 3.462018798000000000e+09
5.313706008137227400e+03 3.336899498000000000e+09
5.308015011079633950e+03 4.250314905000000000e+09
5.347448497701171618e+03 4.087565213000000000e+09
5.333656561811170832e+03 3.473257301000000000e+09
5.320005411042389824e+03 1.277941809000000000e+09
5.318764129146062260e+03 1.270098410000000000e+08
5.336905052802209866e+03 3.976356840000000000e+09
5.346045811452255293e+03 2.093813989000000000e+09
5.339828325846203370e+03 3.349040364000000000e+09
5.331012992563360967e+03 2.072101810000000000e+08
5.319565106062903396e+03 9.578671010000000000e+08
5.309902993784031423e+03 2.164140704000000000e+09
5.318948295336249430e+03 2.942631450000000000e+09
5.345141912046450670e+03 2.567352012000000000e+09
5.322044990811155913e+03 2.209041793000000000e+09
5.331057371137464543e+03 1.251244269000000000e+09
5.323940960570670541e+03 1.729241541000000000e+09
5.356098600342157624e+03 1.045349200000000000e+09
5.352028929606456586e+03 3.224759576000000000e+09
5.344830427489737303e+03 1.489107893000000000e+09
5.341986748187897319e+03 4.199084135000000000e+09
5.293697336005262514e+03 2.963945627000000000e+09
5.301382371920392870e+03 3.918981797000000000e+09
5.313708748796556392e+03 2.492522061000000000e+09
5.321903658555746915e+03 1.494093260000000000e+08
5.327722354541519053e+03 5.048108230000000000e+08
5.363497876103826457e+03 4.247559711000000000e+09
5.357016216716148847e+03 2.022903873000000000e+09
5.311399601187689768e+03 4.155058377000000000e+09
5.315352693091923356e+03 3.938517754000000000e+09
5.296066637893549341e+03 2.138204544000000000e+09
5.333062158949050172e+03 2.384890260000000000e+09
5.361638471123640556e+03 2.137973012000000000e+09
5.341164885440604849e+03 4.034683217000000000e+09
5.316531984635010303e+03 2.525960350000000000e+09
5.342893490618009309e+03 7.581511200000000000e+07
5.318985410374401908e+03 5.411885880000000000e+08
5.305975907534770158e+03 3.141111691000000000e+09
5.347542592631342814e+03 3.233643840000000000e+09
5.294673317031387342e+03 1.268369783000000000e+09
5.329250652224243822e+03 4.102907743000000000e+09
5.305243989368107577e+03 3.530074236000000000e+09
5.350105205758528427e+03 1.425132485000000000e+09
5.322270171464851956e+03 2.235125275000000000e+09
5.308736223340827564e+03 4.723001790000000000e+08
5.331991379382455307e+03 1.352870854000000000e+09
5.290224326438035860e+03 2.033719717000000000e+09
5.328202450203793887e+03 1.851628676000000000e+09
5.339823728313696847e+03 3.258427097000000000e+09
5.311349018258021715e+03 1.283258530000000000e+09
5.311769982571990113e+03 2.133528753000000000e+09
5.349788269854106147e+03 1.319536174000000000e+09
5.335568703922731402e+03 2.680381494000000000e+09
5.310874908042373136e+03 9.432783170000000000e+08
5.338282094756021252e+03 1.156664766000000000e+09
5.352108342560462916e+03 6.930150140000000000e+08
5.334804429210963463e+03 8.556024010000000000e+08
5.342609329391149004e+03 3.836787998000000000e+09
5.319504402181152727e+03 3.921648371000000000e+09
5.332411663580190179e+03 1.390313896000000000e+09
5.344676233907906862e+03 3.510996277000000000e+09
5.331002303703310645e+03 2.163272690000000000e+09
5.305356905261468455e+03 6.195561100000000000e+07
5.341089465293137437e+03 2.279164063000000000e+09
5.330028335974087895e+03 1.537158257000000000e+09
5.320700574988635708e+03 2.411582869000000000e+09
5.313559223863598163e+03 3.866443115000000000e+09
5.316274884477938940e+03 3.868319417000000000e+09
5.297648815649918106e+03 2.505439883000000000e+09
5.362568003404227966e+03 2.109803725000000000e+09
5.299164217156012455e+03 1.921371967000000000e+09
5.306664238307216692e+03 1.528631710000000000e+09
5.359361258570251266e+03 1.122280103000000000e+09
5.283526705432138442e+03 3.502434205000000000e+09
5.323440624902214040e+03 3.188920396000000000e+09
5.346586399683845229e+03 1.334830710000000000e+09
5.342087201427258151e+03 2.518713070000000000e+09
5.352903410803237421e+03 7.092002800000000000e+07
5.339425121528518503e+03 6.948757220000000000e+08
5.302155138913380142e+03 1.500539889000000000e+09
5.323720069436892118e+03 2.104006805000000000e+09
5.316162392626422843e+03 3.331352461000000000e+09
5.343967670330946930e+03 2.616306846000000000e+09
5.336054218304851929e+03 2.393453252000000000e+09
5.292109112171571724e+03 7.955631040000000000e+08
5.314994659535110259e+03 1.782022770000000000e+09
5.335758242455376603e+03 2.620310217000000000e+09
5.319440235549838690e+03 3.017997852000000000e+09
5.316561225480362737e+03 4.147467118000000000e+09
5.304296459423337183e+03 3.901530420000000000e+08
5.362585338779299491e+03 1.879861422000000000e+09
5.336351545234602781e+03 7.049800820000000000e+08
5.316949257114386455e+03 6.373211960000000000e+08
5.326084258926715847e+03 2.473169959000000000e+09
5.312583050042774630e+03 2.655308222000000000e+09
5.297450497069072298e+03 6.148426180000000000e+08
5.278989441546620583e+03 3.972070691000000000e+09
5.363614774890269473e+03 3.608102089000000000e+09
5.341513268895336296e+03 3.413971221000000000e+09
5.334372017203269934e+03 6.115659900000000000e+08
5.327330238039909091e+03 2.253503761000000000e+09
5.278282364830096412e+03 3.274102758000000000e+09
5.323234599310690101e+03 3.963503401000000000e+09
5.351606564767604141e+03 5.571364860000000000e+08
5.340535508078093699e+03 1.148821649000000000e+09
5.334832244141525734e+03 8.120726250000000000e+08
5.326546540419625671e+03 1.213939528000000000e+09
5.346657735970175054e+03 2.613559874000000000e+09
5.336516412189595940e+03 3.517113149000000000e+09
5.323893627829589605e+03 3.989732201000000000e+09
5.315914182866298688e+03 2.897801800000000000e+08
5.318469609857721480e+03 1.515166724000000000e+09
5.336130821966225994e+03 1.047242087000000000e+09
5.327440009936136448e+03 4.085592091000000000e+09
5.290095654970553369e+03 1.100243600000000000e+07
5.361562702289967092e+03 7.886103420000000000e+08
5.323171199048343624e+03 3.252092023000000000e+09
5.334322558073683467e+03 9.396500570000000000e+08
5.338761140822122798e+03 8.449141810000000000e+08
5.337969456796566192e+03 3.616720285000000000e+09
5.298083180177640315e+03 3.736845739000000000e+09
5.300320711132666474e+03 2.410816008000000000e+09
5.356311707203412880e+03 3.619571442000000000e+09
5.304644825887076877e+03 2.097021261000000000e+09
5.325325474245581063e+03 2.483775749000000000e+09
5.380121986931413630e+03 2.810011845000000000e+09
5.337765345129369052e+03 2.247546132000000000e+09
5.307900370651503181e+03 3.127980500000000000e+09
5.332141637140073726e+03 1.382962699000000000e+09
5.324021970596985739e+03 2.651689484000000000e+09
5.316816479721641372e+03 1.205511171000000000e+09
5.330667482443599511e+03 3.519627311000000000e+09
5.335110898610832919e+03 5.340449150000000000e+08
5.315841420297090735e+03 5.716204000000000000e+07
5.271460519591996672e+03 1.521882779000000000e+09
5.324673374778836660e+03 2.544350003000000000e+09
5.325708360613492914e+03 3.211433388000000000e+09
5.282602872208131885e+03 1.627275310000000000e+08
5.313177067153880671e+03 6.525376900000000000e+08
5.309448002977558644e+03 3.394975363000000000e+09
5.331007810053193680e+03 1.815912131000000000e+09
5.343370606252673497e+03 5.731374860000000000e+08
5.349414481529438490e+03 2.663917450000000000e+08
5.359182214330216084e+03 2.739108243000000000e+09
5.308759890201961753e+03 7.874416910000000000e+08
5.308944779582800948e+03 3.158746490000000000e+09
5.299118890709383777e+03 1.700849261000000000e+09
5.347901684891537116e+03 2.138514148000000000e+09
5.304783844785988549e+03 2.708989777000000000e+09
5.322048094610755470e+03 2.063768898000000000e+09
5.309556499600314055e+03 2.923881808000000000e+09
5.339313695727631057e+03 5.430407120000000000e+08
5.329669497728948045e+03 3.853730704000000000e+09
5.343357783372845915e+03 4.026308599000000000e+09
5.352270220099477228e+03 1.440268954000000000e+09
5.348412098170585523e+03 2.891781112000000000e+09
5.364120428955575335e+03 2.232060947000000000e+09
5.340426720856859902e+03 2.750960280000000000e+08
5.342155306039752759e+03 1.919559587000000000e+09
5.300727234901210068e+03 8.995573720000000000e+08
5.320801028819484600e+03 4.512798200000000000e+08
5.316678122007400816e+03 2.584698946000000000e+09
5.316604541575200528e+03 3.480994042000000000e+09
5.327343730961239999e+03 3.544057690000000000e+08
5.323537542586803283e+03 3.480368182000000000e+09
5.342505779305447504e+03 2.834053553000000000e+09
5.311424163725767357e+03 3.650525330000000000e+08
5.323365892753390654e+03 4.171689853000000000e+09
