# Lens_likelihood 	 seed
4.760276835936598218e+03 1.873603896000000000e+09
4.784969076520816088e+03 1.798889735000000000e+09
4.732736089875867037e+03 1.121835420000000000e+09
4.736491602163743664e+03 3.382724695000000000e+09
4.738073092045455269e+03 3.973558806000000000e+09
4.788979846269275185e+03 3.785117358000000000e+09
4.722330319220337515e+03 3.657718781000000000e+09
4.766659702842493061e+03 1.116302330000000000e+09
4.728997167823375094e+03 8.712180820000000000e+08
4.730783304523682091e+03 8.670757060000000000e+08
4.683858531089226744e+03 1.004350516000000000e+09
4.753174428063818596e+03 2.945107180000000000e+09
4.710261735877111278e+03 1.905135127000000000e+09
4.751431098678027411e+03 2.829473986000000000e+09
4.747292217104988595e+03 3.239036183000000000e+09
4.756294428599486309e+03 1.250667309000000000e+09
4.723579850656759845e+03 3.641965674000000000e+09
4.726474573276067531e+03 1.751030894000000000e+09
4.667495849259555143e+03 3.077717918000000000e+09
4.796637134361869357e+03 3.026126845000000000e+09
4.719577040643829605e+03 2.018823511000000000e+09
4.685614273532019070e+03 7.006359880000000000e+08
4.757552338157756822e+03 3.953174827000000000e+09
4.733093807185107835e+03 8.776561860000000000e+08
4.707051859051322936e+03 8.968112550000000000e+08
4.635926556841002821e+03 1.536785424000000000e+09
4.729772655934013528e+03 4.967684070000000000e+08
4.749203841432708941e+03 3.867023782000000000e+09
4.806604001869898639e+03 2.248333600000000000e+09
4.686902645246342217e+03 1.764038928000000000e+09
4.754203062399505143e+03 7.701022650000000000e+08
4.648983482027761056e+03 2.290829307000000000e+09
4.796851631448001172e+03 3.944920948000000000e+09
4.769126200824432090e+03 3.726556278000000000e+09
4.727057700066198777e+03 2.269755251000000000e+09
4.741166016899033821e+03 3.259497431000000000e+09
4.718064862459807955e+03 2.992322948000000000e+09
4.719313405799264729e+03 3.630372389000000000e+09
4.730417333674397014e+03 2.942860133000000000e+09
4.734996300473608244e+03 2.800790955000000000e+09
4.740122413008792137e+03 2.694163026000000000e+09
4.754145192154537654e+03 1.011913756000000000e+09
4.743449584578606846e+03 1.783159026000000000e+09
4.707373823202409767e+03 5.996152090000000000e+08
4.665826384843630876e+03 2.434137951000000000e+09
4.765127025438323471e+03 1.312033295000000000e+09
4.711084444388976408e+03 3.099310669000000000e+09
4.766859794754625000e+03 8.027514580000000000e+08
4.790661747730220668e+03 1.857127416000000000e+09
4.743347329980724680e+03 3.835483847000000000e+09
4.759513575126610704e+03 8.618863360000000000e+08
4.738959178686967789e+03 2.385159216000000000e+09
4.793420248937100951e+03 7.533721810000000000e+08
4.718418725850782721e+03 3.691092173000000000e+09
4.734361687400185474e+03 2.404773912000000000e+09
4.835013702545666092e+03 3.894493116000000000e+09
4.714758791460040811e+03 4.104586520000000000e+09
4.728567199617828010e+03 1.583667600000000000e+08
4.738304350624779545e+03 1.847298044000000000e+09
4.806290623509611578e+03 4.228044012000000000e+09
4.751813093534151449e+03 2.990546370000000000e+09
4.684682724557133042e+03 1.699678524000000000e+09
4.711786745866869751e+03 1.767821397000000000e+09
4.788955782432520209e+03 3.248207018000000000e+09
4.747266008061887078e+03 1.337621915000000000e+09
4.761858090247456857e+03 3.946450883000000000e+09
4.726322211807178974e+03 4.183531500000000000e+08
4.724788099909916127e+03 4.208759017000000000e+09
4.693162434399392623e+03 1.828319677000000000e+09
4.609685232070416532e+03 3.399336388000000000e+09
4.777792311234802582e+03 3.965873157000000000e+09
4.697929801635319564e+03 9.572792280000000000e+08
4.725332045175377061e+03 3.708012759000000000e+09
4.777894881008314769e+03 6.239644030000000000e+08
4.685806087455664056e+03 3.185598733000000000e+09
4.716102051363124701e+03 1.422366414000000000e+09
4.703802323187070215e+03 2.328230034000000000e+09
4.714846317820033619e+03 1.488403852000000000e+09
4.741096325459284344e+03 4.057286620000000000e+08
4.793515393753195895e+03 3.500601490000000000e+09
4.747902039432847232e+03 1.473951957000000000e+09
4.786340660834229311e+03 4.143642953000000000e+09
4.628480887036637796e+03 8.024762060000000000e+08
4.714658559140951184e+03 3.137050120000000000e+08
4.769341060969862156e+03 3.923627486000000000e+09
4.748189497315846893e+03 6.776506850000000000e+08
4.740572109421006644e+03 1.487120999000000000e+09
4.690300894452995635e+03 3.840512815000000000e+09
4.751537699181155403e+03 2.418537970000000000e+09
4.779773632258138605e+03 1.946154157000000000e+09
4.649475051608128524e+03 3.454707537000000000e+09
4.736883547718926820e+03 2.271691239000000000e+09
4.747595933100539696e+03 3.362906063000000000e+09
4.708716184724665254e+03 1.040226948000000000e+09
4.705866643422000379e+03 4.002017358000000000e+09
4.779411612511467865e+03 6.856727150000000000e+08
4.791990262457002245e+03 3.315168817000000000e+09
4.721602805159818672e+03 1.445744530000000000e+08
4.748879279735167984e+03 2.609593870000000000e+09
4.722109875587838360e+03 5.643718260000000000e+08
4.695213029970022944e+03 3.006285049000000000e+09
4.628682755982064918e+03 2.626590227000000000e+09
4.790225350124494071e+03 2.467483808000000000e+09
4.767724253367781785e+03 4.184007632000000000e+09
4.748361526280287762e+03 2.959438511000000000e+09
4.657040787230331262e+03 8.427903460000000000e+08
4.712123649437914537e+03 1.415401040000000000e+09
4.722987709215378345e+03 7.063741950000000000e+08
4.734429310192587764e+03 2.115929634000000000e+09
4.634929416342940385e+03 1.765030258000000000e+09
4.687980681935534449e+03 2.854081120000000000e+09
4.688097913469007835e+03 1.060567286000000000e+09
4.702346939648752596e+03 3.684812849000000000e+09
4.768658299849344985e+03 4.236069514000000000e+09
4.785030414260571888e+03 8.979029400000000000e+08
4.734809482991529876e+03 1.051519220000000000e+08
4.782562117988864884e+03 3.414226995000000000e+09
4.717009314681512478e+03 3.959426220000000000e+09
4.674291763900458136e+03 3.193392553000000000e+09
4.746143657476965018e+03 8.896697870000000000e+08
4.717945419484953163e+03 2.564146788000000000e+09
4.740521461735217599e+03 2.236386740000000000e+08
4.771392893556298077e+03 1.189249809000000000e+09
4.735610021406018859e+03 1.399743837000000000e+09
4.693111853701753716e+03 1.660079766000000000e+09
4.552114537022365766e+03 1.609013037000000000e+09
4.683195469259500896e+03 3.016374514000000000e+09
4.782570278794582919e+03 2.488816845000000000e+09
4.754278574052297699e+03 1.830312281000000000e+09
4.714072097843625670e+03 1.991245803000000000e+09
4.846063109217561760e+03 4.275355695000000000e+09
4.772060760673237382e+03 1.715116078000000000e+09
4.689311783588043909e+03 2.578437804000000000e+09
4.702221546657641738e+03 3.262867860000000000e+08
4.788846441493989005e+03 8.549849950000000000e+08
4.658263158889868464e+03 2.331641233000000000e+09
4.768107124975911574e+03 3.402883673000000000e+09
4.708715710867074449e+03 1.394088766000000000e+09
4.719359832783331512e+03 1.600261201000000000e+09
4.767712659634180454e+03 2.575578602000000000e+09
4.735078602734729429e+03 3.922327060000000000e+08
4.676319138957993346e+03 1.082269114000000000e+09
4.681056594366713398e+03 8.526870690000000000e+08
4.725423324284191040e+03 2.318840462000000000e+09
4.610730424594905344e+03 3.373141559000000000e+09
4.740925486911421103e+03 1.955971140000000000e+09
4.767287665762656616e+03 1.407640040000000000e+08
4.780195287701261805e+03 9.222622710000000000e+08
4.810971043353651112e+03 1.355012613000000000e+09
4.726274488462410773e+03 1.404120613000000000e+09
4.747033449810773163e+03 4.080317600000000000e+09
4.739200731548909971e+03 2.871008898000000000e+09
4.713336687870420064e+03 6.457363660000000000e+08
4.750253606878628489e+03 2.300527179000000000e+09
4.720610068564528774e+03 3.701695526000000000e+09
4.667049846892959977e+03 2.549590298000000000e+09
4.660217673273408764e+03 2.175647793000000000e+09
4.704574723107036334e+03 3.032327368000000000e+09
4.842762975927304979e+03 1.351892781000000000e+09
4.790894447556369414e+03 4.125628872000000000e+09
4.700901912258821540e+03 3.344654996000000000e+09
4.707057859840580932e+03 3.202804322000000000e+09
4.698636053981686928e+03 1.844869004000000000e+09
4.690927273863115261e+03 5.395580680000000000e+08
4.658451263674016445e+03 1.059297878000000000e+09
4.751168015005650886e+03 2.302630650000000000e+09
4.712072697373661867e+03 4.928040510000000000e+08
4.726000307129037537e+03 4.229470703000000000e+09
4.672041844331402899e+03 1.932527872000000000e+09
4.560768667471620574e+03 1.530274320000000000e+08
4.693367278635711955e+03 6.362618630000000000e+08
4.697486359839767829e+03 2.791923670000000000e+09
4.729488808070283994e+03 1.852571581000000000e+09
4.633936830236578317e+03 4.912450000000000000e+05
4.735190017280238862e+03 3.004592529000000000e+09
4.769194733166087644e+03 1.110334557000000000e+09
4.732333623695574715e+03 1.606979840000000000e+08
4.784605906489266999e+03 1.331440940000000000e+09
4.799957439956917369e+03 3.326608053000000000e+09
4.698328814590835464e+03 1.053721545000000000e+09
4.763439886449888945e+03 6.238772080000000000e+08
4.621688069733821976e+03 8.508953580000000000e+08
4.774517071656164262e+03 1.482606183000000000e+09
4.669669274310008404e+03 2.494963774000000000e+09
4.727472517731738662e+03 2.783577937000000000e+09
4.731897599652797908e+03 1.253552907000000000e+09
4.743335932028280695e+03 1.772970600000000000e+08
4.767514998316915808e+03 7.309263840000000000e+08
4.777051597418120764e+03 2.067195237000000000e+09
4.677664514543161204e+03 3.884252664000000000e+09
4.698688702402198032e+03 3.660920678000000000e+09
4.792132057109613015e+03 2.152514254000000000e+09
4.715210116893842496e+03 1.894186367000000000e+09
4.706942901188551332e+03 3.817678557000000000e+09
4.748604090753806304e+03 1.031952653000000000e+09
4.752761938804088459e+03 3.641277527000000000e+09
4.700805245151173949e+03 3.219517814000000000e+09
4.735956260110703624e+03 2.159624452000000000e+09
4.718228797630365989e+03 1.198256322000000000e+09
4.737307399979201364e+03 1.289457601000000000e+09
4.729738223881422527e+03 2.506274830000000000e+08
4.737387227448933118e+03 4.093751601000000000e+09
4.745286085844067202e+03 2.656406977000000000e+09
4.742806944210020447e+03 3.960869088000000000e+09
4.767215397345964448e+03 1.578475235000000000e+09
4.759748892285500915e+03 2.394768053000000000e+09
4.785729798217465941e+03 5.563393860000000000e+08
4.772182995989556730e+03 3.605869109000000000e+09
4.748572043741547532e+03 1.740802703000000000e+09
4.710697220373525852e+03 2.337794435000000000e+09
4.689467993726972054e+03 3.080290847000000000e+09
4.761964273201931064e+03 2.738733856000000000e+09
4.735827942205155523e+03 6.127897240000000000e+08
4.756211071561403514e+03 1.500092612000000000e+09
4.603907235895102531e+03 7.752903510000000000e+08
4.752466528514725724e+03 3.094531288000000000e+09
4.715131882145028612e+03 4.366120280000000000e+08
4.713375495192643939e+03 1.157623273000000000e+09
4.672168296575073327e+03 2.632286681000000000e+09
4.607054937963223892e+03 3.385722450000000000e+09
4.753915789490225507e+03 3.010255710000000000e+09
4.740915110534252563e+03 1.663968014000000000e+09
4.754586888599777012e+03 3.754760160000000000e+08
4.702356846740964102e+03 4.068315316000000000e+09
4.736897572946827495e+03 1.527863340000000000e+09
4.719465289523443971e+03 4.525177410000000000e+08
4.731885592980184811e+03 3.992712590000000000e+08
4.709497657135921145e+03 1.363036753000000000e+09
4.756827428206830518e+03 1.280635657000000000e+09
4.734704855178191792e+03 4.064575680000000000e+08
4.721502214092650320e+03 2.079183050000000000e+09
4.756856516065335200e+03 1.759182899000000000e+09
4.816009598919613381e+03 3.747598829000000000e+09
4.695781205803968078e+03 1.849545031000000000e+09
4.687764981418136813e+03 9.567021250000000000e+08
4.700967367733286665e+03 3.667472983000000000e+09
4.716046210272863391e+03 1.652798169000000000e+09
4.656018455869501850e+03 1.031954068000000000e+09
4.704808234975285814e+03 2.261567410000000000e+08
4.740365536260498629e+03 1.781709552000000000e+09
4.710675336491303824e+03 1.745418313000000000e+09
4.836710919924238624e+03 3.014779027000000000e+09
4.802625697968765053e+03 3.160229268000000000e+09
4.716593229964842976e+03 5.443237900000000000e+08
4.634792846098927839e+03 6.027913940000000000e+08
4.709223516324558659e+03 4.276048775000000000e+09
4.678081404031010607e+03 3.680663212000000000e+09
4.759711201771930064e+03 6.888612760000000000e+08
4.708033917596694664e+03 3.134706804000000000e+09
4.745191089641708459e+03 1.468229038000000000e+09
4.703241867164219002e+03 9.422320510000000000e+08
4.777570362930169722e+03 3.941790756000000000e+09
4.727451605848315921e+03 1.073566621000000000e+09
4.751699039244052983e+03 4.857798860000000000e+08
4.746076700914054527e+03 4.092609641000000000e+09
4.764061316866780544e+03 3.157430443000000000e+09
4.756080844986892771e+03 2.539671583000000000e+09
4.688658724892520695e+03 2.966738835000000000e+09
4.758427341324690133e+03 3.272812474000000000e+09
4.719721868544913377e+03 3.619314648000000000e+09
4.736178789765201145e+03 7.951903420000000000e+08
4.756311910253787573e+03 3.880092261000000000e+09
4.755848752467241866e+03 1.491803924000000000e+09
4.730118792936450518e+03 2.347021137000000000e+09
4.759500743610692552e+03 3.057723729000000000e+09
4.727059133639085303e+03 3.022533779000000000e+09
4.694528401178254171e+03 2.892090159000000000e+09
4.706196285377522145e+03 2.263326670000000000e+08
4.718146400916048151e+03 1.144429615000000000e+09
4.776326215210429837e+03 1.856782991000000000e+09
4.757272590683713133e+03 3.739101204000000000e+09
4.731229688483756036e+03 2.421351842000000000e+09
4.721453569399400294e+03 1.714699208000000000e+09
4.780133932894013924e+03 1.347612452000000000e+09
4.733899959418155049e+03 9.855620260000000000e+08
4.677736379599633437e+03 1.112979230000000000e+09
4.784462171165218024e+03 1.231388793000000000e+09
4.703396348082345867e+03 2.647942023000000000e+09
4.769826800984509646e+03 8.772653650000000000e+08
4.670873359655299282e+03 3.002877310000000000e+08
4.679509035558547112e+03 2.075537388000000000e+09
4.736935219614255402e+03 3.940387129000000000e+09
4.779295549442117590e+03 4.128385220000000000e+08
4.726008484505640808e+03 1.774154010000000000e+09
4.718365728192997267e+03 1.405660829000000000e+09
4.795334927827844695e+03 3.431372455000000000e+09
4.770136931635210203e+03 1.592916588000000000e+09
4.713393501821130485e+03 1.734209107000000000e+09
4.593021007038243624e+03 3.616819741000000000e+09
4.755795992179650057e+03 7.659618100000000000e+07
4.763824274870572481e+03 2.952873161000000000e+09
4.683407131739981196e+03 4.180086880000000000e+09
4.754440934268082856e+03 1.351135279000000000e+09
4.682883517383163053e+03 1.281817293000000000e+09
4.732167980248776075e+03 3.828100974000000000e+09
4.718887667069042436e+03 1.112297794000000000e+09
4.786253527090106218e+03 1.195821143000000000e+09
4.688703894807954384e+03 3.623730815000000000e+09
4.702019063918384745e+03 2.670927998000000000e+09
4.692423190997412348e+03 4.091761343000000000e+09
4.701679183035479582e+03 8.509187470000000000e+08
4.791400023742740814e+03 2.957876171000000000e+09
4.731501309754900831e+03 2.534672168000000000e+09
4.646380154324398973e+03 2.964910804000000000e+09
4.637284889520413344e+03 1.906025197000000000e+09
4.726641146064989698e+03 3.664349810000000000e+09
4.773415699216822759e+03 2.693588320000000000e+08
4.738962537620362127e+03 2.567176169000000000e+09
4.713502569977848907e+03 1.523456419000000000e+09
4.714677767039321225e+03 7.661512520000000000e+08
4.738170967249477144e+03 3.697432859000000000e+09
4.783834603274556684e+03 3.044585878000000000e+09
4.721781570542330883e+03 2.681768955000000000e+09
4.674520187901933241e+03 4.736973500000000000e+07
4.714516771575792518e+03 3.006505017000000000e+09
4.761583647987396034e+03 4.195352921000000000e+09
4.731853611776063190e+03 6.620288750000000000e+08
4.759724697304463007e+03 1.659159423000000000e+09
4.772309768916909889e+03 2.086408670000000000e+09
4.727145735260799484e+03 3.067494789000000000e+09
4.774005774118981208e+03 1.551590286000000000e+09
4.759719053151018670e+03 3.076538346000000000e+09
4.771233429771418741e+03 3.212395446000000000e+09
4.635332812233224104e+03 3.313327830000000000e+09
4.584002698628310100e+03 6.978752460000000000e+08
4.789928144180292293e+03 2.222188800000000000e+07
4.762871036421647659e+03 3.489201940000000000e+08
4.688640093159225216e+03 7.838711670000000000e+08
4.745054808974353364e+03 2.014452665000000000e+09
4.757997150177843650e+03 3.959240097000000000e+09
4.662023757346532875e+03 2.469338861000000000e+09
4.750840890523700182e+03 2.249938357000000000e+09
4.745823318693166584e+03 3.621035540000000000e+08
4.690515106788932826e+03 3.826954848000000000e+09
4.740701427813471128e+03 3.856808448000000000e+09
4.738741881498604016e+03 1.434076766000000000e+09
4.755719767550432152e+03 2.903005835000000000e+09
4.795689633849400707e+03 3.996780730000000000e+08
4.531215681516170662e+03 4.829490400000000000e+08
4.754848759583026549e+03 1.760518048000000000e+09
4.767080315602242990e+03 1.718322185000000000e+09
4.700599524465500508e+03 1.208453258000000000e+09
4.801430332026666292e+03 1.759385635000000000e+09
4.715468710769091558e+03 7.711537840000000000e+08
4.799205641825230487e+03 1.690094830000000000e+08
4.817293743409679337e+03 2.096198692000000000e+09
4.739294575049145351e+03 1.069472246000000000e+09
4.754272934946689929e+03 2.508532023000000000e+09
4.734679447960163088e+03 2.643365948000000000e+09
4.655201775772369729e+03 2.181534722000000000e+09
