# Lens_likelihood 	 seed
6.132866255222837026e+03 1.433955661000000000e+09
6.169906454755964660e+03 5.136356540000000000e+08
6.198526996023278116e+03 1.829730843000000000e+09
6.133320055639221209e+03 4.067106154000000000e+09
6.192795532948788605e+03 1.043947267000000000e+09
6.162010115171587131e+03 1.481378472000000000e+09
6.171201320831501107e+03 3.762863881000000000e+09
6.180545050781036480e+03 4.129669574000000000e+09
6.183029448253901137e+03 1.979099886000000000e+09
6.226954180412191818e+03 1.428696231000000000e+09
6.173104989106614084e+03 7.821113420000000000e+08
6.157082484097646557e+03 2.753889700000000000e+07
6.175014796276920606e+03 8.373528650000000000e+08
6.171642334335248052e+03 1.751303229000000000e+09
6.210086169780454838e+03 2.090929586000000000e+09
6.164712438903661678e+03 9.375771750000000000e+08
6.197517380905066602e+03 2.280158920000000000e+08
6.195478919433929150e+03 4.209884240000000000e+09
6.180506164521958453e+03 2.176960704000000000e+09
6.184529009837739068e+03 3.535603923000000000e+09
6.160376328605469098e+03 3.802263670000000000e+08
6.163012605223901119e+03 3.513451997000000000e+09
6.198660469906713843e+03 1.796336080000000000e+08
6.135905068453890635e+03 1.850217566000000000e+09
6.159891927797706558e+03 4.745945650000000000e+08
6.173682460338921373e+03 1.635193290000000000e+08
6.164099329039247095e+03 3.126398754000000000e+09
6.178006705407950903e+03 8.875303260000000000e+08
6.164861611828352579e+03 1.729146422000000000e+09
6.194465588220546124e+03 2.197998336000000000e+09
6.164933623514624742e+03 3.951412196000000000e+09
6.181546630606245344e+03 1.255973307000000000e+09
6.161468394302979505e+03 1.838668658000000000e+09
6.206800949578132531e+03 3.305688512000000000e+09
6.182399640230919431e+03 3.407483009000000000e+09
6.191647882220313477e+03 1.521053251000000000e+09
6.186901654625246920e+03 1.307027444000000000e+09
6.163338218950780174e+03 3.421090846000000000e+09
6.164397611800061895e+03 1.410711974000000000e+09
6.185123993247496401e+03 1.681278902000000000e+09
6.172515208921222438e+03 7.728235090000000000e+08
6.191070726768622990e+03 2.341328753000000000e+09
6.220621483400876969e+03 1.369100806000000000e+09
6.195601664623023680e+03 3.566533390000000000e+09
6.174066089193801417e+03 1.684217712000000000e+09
6.190499033255561699e+03 1.279799809000000000e+09
6.207310212705528102e+03 3.490912247000000000e+09
6.173452600218552107e+03 4.233829834000000000e+09
6.184959281321735034e+03 1.102676192000000000e+09
6.216020647529461712e+03 2.485076734000000000e+09
6.170356971847038039e+03 2.547933042000000000e+09
6.176017060307422980e+03 2.082127402000000000e+09
6.202735553808232908e+03 2.436168349000000000e+09
6.171008854139665345e+03 1.021385117000000000e+09
6.164126196273673486e+03 1.812234468000000000e+09
6.153296511271096279e+03 3.889764960000000000e+08
6.160023099122654457e+03 1.127455906000000000e+09
6.164688701815608511e+03 2.726457000000000000e+08
6.194758373785105505e+03 3.637122760000000000e+08
6.165147136817609862e+03 1.088537911000000000e+09
6.169244848177106178e+03 2.416832038000000000e+09
6.176871321230770263e+03 8.036565840000000000e+08
6.178096703461242214e+03 1.799788651000000000e+09
6.140447960204490300e+03 9.717999930000000000e+08
6.159065559671976189e+03 2.999899103000000000e+09
6.157264326582972899e+03 2.807588781000000000e+09
6.222436620070396202e+03 3.553708160000000000e+08
6.180013514451558876e+03 5.763243110000000000e+08
6.172863076758985699e+03 1.400119852000000000e+09
6.187816200398859110e+03 4.964335060000000000e+08
6.169113111817351637e+03 1.347128890000000000e+08
6.168116402555761852e+03 2.866778221000000000e+09
6.198078681293693080e+03 4.135033465000000000e+09
6.160153044228427461e+03 7.323911420000000000e+08
6.188495324235387670e+03 2.351534204000000000e+09
6.155315801893470052e+03 3.400984287000000000e+09
6.180703862002817914e+03 3.102630541000000000e+09
6.166005463801313454e+03 2.302212523000000000e+09
6.163565921112831347e+03 5.102243020000000000e+08
6.183988989692946234e+03 1.398649434000000000e+09
6.173641055988822700e+03 1.470086897000000000e+09
6.161021108641869432e+03 4.250843995000000000e+09
6.189992412902121941e+03 1.262573377000000000e+09
6.162857273090600756e+03 3.273017563000000000e+09
6.149190460982453260e+03 4.117117844000000000e+09
6.174438641208023910e+03 9.881048400000000000e+07
6.156058745034619278e+03 2.764674431000000000e+09
6.173110355259023891e+03 4.395803760000000000e+08
6.174281556879634081e+03 2.821633123000000000e+09
6.207587236078451497e+03 3.620740970000000000e+08
6.172789170190165351e+03 2.437989950000000000e+09
6.166788733911502277e+03 1.218524112000000000e+09
6.172552231851766919e+03 2.797303713000000000e+09
6.181663536606073649e+03 1.230974747000000000e+09
6.139000033778975194e+03 2.338030694000000000e+09
6.196176080223573081e+03 3.451542110000000000e+09
6.195189436049550750e+03 2.123909869000000000e+09
6.170818322854161124e+03 1.688954903000000000e+09
6.158805057428113287e+03 2.193384621000000000e+09
6.221550917886024763e+03 3.353924442000000000e+09
6.170897192900253685e+03 2.186621965000000000e+09
6.215423561804187557e+03 3.965655660000000000e+09
6.150225257855960081e+03 3.853709766000000000e+09
6.179741194390068813e+03 3.760316610000000000e+09
6.177628309893619189e+03 4.139276929000000000e+09
6.183579379206881640e+03 3.513716489000000000e+09
6.176452683607607469e+03 2.237020182000000000e+09
6.189482834772761635e+03 5.234664460000000000e+08
6.169844009820466454e+03 2.392558453000000000e+09
6.145846359260985082e+03 5.937847480000000000e+08
6.168063720855727297e+03 2.814993663000000000e+09
6.141690137703869368e+03 4.042667969000000000e+09
6.176327379071524774e+03 3.746815490000000000e+08
6.174094975256430189e+03 9.985888890000000000e+08
6.140627520751148040e+03 2.593755927000000000e+09
6.153649544021520342e+03 2.471729503000000000e+09
6.182064343270378231e+03 2.241979883000000000e+09
6.173566304460116044e+03 3.708712954000000000e+09
6.168543573116061452e+03 2.379927867000000000e+09
6.187624858094348383e+03 1.937712652000000000e+09
6.204837249064142270e+03 6.516836430000000000e+08
6.164280804299027295e+03 9.481651400000000000e+08
6.177076043203285735e+03 3.151841308000000000e+09
6.160042142654707277e+03 6.882763180000000000e+08
6.167122029667066272e+03 4.104347582000000000e+09
6.157149716249790799e+03 3.432720172000000000e+09
6.234488518780141931e+03 3.944771956000000000e+09
6.156683514361822745e+03 2.860647492000000000e+09
6.166126687618273536e+03 4.023006278000000000e+09
6.148938557900361047e+03 1.502480275000000000e+09
6.186564650242207790e+03 2.325327653000000000e+09
6.171746037643992167e+03 4.251472920000000000e+08
6.163960647430635618e+03 2.541432100000000000e+08
6.181183338407045994e+03 1.383429170000000000e+08
6.165917260019060450e+03 1.905678642000000000e+09
6.154601131027003248e+03 4.937817250000000000e+08
6.187067414768238450e+03 2.831986553000000000e+09
6.178404109118855558e+03 1.227460894000000000e+09
6.173797001010657368e+03 6.969486100000000000e+07
6.212364767372760070e+03 1.557417411000000000e+09
6.167513929846953943e+03 1.880733767000000000e+09
6.206758470418884826e+03 1.094671040000000000e+08
6.172449323280750832e+03 3.001368155000000000e+09
6.242939701021895416e+03 3.878431353000000000e+09
6.167713935955111083e+03 2.216911295000000000e+09
6.160741843274531675e+03 3.882381165000000000e+09
6.165602530080989709e+03 1.155986100000000000e+07
6.163284792833468600e+03 1.464616477000000000e+09
6.175894813500923192e+03 4.160582922000000000e+09
6.159803039255581098e+03 3.024639229000000000e+09
6.158438150529431368e+03 4.284339285000000000e+09
6.178495516558044073e+03 9.907767180000000000e+08
6.188491640054806339e+03 3.553500314000000000e+09
6.172672195113545968e+03 1.181765159000000000e+09
6.145582562470593984e+03 3.876389049000000000e+09
6.175426171957535189e+03 2.548354935000000000e+09
6.172338881924144516e+03 3.588556013000000000e+09
6.202844320431013330e+03 2.067861072000000000e+09
6.178949361327231600e+03 3.535204272000000000e+09
6.180195770174775134e+03 7.378876450000000000e+08
6.157245026114545908e+03 3.788969705000000000e+09
6.178511670773728838e+03 9.513312510000000000e+08
6.160873943058263649e+03 5.854903190000000000e+08
6.167092720682854633e+03 2.552923314000000000e+09
6.153991094042517943e+03 3.326129693000000000e+09
6.153473284055380645e+03 8.091304400000000000e+07
6.167131626526746913e+03 1.304128590000000000e+09
6.174658752292800273e+03 4.238013373000000000e+09
6.195034359342965217e+03 1.603429578000000000e+09
6.196931528453382271e+03 2.019127232000000000e+09
6.159584345888216376e+03 5.811022180000000000e+08
6.166266988384317301e+03 3.359158869000000000e+09
6.181469912957460110e+03 1.373474314000000000e+09
6.155399969198982035e+03 2.982581300000000000e+09
6.162932071813032962e+03 1.122073217000000000e+09
6.194095311452595524e+03 2.564678568000000000e+09
6.156699851270343061e+03 3.706752978000000000e+09
6.201547143204781605e+03 4.064917678000000000e+09
6.167477368861479590e+03 2.534443439000000000e+09
6.161537732882958153e+03 4.213439175000000000e+09
6.178466367176787571e+03 3.292993482000000000e+09
6.160132895927572463e+03 4.125012238000000000e+09
6.161166962885446992e+03 1.796409247000000000e+09
6.142346367405401907e+03 3.518280579000000000e+09
6.177787506880395085e+03 8.073477580000000000e+08
6.157966480519224206e+03 4.048341863000000000e+09
6.177486487233085427e+03 3.076080700000000000e+08
6.178453560778860265e+03 2.066173541000000000e+09
6.174121026686616460e+03 1.075052926000000000e+09
6.169208649429797333e+03 1.321780940000000000e+08
6.177458272495172423e+03 1.774382091000000000e+09
6.185385202726225543e+03 2.482413059000000000e+09
6.202938062225546673e+03 3.582650831000000000e+09
6.172382787671302140e+03 1.543556515000000000e+09
6.159841210872849842e+03 3.962242452000000000e+09
6.162251815520228774e+03 3.838523291000000000e+09
6.211248637422682805e+03 2.874070578000000000e+09
6.154878595860833229e+03 2.303748790000000000e+09
6.177677346873002534e+03 1.143489733000000000e+09
6.179552312054255708e+03 5.605238380000000000e+08
6.143413852249447700e+03 2.501254753000000000e+09
6.194045450734931364e+03 1.761927045000000000e+09
6.183251846287095759e+03 1.808538137000000000e+09
6.162043279665292175e+03 7.691057520000000000e+08
6.169316415690314898e+03 3.637429129000000000e+09
6.195426058092470157e+03 2.420998045000000000e+09
6.170526756485199257e+03 1.376613625000000000e+09
6.132390828952073207e+03 3.133338437000000000e+09
6.200118038871412864e+03 1.719518987000000000e+09
6.179821537529573106e+03 2.942600970000000000e+09
6.195674247106556322e+03 3.469747634000000000e+09
6.166583473413210413e+03 1.182323529000000000e+09
6.183136628469444986e+03 2.853503445000000000e+09
6.137176166075061701e+03 2.578463322000000000e+09
6.174849491862597461e+03 1.158859313000000000e+09
6.149825011710268882e+03 2.331401956000000000e+09
6.152163993461013888e+03 1.489126515000000000e+09
6.157959429481108600e+03 3.962832177000000000e+09
6.167012118027336328e+03 1.488213217000000000e+09
6.177101415973938856e+03 1.899151816000000000e+09
6.161636043221246837e+03 1.957637318000000000e+09
6.178367737056896658e+03 6.983336720000000000e+08
6.182462431378730798e+03 4.171903945000000000e+09
6.180760376590106716e+03 1.666576282000000000e+09
6.186485637369471078e+03 1.361522588000000000e+09
6.189826949632873948e+03 3.014578235000000000e+09
6.187871397560154946e+03 1.176844502000000000e+09
6.151400372255662660e+03 2.069192323000000000e+09
6.181498812052626818e+03 2.162862742000000000e+09
6.201774628987650431e+03 3.384481377000000000e+09
6.161175200682198920e+03 2.614201363000000000e+09
6.178566050246068698e+03 8.114402650000000000e+08
6.169780972502428995e+03 8.180178400000000000e+07
6.162605131733592316e+03 3.743723750000000000e+09
6.158286960894169169e+03 1.833198985000000000e+09
6.168334283697275168e+03 4.038096809000000000e+09
6.163675035043845128e+03 3.635468625000000000e+09
6.175268575675166176e+03 3.355916094000000000e+09
6.175844024567696579e+03 4.213453148000000000e+09
6.180751259402947653e+03 2.018296035000000000e+09
6.179572541888456726e+03 3.411055141000000000e+09
6.141795570133970614e+03 2.833763780000000000e+08
6.194423526071987908e+03 2.856634091000000000e+09
6.161226614853133469e+03 2.522644430000000000e+09
6.182783268138427957e+03 4.060099012000000000e+09
6.236589174581154111e+03 2.897286200000000000e+09
6.165136938207775529e+03 2.700742316000000000e+09
6.175165771633914119e+03 3.787152794000000000e+09
6.151085736263343279e+03 5.827550420000000000e+08
6.169581421886447970e+03 8.781901600000000000e+08
6.160318731158471564e+03 1.986973450000000000e+09
6.153635529079636399e+03 1.178501800000000000e+08
6.175802391317869478e+03 9.077449330000000000e+08
6.169717065240502961e+03 4.579245080000000000e+08
6.206875332755547788e+03 3.864754056000000000e+09
6.163708146562067668e+03 2.548426910000000000e+09
6.166832499659807581e+03 7.785532930000000000e+08
6.187838808546826840e+03 1.525808177000000000e+09
6.167286045616401680e+03 1.389674861000000000e+09
6.150650425048096622e+03 3.024638740000000000e+09
6.141294028816788341e+03 2.165428761000000000e+09
6.134655762200568461e+03 4.081562378000000000e+09
6.165776270769574694e+03 1.261138433000000000e+09
6.175923155663050238e+03 3.027504800000000000e+09
6.161938091465337493e+03 4.115496621000000000e+09
6.206840096838491263e+03 2.158246607000000000e+09
6.193768890148301580e+03 8.666563510000000000e+08
6.152408572158040442e+03 3.907590860000000000e+09
6.184193937711485887e+03 1.079034613000000000e+09
6.180116494281394807e+03 9.799062150000000000e+08
6.164999068408056701e+03 5.353463450000000000e+08
6.192050801776155822e+03 3.503774490000000000e+08
6.158988110625837180e+03 1.897726179000000000e+09
6.182160391433025325e+03 1.068792291000000000e+09
6.138929630324780192e+03 4.167128385000000000e+09
6.172944097878337743e+03 1.819905226000000000e+09
6.181860842314315050e+03 2.164413845000000000e+09
6.156803825277494980e+03 1.985268824000000000e+09
6.185960691465183118e+03 3.076421010000000000e+08
6.203129684936858212e+03 2.313027347000000000e+09
6.179307426370483881e+03 1.420750908000000000e+09
6.199033669126921268e+03 1.501301949000000000e+09
6.172932320509285091e+03 3.658871109000000000e+09
6.166857044016922373e+03 1.144464826000000000e+09
6.145990487182292782e+03 1.594654387000000000e+09
6.156092522407970137e+03 6.248341790000000000e+08
6.169544229953557078e+03 2.134616372000000000e+09
6.132841697945718806e+03 4.208393862000000000e+09
6.213378116522785604e+03 1.996226777000000000e+09
6.198223993535838417e+03 2.135607858000000000e+09
6.166303542512499916e+03 8.869344600000000000e+08
6.179621970715222233e+03 1.935612942000000000e+09
6.184907374324206103e+03 6.867518550000000000e+08
6.156331067668440483e+03 3.829587692000000000e+09
6.220702424475721273e+03 3.882989465000000000e+09
6.156044488773762168e+03 2.325222958000000000e+09
6.198106433893834037e+03 6.322292270000000000e+08
6.178060379220329196e+03 1.000709803000000000e+09
6.189881905670709784e+03 2.062037711000000000e+09
6.171544268421323068e+03 2.181727982000000000e+09
6.172512057449966960e+03 2.576667928000000000e+09
6.193977003219470134e+03 1.242725360000000000e+09
6.175811259923324542e+03 1.984179674000000000e+09
6.188210448657482630e+03 8.456670510000000000e+08
6.157780532776289874e+03 6.680658600000000000e+07
6.200598201498349226e+03 2.076669461000000000e+09
6.183001306672423198e+03 2.934758482000000000e+09
6.153907698396667001e+03 7.440590780000000000e+08
6.169795807710217559e+03 4.963710650000000000e+08
6.161422327245634733e+03 2.739828030000000000e+08
6.219543374084682910e+03 4.130314434000000000e+09
6.190542157909008893e+03 2.094008660000000000e+09
6.182587018089161575e+03 4.147887787000000000e+09
6.162277667287713484e+03 4.022533671000000000e+09
6.167609154156897603e+03 1.491304770000000000e+08
6.171696734746532456e+03 1.389587551000000000e+09
6.160898176867074653e+03 3.254683779000000000e+09
6.161081605326466160e+03 3.500268824000000000e+09
6.176279963955383209e+03 2.283379928000000000e+09
6.184508249302567492e+03 3.945605778000000000e+09
6.166783361682155373e+03 4.079904824000000000e+09
6.176870729126379956e+03 2.275325868000000000e+09
6.176166403637701478e+03 2.240806194000000000e+09
6.177007754610006486e+03 2.451506710000000000e+08
6.163835631543002819e+03 2.467970361000000000e+09
6.180478889528279979e+03 2.198279933000000000e+09
6.183361472747794323e+03 1.142690419000000000e+09
6.169143170824598201e+03 2.019327250000000000e+08
6.191602213180508443e+03 2.291572516000000000e+09
6.145993106399017051e+03 4.279510553000000000e+09
6.187566487818528913e+03 3.048487073000000000e+09
6.151500699010197422e+03 4.094428204000000000e+09
6.184322397962988362e+03 8.658860240000000000e+08
6.156046260876254564e+03 1.971816796000000000e+09
6.158961444487988956e+03 4.144491029000000000e+09
6.180027767724590376e+03 1.403666862000000000e+09
6.173445459496673720e+03 1.600297155000000000e+09
6.172370984303826845e+03 5.155888970000000000e+08
6.185723341322823217e+03 4.650486490000000000e+08
6.194502374221970967e+03 1.267169348000000000e+09
6.165475762435875367e+03 3.156897293000000000e+09
6.189799828113487820e+03 3.848553686000000000e+09
6.178417680755500442e+03 3.196322618000000000e+09
6.192660824968943416e+03 2.134626310000000000e+09
6.173637471235795601e+03 7.165483380000000000e+08
6.145723522184915055e+03 8.276942500000000000e+07
6.166869738123004026e+03 1.625189108000000000e+09
6.184196588165801586e+03 2.190834387000000000e+09
6.213445670604949555e+03 2.724591236000000000e+09
6.180644561673504541e+03 3.500517629000000000e+09
