# Lens_likelihood 	 seed
8.820676362317222811e+03 7.740438080000000000e+08
8.914764338303517434e+03 2.506469576000000000e+09
8.833756259547386435e+03 2.760879201000000000e+09
8.809979481397695054e+03 2.780404700000000000e+09
8.947172075912045329e+03 1.891401399000000000e+09
8.892607080090052477e+03 2.709049930000000000e+08
8.897845755898637435e+03 3.006139737000000000e+09
8.941146189855804550e+03 2.110199633000000000e+09
8.976952388925030391e+03 1.837882474000000000e+09
8.907704131283555398e+03 5.869920740000000000e+08
8.931382113694149666e+03 2.156949656000000000e+09
8.922742656121645268e+03 2.256939856000000000e+09
8.854474365459031105e+03 1.187503590000000000e+08
8.855586703373446653e+03 2.466067503000000000e+09
8.896964479134559951e+03 3.893827062000000000e+09
8.893902799702342236e+03 3.897300550000000000e+08
8.935890335184913056e+03 2.894479299000000000e+09
8.918602619602661434e+03 3.150967753000000000e+09
8.891400790345483983e+03 2.364538458000000000e+09
8.966941386695922120e+03 3.793056285000000000e+09
8.874223035199411243e+03 1.823250093000000000e+09
8.900671427620185568e+03 2.988294330000000000e+08
8.894368472725953325e+03 3.742102421000000000e+09
8.889431148906245653e+03 2.479480716000000000e+09
8.970530070601887928e+03 4.313200080000000000e+08
8.897358508908862859e+03 6.347888060000000000e+08
8.907119760787085397e+03 9.410796850000000000e+08
8.888465063162402657e+03 1.700139816000000000e+09
8.892032074419275887e+03 3.592732083000000000e+09
8.972077193257498948e+03 3.001482770000000000e+09
8.923576310859127261e+03 3.775573552000000000e+09
8.880162505534455704e+03 2.259188986000000000e+09
8.956592333183871233e+03 1.459489823000000000e+09
8.897246018626010482e+03 2.929992737000000000e+09
8.930035461849056446e+03 1.469004617000000000e+09
8.905191827419050242e+03 1.494121004000000000e+09
8.834181135495322451e+03 3.732677987000000000e+09
8.809448346796621991e+03 1.465676910000000000e+08
8.831074708015119541e+03 1.443854936000000000e+09
8.893944421079604581e+03 1.961865829000000000e+09
8.983175834829244195e+03 4.223687072000000000e+09
8.970674736732662495e+03 4.141617954000000000e+09
8.973844745090695142e+03 3.424791584000000000e+09
8.928371506230771047e+03 3.703727800000000000e+09
8.927119053839498520e+03 1.488272479000000000e+09
8.917963297346399486e+03 4.517873350000000000e+08
8.882210704276860270e+03 3.175706593000000000e+09
8.965936937320653669e+03 7.724320360000000000e+08
8.901670597356933285e+03 2.748892188000000000e+09
8.888192361988345510e+03 2.853690489000000000e+09
8.925124649917786883e+03 9.130975700000000000e+08
8.952965636504621216e+03 3.490472056000000000e+09
8.903403753400671121e+03 4.157421060000000000e+09
8.886263574525171862e+03 7.461604050000000000e+08
8.885866984463476911e+03 2.783960201000000000e+09
8.934108420134029075e+03 2.641604828000000000e+09
8.936568993689819763e+03 1.956882102000000000e+09
8.995295408175850753e+03 8.298762030000000000e+08
8.905116067299264614e+03 1.039676639000000000e+09
8.884291418162023547e+03 2.476381717000000000e+09
8.947020849742064456e+03 1.447298796000000000e+09
8.872499689927999498e+03 7.931606830000000000e+08
8.891708387996150122e+03 2.253855470000000000e+08
8.962965208712063031e+03 1.620470974000000000e+09
8.974084542691554816e+03 2.208618521000000000e+09
8.820816167168377433e+03 2.906147059000000000e+09
8.913602358602096501e+03 5.143275830000000000e+08
8.901901380909795989e+03 3.963260715000000000e+09
8.925268503343671910e+03 2.459036022000000000e+09
8.856728805900869702e+03 3.601024028000000000e+09
8.982540454062462231e+03 4.152355712000000000e+09
8.795480452606734616e+03 7.405897000000000000e+06
8.900682452703616946e+03 1.321832991000000000e+09
8.907579116168008113e+03 2.615774780000000000e+09
8.878470451945242530e+03 1.447976718000000000e+09
8.891057086786018772e+03 8.225662840000000000e+08
8.969677717224809385e+03 3.849325398000000000e+09
8.944856898548607205e+03 1.201601362000000000e+09
8.914512484571610912e+03 1.127502022000000000e+09
8.866042879770593572e+03 1.016250807000000000e+09
8.970836618100036503e+03 4.130870295000000000e+09
8.962295252414980496e+03 1.806340119000000000e+09
8.847149168251633455e+03 6.269974080000000000e+08
8.967904000344749875e+03 3.251900246000000000e+09
8.905102226471775793e+03 4.246371800000000000e+08
8.869617419937236264e+03 2.065720992000000000e+09
8.927744047809062977e+03 2.678318212000000000e+09
8.859061631985183340e+03 8.543361330000000000e+08
8.961700758884649986e+03 3.283497258000000000e+09
8.893209501325891324e+03 1.839584095000000000e+09
8.836762432317242201e+03 6.425705560000000000e+08
8.921123374662452989e+03 1.151666839000000000e+09
8.925552842024739221e+03 3.072276045000000000e+09
8.975860229949776112e+03 2.777493259000000000e+09
8.844814371124994068e+03 3.568872432000000000e+09
8.786667875704082689e+03 1.847523414000000000e+09
8.872751547448904603e+03 1.910353478000000000e+09
8.892691798783036575e+03 1.631579840000000000e+08
8.917263743479292316e+03 4.003597136000000000e+09
8.897628214618296624e+03 2.268767557000000000e+09
8.876465436410491748e+03 1.800612644000000000e+09
8.897679180881339562e+03 1.707659110000000000e+09
8.867313635986738518e+03 4.086241286000000000e+09
8.912310816132388936e+03 3.794621540000000000e+08
8.954503645034748843e+03 2.190457131000000000e+09
8.903116128026036677e+03 3.111498120000000000e+09
8.932075186141653830e+03 3.508939297000000000e+09
8.909286374017428898e+03 3.449697790000000000e+08
8.924563472580166490e+03 1.827122910000000000e+09
8.864803676533842008e+03 1.732363525000000000e+09
8.882120857625694043e+03 2.396352780000000000e+08
8.963139171491369780e+03 4.066160741000000000e+09
8.881957111860821897e+03 3.513186893000000000e+09
8.884827779012595784e+03 5.144416780000000000e+08
8.970516912039069211e+03 5.391055110000000000e+08
8.972014407136979571e+03 3.013035893000000000e+09
8.878830652855511289e+03 8.019557200000000000e+07
8.829880190356925596e+03 3.531027068000000000e+09
8.870826408380329667e+03 3.383265841000000000e+09
8.881704618847494203e+03 1.348063712000000000e+09
8.921798519927879170e+03 3.123523462000000000e+09
8.833500821974346763e+03 2.647537907000000000e+09
8.801543293359873132e+03 3.831831773000000000e+09
8.859381144096150820e+03 3.368424327000000000e+09
8.896223891408144482e+03 3.576937157000000000e+09
8.926843779353826903e+03 3.013014471000000000e+09
8.934827294995344346e+03 4.287187577000000000e+09
8.924569846065791353e+03 1.776302825000000000e+09
8.882844889125282862e+03 3.535568207000000000e+09
8.941813133836223642e+03 4.132419475000000000e+09
8.907889731952589500e+03 1.485323060000000000e+09
8.783738235348771923e+03 2.788653667000000000e+09
8.880816834657205618e+03 9.469206330000000000e+08
8.939022377234399755e+03 3.409923469000000000e+09
8.826334037645370699e+03 2.020859032000000000e+09
8.898175726942017718e+03 1.532085705000000000e+09
8.869388347000030990e+03 3.898632908000000000e+09
8.890904677504659048e+03 4.471779860000000000e+08
8.939861898830280552e+03 5.809498700000000000e+07
8.841397019311356416e+03 4.268402639000000000e+09
8.876210311727454609e+03 1.357686310000000000e+08
8.879626403379825206e+03 3.600864496000000000e+09
8.980694242686697180e+03 2.372379269000000000e+09
8.878112877540264890e+03 2.083738507000000000e+09
8.880168668163323673e+03 2.530987619000000000e+09
8.903622374433760342e+03 1.251114152000000000e+09
8.974194696970072982e+03 2.531060947000000000e+09
8.854003702974361659e+03 8.049942060000000000e+08
8.960690385413730837e+03 9.638113970000000000e+08
8.865359193809408680e+03 3.404969450000000000e+08
8.860400695955240735e+03 2.481588455000000000e+09
8.946842062827325208e+03 4.094221067000000000e+09
8.891159771015394654e+03 3.605865454000000000e+09
8.922367106564208370e+03 2.296655656000000000e+09
8.893027837944375278e+03 5.073555510000000000e+08
8.899702630195521124e+03 3.812795748000000000e+09
8.947473544107746420e+03 4.282117736000000000e+09
8.917510708365793107e+03 1.647757800000000000e+09
8.923416747019662580e+03 3.678013345000000000e+09
8.945605942497912110e+03 1.342419839000000000e+09
8.945113084688506206e+03 1.770574945000000000e+09
8.927196432116148571e+03 3.118695087000000000e+09
8.911824096191776334e+03 2.158240400000000000e+07
8.823846320970913439e+03 3.394929666000000000e+09
8.904752968603588670e+03 3.988601346000000000e+09
8.936372447211835606e+03 2.200550809000000000e+09
8.902196320984387057e+03 1.264856222000000000e+09
8.910287701313072830e+03 2.031050005000000000e+09
8.922639274371525971e+03 1.226493770000000000e+08
8.967142863462246169e+03 2.832199381000000000e+09
8.881797401583160536e+03 1.355316852000000000e+09
8.865532657082048900e+03 3.168675796000000000e+09
8.924370626648174948e+03 6.310694630000000000e+08
8.893629742393597553e+03 5.329145390000000000e+08
8.892515153670112340e+03 1.230044285000000000e+09
8.893025521270541503e+03 2.620438930000000000e+09
8.968862273051869124e+03 1.107505869000000000e+09
8.847657092154760903e+03 1.610487750000000000e+09
8.970653182101053972e+03 4.820683680000000000e+08
8.877045006091208052e+03 2.093101667000000000e+09
8.905661914253123541e+03 3.613476830000000000e+08
8.931520957346852811e+03 3.300628246000000000e+09
8.914329491036030959e+03 2.779046101000000000e+09
8.955864630454711005e+03 3.571913409000000000e+09
8.927913961965059571e+03 1.234442955000000000e+09
8.850255470195688758e+03 2.201847876000000000e+09
8.971998098311914873e+03 3.474866429000000000e+09
8.925743774301950907e+03 1.639126132000000000e+09
8.919146333766106181e+03 7.549662350000000000e+08
8.897958545144247182e+03 3.396308603000000000e+09
8.907299859270133311e+03 4.211786451000000000e+09
8.908399311712359122e+03 2.713795520000000000e+09
8.901173131645648027e+03 9.823190020000000000e+08
8.912623691358545329e+03 3.000784680000000000e+09
8.884257643993725651e+03 5.310558400000000000e+08
8.862690312826494846e+03 7.196595750000000000e+08
8.961778011497619445e+03 4.101543805000000000e+09
8.958407537629202125e+03 2.486400898000000000e+09
8.913121655725371966e+03 2.537372912000000000e+09
8.921988025112517789e+03 1.344516003000000000e+09
8.940484266173232754e+03 3.072273100000000000e+07
8.895324189208011376e+03 1.908543819000000000e+09
8.834519160545507475e+03 2.735406342000000000e+09
8.839694996527627154e+03 4.008860816000000000e+09
8.876328470832720996e+03 3.468621820000000000e+09
8.960227463869410713e+03 2.136363934000000000e+09
8.832393598632759677e+03 4.069079365000000000e+09
8.955524208360944613e+03 3.397742223000000000e+09
8.939696385466268111e+03 2.423548727000000000e+09
8.951245555125675310e+03 5.724617500000000000e+07
8.826988224412025374e+03 1.500735169000000000e+09
8.929115089357954275e+03 2.386536071000000000e+09
8.862406544077373837e+03 3.182875431000000000e+09
8.924718017447645252e+03 2.543574796000000000e+09
8.965363486742298846e+03 1.929336770000000000e+09
8.863594057484991936e+03 8.624203510000000000e+08
8.895721299167213147e+03 1.533399000000000000e+09
8.848014290977451310e+03 3.633018967000000000e+09
8.874118249558679963e+03 2.896546096000000000e+09
8.891641401464177761e+03 7.909407090000000000e+08
8.883297316602052888e+03 3.430536834000000000e+09
8.921848010457351847e+03 4.229269580000000000e+09
8.850831216976021096e+03 1.014402290000000000e+09
8.917515759658570460e+03 1.182382721000000000e+09
8.847231013296866877e+03 3.617507376000000000e+09
8.885501031016818160e+03 3.187776225000000000e+09
8.912592184951707168e+03 2.294779715000000000e+09
8.909264297943502243e+03 2.549969900000000000e+07
8.938887329041874182e+03 3.742914088000000000e+09
8.806688562429535523e+03 3.476365926000000000e+09
8.924351617763411923e+03 3.932452579000000000e+09
8.952001936575850777e+03 3.292242061000000000e+09
8.857246429235987307e+03 4.123621105000000000e+09
8.862563142119510303e+03 2.580269048000000000e+09
8.838698296654041769e+03 1.960040209000000000e+09
8.895408632556986049e+03 1.178310830000000000e+08
8.919842903566917812e+03 1.517009473000000000e+09
8.944296441427657555e+03 8.272302190000000000e+08
8.886950182724414844e+03 1.001338085000000000e+09
8.930307747978629777e+03 2.236586335000000000e+09
8.855240546751809234e+03 1.266956502000000000e+09
8.858488264061499649e+03 9.957804740000000000e+08
8.957843061484179998e+03 2.616558592000000000e+09
8.954501280995405978e+03 4.016873468000000000e+09
8.846318704513429111e+03 1.414327364000000000e+09
8.871505110133035487e+03 1.990503335000000000e+09
8.966569919790512358e+03 6.066071500000000000e+07
8.946531181804226435e+03 9.642534300000000000e+07
8.904491698975043619e+03 2.248949514000000000e+09
8.951599096306483261e+03 2.961457710000000000e+08
8.939029098443652401e+03 7.950221220000000000e+08
8.848504422520221851e+03 3.483685586000000000e+09
8.876499288334649464e+03 6.376594540000000000e+08
8.914742579187648516e+03 3.801008880000000000e+08
8.913817128327193132e+03 1.356802392000000000e+09
8.949829682977737320e+03 2.240534172000000000e+09
8.894282639543247569e+03 4.158427733000000000e+09
8.843611550812656787e+03 1.195743524000000000e+09
8.897315699159884389e+03 4.429586460000000000e+08
8.798381002380912832e+03 9.115907750000000000e+08
8.871564961231217239e+03 2.497062787000000000e+09
8.882943833381808872e+03 2.457751600000000000e+07
8.961581054470410891e+03 2.272037707000000000e+09
8.867409170547249232e+03 1.603162751000000000e+09
8.863410526544734239e+03 3.311006768000000000e+09
8.939476200212815456e+03 3.002997421000000000e+09
8.931612048179131307e+03 1.198375854000000000e+09
8.940509522167714749e+03 1.666328522000000000e+09
8.926100049532473349e+03 4.266366378000000000e+09
8.949281307270000980e+03 6.945174260000000000e+08
8.955248498452117929e+03 3.494985803000000000e+09
8.970817022985678705e+03 1.968900489000000000e+09
8.768751028449290970e+03 2.282661423000000000e+09
8.944528521949552669e+03 4.898144840000000000e+08
8.926793145833898961e+03 3.209438095000000000e+09
8.931060049890027585e+03 8.962753750000000000e+08
8.918151604279739331e+03 2.807718960000000000e+08
8.874068350480902154e+03 3.376873100000000000e+07
8.938720402122993619e+03 5.014249260000000000e+08
8.981920062759865687e+03 3.965690683000000000e+09
8.825825737975374068e+03 2.463368630000000000e+08
8.899720591879842686e+03 2.264349968000000000e+09
8.966318883975422068e+03 1.668211510000000000e+09
8.846417871407615166e+03 1.062136827000000000e+09
8.876158779207098632e+03 3.799840277000000000e+09
8.884337139419874802e+03 1.526741367000000000e+09
8.840897246750186241e+03 3.007519175000000000e+09
8.945650140268031464e+03 7.135467520000000000e+08
8.852497574538403569e+03 1.391014268000000000e+09
8.943292701381786173e+03 2.303536953000000000e+09
8.904715516081763781e+03 1.599512295000000000e+09
8.941163514560748808e+03 3.714359752000000000e+09
8.992421209048752644e+03 3.634162267000000000e+09
8.881054170606646949e+03 2.782313473000000000e+09
8.812449906287210979e+03 1.145782625000000000e+09
8.882608264748758302e+03 1.015226889000000000e+09
8.910918972623638183e+03 1.531403535000000000e+09
8.852153624278706047e+03 3.050762360000000000e+08
8.857713773687102730e+03 3.806150434000000000e+09
8.859898578207314131e+03 4.170858362000000000e+09
8.891000004895980965e+03 1.533024637000000000e+09
8.832456112700019730e+03 3.856734916000000000e+09
8.842646509951056942e+03 1.879576980000000000e+09
8.857474789230140232e+03 2.557321577000000000e+09
8.951313287022394434e+03 2.776036410000000000e+09
8.924450382224073110e+03 2.236893416000000000e+09
8.915229901596843774e+03 2.069585070000000000e+09
8.924918293384458593e+03 7.863604100000000000e+07
8.927193931226887798e+03 2.038289273000000000e+09
8.836531534346329863e+03 1.002664347000000000e+09
8.903170031173829557e+03 2.769078026000000000e+09
8.945778502571532954e+03 1.547006487000000000e+09
8.977009892744252284e+03 3.644991628000000000e+09
8.978248645270337875e+03 2.767845756000000000e+09
8.892143292174849194e+03 3.839112254000000000e+09
8.953791504824966978e+03 1.758676717000000000e+09
8.870981924483361581e+03 2.450655678000000000e+09
8.921901356334081356e+03 1.250642186000000000e+09
8.972780869743422954e+03 3.981452150000000000e+08
8.885407601975890429e+03 2.642305984000000000e+09
8.898921559217233153e+03 3.758839416000000000e+09
8.884612669398706203e+03 3.630996477000000000e+09
8.904508726266141821e+03 6.999949440000000000e+08
8.845302303213771665e+03 4.165702720000000000e+08
8.892406702837153716e+03 3.618478548000000000e+09
8.924500577362206968e+03 2.970720650000000000e+09
8.945583293694857275e+03 3.601850658000000000e+09
8.945186145028732426e+03 7.971749700000000000e+07
8.927168467344763485e+03 3.930729797000000000e+09
8.920916999959677923e+03 1.406363669000000000e+09
8.889046660157637234e+03 4.391975300000000000e+08
8.964434441322398925e+03 4.076602024000000000e+09
8.827281963860761607e+03 3.429709348000000000e+09
8.990735533740360552e+03 3.393556088000000000e+09
8.917496559823723146e+03 1.621748140000000000e+09
8.886979374202501276e+03 4.224351349000000000e+09
8.942009901331268338e+03 6.177876750000000000e+08
8.958884652778162490e+03 3.753575217000000000e+09
8.916193190315641914e+03 2.992447801000000000e+09
8.931719186800271927e+03 2.165206300000000000e+08
8.951327154922733826e+03 2.418474031000000000e+09
8.893760805502668518e+03 1.645151625000000000e+09
8.873299773790226027e+03 2.638518397000000000e+09
8.848202539901703858e+03 1.010411658000000000e+09
8.892212684741403791e+03 2.117521987000000000e+09
8.927981123430521620e+03 1.815826817000000000e+09
8.955099333234868027e+03 2.027027723000000000e+09
8.943874909875143203e+03 9.888536800000000000e+07
8.904571657353659248e+03 2.855855731000000000e+09
8.983271962503495160e+03 6.132519100000000000e+07
