# Lens_likelihood 	 seed
5.659167355373673672e+03 3.582810438000000000e+09
5.666764078081454500e+03 2.787831698000000000e+09
5.623855162011712309e+03 8.331946780000000000e+08
5.688990944135044629e+03 3.185627388000000000e+09
5.682216875093862654e+03 1.587248610000000000e+09
5.688758844580419463e+03 3.511574511000000000e+09
5.672217757472710218e+03 1.967090650000000000e+09
5.687966487349534873e+03 2.933900877000000000e+09
5.685752164310692024e+03 3.105159044000000000e+09
5.693497292613610625e+03 1.746681574000000000e+09
5.644059105682075824e+03 2.495737604000000000e+09
5.676907322281675079e+03 4.189239116000000000e+09
5.682965837785668555e+03 3.709609042000000000e+09
5.687000652994164739e+03 2.975341177000000000e+09
5.667047234085493983e+03 2.659585281000000000e+09
5.679529165311369979e+03 3.671900333000000000e+09
5.678560365377140442e+03 3.708241237000000000e+09
5.674045982263745827e+03 2.442872550000000000e+08
5.678838295794374062e+03 3.336150668000000000e+09
5.691751753967348122e+03 2.460011399000000000e+09
5.690156183969735139e+03 8.057410520000000000e+08
5.697547821848362219e+03 2.076476086000000000e+09
5.676772331662505167e+03 4.131000494000000000e+09
5.658199049010800081e+03 1.169377030000000000e+08
5.709831909117081523e+03 3.755745378000000000e+09
5.695374075139100569e+03 1.177052100000000000e+09
5.671742684640236803e+03 4.272108079000000000e+09
5.659511134844590742e+03 1.545553104000000000e+09
5.633094120830213797e+03 3.729459850000000000e+09
5.675851251431437049e+03 5.560415560000000000e+08
5.672702139674313003e+03 3.542149314000000000e+09
5.631132751692171951e+03 4.653663070000000000e+08
5.678416865712363688e+03 8.364439640000000000e+08
5.671850351759536352e+03 1.290252930000000000e+09
5.685536543788873132e+03 1.033012668000000000e+09
5.696692305134703929e+03 2.094105917000000000e+09
5.676179712838415071e+03 4.141014561000000000e+09
5.650459121213082653e+03 1.884112242000000000e+09
5.668692037518377219e+03 3.872573506000000000e+09
5.661697374263598249e+03 3.340144237000000000e+09
5.682365225898505741e+03 3.948099799000000000e+09
5.664698349982458240e+03 1.506077037000000000e+09
5.674408474935060440e+03 1.464494230000000000e+08
5.675321264838095885e+03 1.061182877000000000e+09
5.679834126105518408e+03 9.573658960000000000e+08
5.678878867502995490e+03 2.002946230000000000e+08
5.681862485313537036e+03 3.931713310000000000e+09
5.681096117330288507e+03 7.078367080000000000e+08
5.650380715405586670e+03 3.806005065000000000e+09
5.649038953916098762e+03 2.291068438000000000e+09
5.683778549817609019e+03 1.332706108000000000e+09
5.653166326536999804e+03 1.539667769000000000e+09
5.672319434513316082e+03 4.062744647000000000e+09
5.689580931400673762e+03 1.568010698000000000e+09
5.695311759157912093e+03 2.969998511000000000e+09
5.693128781637304201e+03 1.422463513000000000e+09
5.670342953125664280e+03 1.612018605000000000e+09
5.677463733369323563e+03 2.200654924000000000e+09
5.668948189613236536e+03 4.735834000000000000e+06
5.652502642710605869e+03 3.429088940000000000e+09
5.671763836154759701e+03 3.014727124000000000e+09
5.668363948961278766e+03 4.192638831000000000e+09
5.683981383042548259e+03 1.623676810000000000e+09
5.651277532957804397e+03 1.146355458000000000e+09
5.647783674527099720e+03 1.059186279000000000e+09
5.654112354625052831e+03 3.077267213000000000e+09
5.674478597724228166e+03 4.782682920000000000e+08
5.686510064161610899e+03 3.810513400000000000e+09
5.678460604836860512e+03 2.179686705000000000e+09
5.682152619965067061e+03 3.215529963000000000e+09
5.640963369641990539e+03 1.846780066000000000e+09
5.670076845663265885e+03 3.669995878000000000e+09
5.665839090111435326e+03 3.244004182000000000e+09
5.661715538066212503e+03 4.147822211000000000e+09
5.702552269943672400e+03 1.756444785000000000e+09
5.682030625398504526e+03 3.687939256000000000e+09
5.642484222531521482e+03 8.457876640000000000e+08
5.700634008252069179e+03 1.194318333000000000e+09
5.683259394386837812e+03 1.134283489000000000e+09
5.711208692858192990e+03 5.923883140000000000e+08
5.684830653621717829e+03 1.757530732000000000e+09
5.706410097445157589e+03 2.662808508000000000e+09
5.639417906047696306e+03 3.411982888000000000e+09
5.666532604169193291e+03 2.300409635000000000e+09
5.665396461811564222e+03 3.274689140000000000e+09
5.654117651148587356e+03 2.139594359000000000e+09
5.702901223509590636e+03 1.365902548000000000e+09
5.680245329155169202e+03 2.163928940000000000e+09
5.665951184341953194e+03 2.319412949000000000e+09
5.663015390064027088e+03 5.848491010000000000e+08
5.696450132261672479e+03 1.834446192000000000e+09
5.681983795863977321e+03 1.447986664000000000e+09
5.705185567812852241e+03 3.769403528000000000e+09
5.687282913985154664e+03 2.829386483000000000e+09
5.651659569051509607e+03 8.743148200000000000e+07
5.677276715640785369e+03 2.619960805000000000e+09
5.647796973379979136e+03 8.732799510000000000e+08
5.638754076294287188e+03 9.139040960000000000e+08
5.676729063962360669e+03 3.117637729000000000e+09
5.674584999039432660e+03 4.161396349000000000e+09
5.678701205386660149e+03 1.410686879000000000e+09
5.675139013233367223e+03 4.251923042000000000e+09
5.684076383021554648e+03 5.756435610000000000e+08
5.685014795439268710e+03 5.012354880000000000e+08
5.674761142973781716e+03 1.821323723000000000e+09
5.647200020399443019e+03 6.916887510000000000e+08
5.647805188239031850e+03 2.056423942000000000e+09
5.647188297734719526e+03 8.321895620000000000e+08
5.663786504673069430e+03 1.460418000000000000e+07
5.689711694737990911e+03 2.413089668000000000e+09
5.677203783734706121e+03 2.542742924000000000e+09
5.690813145607328806e+03 1.466050635000000000e+09
5.688535211632301070e+03 3.175255610000000000e+09
5.664385641260590091e+03 1.169251553000000000e+09
5.660224554603671095e+03 3.108679955000000000e+09
5.662050024749940349e+03 1.128525218000000000e+09
5.686278467903101955e+03 3.657358515000000000e+09
5.674233561903231930e+03 2.692456474000000000e+09
5.645777008767228835e+03 1.607159943000000000e+09
5.679926923724202425e+03 2.266203908000000000e+09
5.680407895253604693e+03 1.063250980000000000e+09
5.669620057936662306e+03 3.199898555000000000e+09
5.674320291577821990e+03 6.367761350000000000e+08
5.660889644320812295e+03 3.381842822000000000e+09
5.674201214212358536e+03 1.690515471000000000e+09
5.646390047733607389e+03 2.282099387000000000e+09
5.642500411686869484e+03 4.197988130000000000e+08
5.654132700819141064e+03 6.090202220000000000e+08
5.660271096705135278e+03 2.697931266000000000e+09
5.635619607814258416e+03 2.887356004000000000e+09
5.657913361149287084e+03 8.056925510000000000e+08
5.684591967808663867e+03 4.060352151000000000e+09
5.640505855662949216e+03 3.816004430000000000e+09
5.658446679246713757e+03 8.952715040000000000e+08
5.672580661807042816e+03 4.233082830000000000e+08
5.708102513916483986e+03 3.728763736000000000e+09
5.682860051189544720e+03 1.643009399000000000e+09
5.688854820765109253e+03 2.501362205000000000e+09
5.687964704837946556e+03 4.294841750000000000e+08
5.650515205003521260e+03 3.276907272000000000e+09
5.636871628939360562e+03 5.519147170000000000e+08
5.704258591316140155e+03 7.541012460000000000e+08
5.672696234835753785e+03 4.134701149000000000e+09
5.635686637128410439e+03 3.023580727000000000e+09
5.657078583928431726e+03 1.417314358000000000e+09
5.674727272305976840e+03 4.216827666000000000e+09
5.637246273995677257e+03 4.198442341000000000e+09
5.673321470341505119e+03 5.183229710000000000e+08
5.674127928902817075e+03 1.378199036000000000e+09
5.667958890529775090e+03 3.165803849000000000e+09
5.695052515084198603e+03 4.034595388000000000e+09
5.653287356238473876e+03 3.681188583000000000e+09
5.664466039723850372e+03 3.559870140000000000e+09
5.669378061464338316e+03 2.309005172000000000e+09
5.672825260460920617e+03 2.674679694000000000e+09
5.659313627407752392e+03 3.553047109000000000e+09
5.651445135356985702e+03 8.537751800000000000e+08
5.677092213886149693e+03 1.066736400000000000e+07
5.686337859858733282e+03 3.765384229000000000e+09
5.689148441757066394e+03 3.153127419000000000e+09
5.664593764846310478e+03 2.182712836000000000e+09
5.641112458780558882e+03 1.189538590000000000e+09
5.640628717401566064e+03 2.324424081000000000e+09
5.678039047332867995e+03 2.058460693000000000e+09
5.676598469383193333e+03 2.598243003000000000e+09
5.658910413036080172e+03 1.332244980000000000e+08
5.708593552781139806e+03 2.716238930000000000e+09
5.657349177591162515e+03 2.584800936000000000e+09
5.667872829555218232e+03 1.268562636000000000e+09
5.661114563289191210e+03 6.931420720000000000e+08
5.702997346470488992e+03 1.770414075000000000e+09
5.679307553797352739e+03 1.891908575000000000e+09
5.651572841601037908e+03 2.289163176000000000e+09
5.727437124290414431e+03 2.203001791000000000e+09
5.669009699955577162e+03 1.772614520000000000e+09
5.702882405971330627e+03 3.864576862000000000e+09
5.676085325046647085e+03 1.454235758000000000e+09
5.709153229398772964e+03 1.082913918000000000e+09
5.652049284903752778e+03 3.803891866000000000e+09
5.665312006915864913e+03 2.006512382000000000e+09
5.656601069594894398e+03 2.222390776000000000e+09
5.642905343779610121e+03 3.661243937000000000e+09
5.673001592604345205e+03 3.456160846000000000e+09
5.664969080455373842e+03 2.821224764000000000e+09
5.673236008677895370e+03 5.991365460000000000e+08
5.666831141878114067e+03 2.115290709000000000e+09
5.678764487147465843e+03 4.129263689000000000e+09
5.661602700919731433e+03 4.115521662000000000e+09
5.657877723276622419e+03 3.065856385000000000e+09
5.664887751045389450e+03 8.395600360000000000e+08
5.665080132829381000e+03 1.153162027000000000e+09
5.701652302933947794e+03 3.332514450000000000e+08
5.647244616332829537e+03 2.803463660000000000e+09
5.640484214203348529e+03 2.366490868000000000e+09
5.686386198895327652e+03 3.776771373000000000e+09
5.670968759231540389e+03 1.927771246000000000e+09
5.662644208707086364e+03 1.920128278000000000e+09
5.653214152481066776e+03 2.023510465000000000e+09
5.701997614522013464e+03 1.925373040000000000e+08
5.667256062623629987e+03 4.515115000000000000e+07
5.711702094316508010e+03 3.417234649000000000e+09
5.660533849728260066e+03 1.808539555000000000e+09
5.662844924776623884e+03 3.051880480000000000e+08
5.691134005807618450e+03 3.540508203000000000e+09
5.677521493177969205e+03 3.537331430000000000e+08
5.681566230479820661e+03 2.529050255000000000e+09
5.660657228070298515e+03 1.154575382000000000e+09
5.656962497896083732e+03 2.567333280000000000e+09
5.676251804390560210e+03 1.891637292000000000e+09
5.653915051986144135e+03 2.768144277000000000e+09
5.657735977932534297e+03 1.064683921000000000e+09
5.675884695221407128e+03 7.920169600000000000e+08
5.689511494901617880e+03 1.184062304000000000e+09
5.691428576823267576e+03 2.974122227000000000e+09
5.658539677631386439e+03 2.982088756000000000e+09
5.652177314276550533e+03 2.500554509000000000e+09
5.685789705102502012e+03 4.150154063000000000e+09
5.675313425424035813e+03 1.075284700000000000e+09
5.670729628292233429e+03 4.092671460000000000e+09
5.677633236809893788e+03 2.495393199000000000e+09
5.686290714698820011e+03 2.958113335000000000e+09
5.676605759062925245e+03 3.749919609000000000e+09
5.660900672565239802e+03 1.738617775000000000e+09
5.655172529998383652e+03 3.228686879000000000e+09
5.660364921443895582e+03 1.983793564000000000e+09
5.652697118417313504e+03 3.349923779000000000e+09
5.665745089342256506e+03 3.870516269000000000e+09
5.688216658634069063e+03 2.218685287000000000e+09
5.671013637666971590e+03 1.882396987000000000e+09
5.649868392012025652e+03 1.361118552000000000e+09
5.678298507647885344e+03 2.990111030000000000e+08
5.686548364846958975e+03 2.969493558000000000e+09
5.701846224691807038e+03 3.209630400000000000e+09
5.663851675880422590e+03 1.913750186000000000e+09
5.673992705806615049e+03 2.089769334000000000e+09
5.691788317886012010e+03 1.229843632000000000e+09
5.660661533462820444e+03 2.437472260000000000e+09
5.682467104352366732e+03 1.357216294000000000e+09
5.696260336708079194e+03 2.885570063000000000e+09
5.656432001971344107e+03 1.540760311000000000e+09
5.677481626346087978e+03 3.958571940000000000e+08
5.654186528284866654e+03 1.975009129000000000e+09
5.674841474308677789e+03 1.811777943000000000e+09
5.630747212918167861e+03 4.157063031000000000e+09
5.669152670817205944e+03 2.400232402000000000e+09
5.644054107539295728e+03 3.807337886000000000e+09
5.652699528158684188e+03 2.866448443000000000e+09
5.649084575628613493e+03 3.109253426000000000e+09
5.672100259845668916e+03 2.550232797000000000e+09
5.666070713804375373e+03 3.730339363000000000e+09
5.667816329132062492e+03 4.266612718000000000e+09
5.678139249395308980e+03 8.770445100000000000e+08
5.650633361867754502e+03 2.642524359000000000e+09
5.655577338704748399e+03 1.857646908000000000e+09
5.657211779250892505e+03 2.904491251000000000e+09
5.654508656215621158e+03 9.240096200000000000e+07
5.674900177245448504e+03 1.729380138000000000e+09
5.655464019544406256e+03 3.633740673000000000e+09
5.651276927734134006e+03 1.639361780000000000e+09
5.653952362043170979e+03 1.787788290000000000e+09
5.702471125335073339e+03 1.655928753000000000e+09
5.664768422487378302e+03 3.639648494000000000e+09
5.649387735329307361e+03 9.264866430000000000e+08
5.643458975114138411e+03 2.156445295000000000e+09
5.708193310295095216e+03 3.593664194000000000e+09
5.663276847836323213e+03 3.966985685000000000e+09
5.691673074039842504e+03 1.559051353000000000e+09
5.681156524073604487e+03 4.007607479000000000e+09
5.681670363786138296e+03 8.022910710000000000e+08
5.670961413157800052e+03 1.495975485000000000e+09
5.674337021299428670e+03 4.096950160000000000e+08
5.672523215785998218e+03 5.150485120000000000e+08
5.686604360153341077e+03 3.941392525000000000e+09
5.680734850641996672e+03 2.288976544000000000e+09
5.659458953327017298e+03 3.529916411000000000e+09
5.671288171409873030e+03 3.044294236000000000e+09
5.690987950516289857e+03 1.341831395000000000e+09
5.667840296922372545e+03 2.927761864000000000e+09
5.689124484922187548e+03 1.225728311000000000e+09
5.694169585736983208e+03 3.340488090000000000e+09
5.673226894449497195e+03 1.814037372000000000e+09
5.651560017197869456e+03 3.030332739000000000e+09
5.671629404032712046e+03 2.276569420000000000e+08
5.685355129692373339e+03 8.589293790000000000e+08
5.695493343165176157e+03 4.114120891000000000e+09
5.664060494233725876e+03 3.111318695000000000e+09
5.687958230353754516e+03 3.235491085000000000e+09
5.668475600818270323e+03 3.255087123000000000e+09
5.662739986550461254e+03 8.472811190000000000e+08
5.665390055721147291e+03 3.683791258000000000e+09
5.641133126446324241e+03 3.856463970000000000e+08
5.685329593420111451e+03 2.226316260000000000e+09
5.642433748895429744e+03 1.111357111000000000e+09
5.655321385001042472e+03 2.688037013000000000e+09
5.704461684080240957e+03 1.859073430000000000e+08
5.665539035035199049e+03 1.619652522000000000e+09
5.637412194827022176e+03 3.913752134000000000e+09
5.661901223703376672e+03 1.557313517000000000e+09
5.688679758710210081e+03 1.577771692000000000e+09
5.678162181705403782e+03 2.599990742000000000e+09
5.668412380086042504e+03 2.878128636000000000e+09
5.659732539372163956e+03 5.607977900000000000e+07
5.661855189029223766e+03 2.813726553000000000e+09
5.653810209735470380e+03 3.245119440000000000e+08
5.670905701935715115e+03 1.427040310000000000e+08
5.681008255723836555e+03 4.182153622000000000e+09
5.684535226103519562e+03 4.057389820000000000e+09
5.678206932385654000e+03 2.079846699000000000e+09
5.692206422842395114e+03 3.802456254000000000e+09
5.680680617109736886e+03 3.072273528000000000e+09
5.685402709841073374e+03 2.547780102000000000e+09
5.674622523152093891e+03 2.685565711000000000e+09
5.685669174062532875e+03 3.568108430000000000e+09
5.661330099190216060e+03 1.776553576000000000e+09
5.657607578493471010e+03 9.466667340000000000e+08
5.669322979757876055e+03 4.222618400000000000e+07
5.675617437248955866e+03 3.519968222000000000e+09
5.667145860444708887e+03 5.817411570000000000e+08
5.648356086143086941e+03 3.812192915000000000e+09
5.675008195060619983e+03 1.362589180000000000e+08
5.698467275701998915e+03 3.389823380000000000e+09
5.707183328412861556e+03 2.056596585000000000e+09
5.686530573600357457e+03 2.869144148000000000e+09
5.655355488165154384e+03 3.304614010000000000e+09
5.685746154903907154e+03 3.720549783000000000e+09
5.640331976314574604e+03 6.832643180000000000e+08
5.663982452722174457e+03 3.720786993000000000e+09
5.682481558621068871e+03 3.580145233000000000e+09
5.674758089525904325e+03 5.904664960000000000e+08
5.687052196612619809e+03 3.916578539000000000e+09
5.669334531695264559e+03 2.636737751000000000e+09
5.667444424051140231e+03 2.871081831000000000e+09
5.664373473498206295e+03 3.018323143000000000e+09
5.661930206117315720e+03 2.153161781000000000e+09
5.669754418860206897e+03 2.851982706000000000e+09
5.674419731959867022e+03 3.430618650000000000e+08
5.650308181120666632e+03 9.194366980000000000e+08
5.702584997236835989e+03 3.263294974000000000e+09
5.660698128524973072e+03 7.268255100000000000e+08
5.665766047351816269e+03 4.207915660000000000e+08
5.650443848082222758e+03 1.738571086000000000e+09
5.670746777721002218e+03 1.499998077000000000e+09
5.651376663749274485e+03 2.030511344000000000e+09
5.650836960600649945e+03 8.626037870000000000e+08
5.659925878487806585e+03 2.927312267000000000e+09
5.643811795521613931e+03 1.230168201000000000e+09
5.643876170882796941e+03 4.703387310000000000e+08
5.662266320891661053e+03 4.489372740000000000e+08
5.680236530996575311e+03 1.186955410000000000e+09
5.657488279312702616e+03 4.083999665000000000e+09
