# Lens_likelihood 	 seed
6.942982327675768829e+03 3.553712366000000000e+09
6.965745870483510771e+03 2.829698725000000000e+09
6.967556715327847996e+03 2.352905464000000000e+09
6.982586157506733798e+03 6.112662300000000000e+07
6.958814851862624892e+03 3.912219594000000000e+09
6.940632947952177346e+03 1.769280603000000000e+09
6.962577207068763528e+03 2.702126659000000000e+09
6.949946182208441314e+03 4.531881150000000000e+08
6.972865419788207873e+03 9.836140740000000000e+08
6.987994048220828518e+03 1.177850009000000000e+09
6.979542924573503115e+03 3.305285403000000000e+09
6.965683114927335737e+03 3.280202707000000000e+09
6.976473189883497980e+03 2.236321590000000000e+08
6.961892048152337338e+03 1.079362365000000000e+09
6.959269020478940547e+03 3.670105098000000000e+09
6.952018336907827688e+03 4.220661027000000000e+09
6.982907017290027397e+03 7.865603810000000000e+08
6.972557579557096687e+03 7.836290450000000000e+08
6.960725711117083847e+03 2.185334645000000000e+09
6.976083309280899812e+03 1.451984047000000000e+09
6.973866880399743422e+03 3.854972327000000000e+09
6.962614567685403927e+03 4.021620984000000000e+09
6.936665818196532200e+03 1.669514943000000000e+09
6.963065923923450100e+03 2.527208507000000000e+09
6.984024142762470547e+03 3.439256407000000000e+09
6.989553850096823226e+03 3.426441760000000000e+09
6.970273599247961101e+03 3.961916103000000000e+09
6.964766807445731502e+03 2.663109451000000000e+09
6.946365452839885620e+03 3.057664639000000000e+09
6.929847506088070077e+03 2.727323210000000000e+09
6.966110976711302101e+03 1.507548059000000000e+09
6.953515477168037251e+03 3.184254440000000000e+09
6.972206355160671592e+03 1.313503814000000000e+09
6.960699398003735041e+03 1.877659987000000000e+09
6.982534611007444255e+03 4.173650930000000000e+09
6.987966864080948653e+03 5.397731840000000000e+08
6.968788177241396625e+03 3.259791249000000000e+09
6.979033714208998390e+03 2.106808528000000000e+09
6.984237217041112672e+03 3.841673534000000000e+09
6.975210775854204257e+03 3.629683791000000000e+09
6.960862152893640086e+03 1.137473151000000000e+09
6.971709040384364926e+03 2.502787353000000000e+09
6.995032688220106138e+03 3.595463569000000000e+09
6.994691262620923226e+03 4.227694501000000000e+09
6.973999063436613142e+03 6.206485440000000000e+08
6.960802024362791599e+03 3.249339234000000000e+09
6.961549137609649733e+03 1.941581322000000000e+09
6.978120928642711988e+03 1.238120230000000000e+08
6.959350332165789951e+03 3.162444330000000000e+09
6.977179705612983525e+03 2.171859049000000000e+09
6.984228868485534804e+03 3.033598495000000000e+09
6.966404382431926933e+03 8.823859580000000000e+08
6.949139505493497381e+03 6.836155810000000000e+08
6.985178260103102730e+03 3.024979300000000000e+07
6.980124391540917713e+03 3.888184729000000000e+09
6.959194981910686693e+03 1.140210817000000000e+09
6.947514651211393357e+03 3.675584343000000000e+09
6.950555283445253735e+03 1.936341560000000000e+09
6.976862169481804813e+03 2.922164274000000000e+09
6.997380933075514804e+03 1.211423331000000000e+09
6.959152169569722901e+03 1.460257726000000000e+09
6.977826278024224848e+03 1.642807502000000000e+09
6.982600187230318625e+03 4.063212545000000000e+09
6.956357668615416515e+03 3.487005035000000000e+09
6.954875800758680271e+03 2.327147426000000000e+09
6.956941438092211683e+03 7.780783100000000000e+08
6.984767746323708707e+03 2.434779871000000000e+09
6.940465192073967046e+03 9.033736310000000000e+08
6.966310979996385868e+03 3.353991107000000000e+09
6.957026050084175949e+03 4.290752853000000000e+09
6.932456873897894184e+03 2.293820219000000000e+09
6.953359508427056426e+03 5.188247000000000000e+08
6.958008632007477900e+03 4.157781546000000000e+09
6.956972039394420790e+03 1.880824941000000000e+09
6.982584165807301360e+03 6.323612660000000000e+08
6.998906725084231766e+03 3.023421214000000000e+09
6.938216628164098438e+03 3.836366709000000000e+09
6.967745494044284897e+03 3.985693259000000000e+09
6.989168987326600472e+03 2.433696844000000000e+09
6.975191676663987892e+03 2.722152949000000000e+09
6.956215788186069403e+03 3.618438359000000000e+09
6.972171233165435297e+03 3.131775354000000000e+09
6.988650624982298723e+03 3.102497306000000000e+09
6.970411494091745226e+03 2.909524966000000000e+09
6.961468081043465645e+03 6.410240270000000000e+08
6.978220273581708170e+03 3.798683977000000000e+09
6.963147901036860276e+03 1.956072000000000000e+09
6.998566477521814704e+03 1.191621405000000000e+09
6.985124273885803632e+03 3.405386626000000000e+09
6.977721974560269700e+03 1.656533000000000000e+07
6.984147054774035496e+03 1.720630559000000000e+09
6.967973671349830511e+03 1.410530891000000000e+09
6.974753714429823049e+03 5.208086460000000000e+08
6.956916212045442080e+03 3.085530473000000000e+09
6.970160618325797259e+03 9.482962540000000000e+08
6.973420618077279869e+03 4.291888315000000000e+09
6.990394333044632731e+03 3.025259901000000000e+09
6.954750844093516207e+03 3.210594770000000000e+08
6.954991723924598773e+03 2.884352367000000000e+09
6.956013759504643531e+03 2.779744843000000000e+09
6.999519316186142532e+03 2.327379540000000000e+09
6.984787346273575167e+03 2.903388650000000000e+08
6.932926469937758156e+03 3.882860200000000000e+07
6.949265548804214632e+03 1.834741035000000000e+09
6.983631984700413341e+03 3.626124364000000000e+09
6.961562347770409360e+03 1.326272061000000000e+09
6.964210354479579109e+03 2.692030565000000000e+09
6.976275917766143721e+03 1.760380672000000000e+09
6.977835415148154425e+03 3.148579007000000000e+09
6.970469314123029108e+03 1.460451232000000000e+09
6.981986701417211407e+03 3.168067345000000000e+09
6.947571594083821765e+03 4.290123287000000000e+09
6.924768705238903749e+03 3.308174657000000000e+09
6.969190881064587302e+03 2.418183305000000000e+09
6.942910959329437901e+03 3.043671233000000000e+09
6.993874392988131149e+03 9.941477850000000000e+08
6.978014759889758352e+03 1.473108760000000000e+09
6.981006361939498674e+03 1.719583640000000000e+09
6.969460700473082397e+03 1.331021914000000000e+09
6.960774495836070855e+03 2.427240586000000000e+09
6.958770678609685092e+03 1.546613075000000000e+09
7.000201535988551768e+03 1.839632320000000000e+08
6.970020032574553625e+03 4.953141850000000000e+08
6.977587308760166707e+03 1.887664847000000000e+09
6.977086125399609045e+03 3.029587269000000000e+09
6.964386877637969519e+03 1.241850959000000000e+09
6.954553584044802847e+03 2.980684634000000000e+09
6.967015606637518431e+03 3.272592160000000000e+09
6.968487141647741737e+03 3.295313052000000000e+09
7.005484787550323745e+03 3.469793301000000000e+09
6.968963142435792179e+03 1.893487070000000000e+08
6.956114401655763686e+03 7.818237720000000000e+08
6.958098702697016051e+03 3.068877602000000000e+09
6.997519965967902863e+03 4.062077086000000000e+09
6.953294799450265600e+03 5.662054060000000000e+08
6.966762965485882887e+03 3.315364898000000000e+09
6.977869532923881707e+03 2.600461662000000000e+09
6.989415723919345510e+03 2.791716090000000000e+09
6.947802730497313860e+03 1.031849955000000000e+09
6.942289990383803342e+03 3.398580741000000000e+09
6.972156158135179794e+03 3.150812009000000000e+09
6.952806601072887133e+03 3.187133010000000000e+09
6.981410588014448876e+03 7.205640330000000000e+08
6.963839070246045594e+03 3.198576665000000000e+09
6.947408360775647452e+03 2.261918167000000000e+09
6.981458518842761805e+03 4.060149341000000000e+09
6.965856410302670156e+03 2.415369941000000000e+09
6.963362028102928889e+03 1.934865281000000000e+09
6.967774672282531355e+03 3.813930882000000000e+09
7.003054782794622952e+03 1.472122769000000000e+09
6.955185166916015078e+03 1.434814842000000000e+09
6.990177198864046659e+03 8.249060760000000000e+08
6.962100539601440687e+03 1.046255585000000000e+09
6.980020513332059636e+03 2.574422759000000000e+09
6.977465103769480265e+03 2.198632722000000000e+09
6.964031485853411141e+03 3.329074010000000000e+09
6.966514357235171701e+03 1.678334986000000000e+09
6.930480887443707616e+03 3.821692613000000000e+09
6.981030493803737045e+03 6.668190060000000000e+08
6.955888885191722693e+03 1.006392532000000000e+09
6.961813106164994679e+03 2.991193587000000000e+09
6.962280417938032770e+03 4.259195592000000000e+09
6.973038569526020183e+03 3.122494150000000000e+09
6.962229493628912678e+03 1.258270104000000000e+09
6.966813988640343268e+03 4.229734126000000000e+09
6.971885293285109583e+03 5.340649510000000000e+08
6.946242647329499050e+03 2.194669947000000000e+09
6.989277282939223369e+03 2.370474941000000000e+09
6.955928660722452150e+03 2.371104499000000000e+09
6.968867904346207069e+03 1.497556151000000000e+09
6.985323454162995404e+03 3.500377356000000000e+09
6.975773482629737373e+03 3.416928724000000000e+09
6.948994249694193059e+03 1.736221028000000000e+09
6.976447338359999776e+03 2.188647184000000000e+09
6.981530844420569338e+03 2.899925165000000000e+09
6.963677784777035413e+03 4.098492209000000000e+09
6.975766358039785700e+03 1.495753395000000000e+09
6.964217336078742846e+03 3.651536118000000000e+09
6.969254212611722323e+03 1.052765069000000000e+09
6.988159643641898583e+03 2.998980264000000000e+09
6.957936700919826762e+03 8.122265540000000000e+08
6.991592338886106518e+03 3.179816410000000000e+09
6.992183134498046456e+03 3.897769059000000000e+09
6.991136466091035800e+03 3.740665299000000000e+09
6.976328081313668918e+03 2.451403266000000000e+09
6.975964631572234794e+03 1.644951153000000000e+09
6.974304095447824693e+03 4.694364120000000000e+08
6.969567850350821573e+03 3.900366241000000000e+09
6.991686027290339553e+03 7.990055300000000000e+07
6.955603387903976909e+03 2.061993260000000000e+09
6.967959140569002557e+03 4.164304353000000000e+09
6.965873183790715302e+03 1.282289110000000000e+08
6.964889114986704953e+03 1.552138768000000000e+09
6.971006932027834409e+03 3.698742205000000000e+09
6.977665972562778734e+03 2.343092180000000000e+08
6.956548047361549834e+03 3.059072965000000000e+09
6.974375839237683067e+03 3.865204656000000000e+09
6.950101659479496448e+03 3.697763260000000000e+08
7.001646945459699054e+03 3.662561100000000000e+07
6.953912553518230197e+03 4.311236200000000000e+08
6.983515101682092791e+03 2.635287134000000000e+09
6.954514418797892176e+03 3.553360650000000000e+09
6.972176320038748599e+03 1.954333613000000000e+09
6.982415623844096444e+03 1.413350764000000000e+09
6.992846410645061951e+03 2.917854652000000000e+09
6.978898198783908811e+03 6.247190800000000000e+08
6.999532965802713079e+03 2.488921280000000000e+09
6.963236400441644946e+03 1.719602257000000000e+09
6.982395422001927727e+03 4.213784093000000000e+09
6.966264322759396237e+03 3.673905150000000000e+08
6.945601479570774245e+03 4.157130216000000000e+09
6.963538945679917560e+03 1.058421014000000000e+09
6.968450769874337311e+03 2.117541088000000000e+09
6.948229176612485389e+03 1.220131670000000000e+08
6.967087357366640390e+03 5.616949460000000000e+08
6.985892369260554005e+03 2.991736021000000000e+09
6.970303012631224192e+03 4.175614736000000000e+09
6.976372921071140809e+03 2.438418407000000000e+09
6.950960282238486798e+03 8.128481120000000000e+08
6.962135663056780686e+03 4.283381531000000000e+09
6.983649303478405272e+03 1.626370713000000000e+09
6.975666818168958343e+03 1.732454930000000000e+08
6.991569762627426826e+03 3.494440402000000000e+09
6.968529725680527008e+03 1.810556612000000000e+09
6.968146325506143512e+03 2.365859952000000000e+09
6.974789650496659306e+03 1.835224077000000000e+09
6.969642609397938941e+03 3.233589320000000000e+08
6.991663780289130955e+03 2.838246714000000000e+09
6.980861976114556455e+03 1.369945550000000000e+09
6.946942600539850901e+03 2.635938151000000000e+09
6.975057989855339656e+03 4.105209863000000000e+09
6.966885901827487942e+03 2.174459274000000000e+09
6.997452497519623648e+03 1.288495024000000000e+09
6.955689911490559098e+03 3.620499145000000000e+09
6.983498123551017670e+03 3.864696225000000000e+09
6.979643555954855401e+03 1.524123271000000000e+09
6.957441273269035264e+03 3.160759353000000000e+09
6.977935898073840690e+03 1.910820108000000000e+09
6.957901972597714121e+03 9.745675310000000000e+08
6.987644360448300176e+03 1.369657832000000000e+09
6.983910911095295887e+03 9.527761990000000000e+08
6.951867234560508223e+03 2.719524777000000000e+09
6.973525016964973474e+03 1.049796497000000000e+09
6.971794243268324863e+03 3.010656631000000000e+09
6.987423536381774284e+03 9.753009290000000000e+08
6.952093612577041313e+03 1.967699561000000000e+09
6.993145108726301260e+03 3.425855516000000000e+09
6.961569269953368348e+03 5.916816290000000000e+08
6.985368042142878949e+03 1.851909563000000000e+09
6.978376019283350615e+03 3.619141040000000000e+08
6.953574575397675289e+03 5.620464110000000000e+08
6.991448515368844710e+03 2.250897835000000000e+09
6.980593912716643899e+03 1.525435672000000000e+09
6.940117337987177052e+03 2.087392503000000000e+09
6.976476726802106896e+03 1.689510309000000000e+09
6.966939548764969913e+03 3.636876460000000000e+09
6.957789581688818544e+03 2.191342210000000000e+08
7.000398717267048596e+03 1.193281205000000000e+09
6.970433541674851767e+03 1.048546500000000000e+09
6.986390790420956364e+03 1.706091540000000000e+08
6.966516845394922711e+03 6.555067700000000000e+07
6.950761288281900306e+03 2.087095620000000000e+08
6.998703308611556167e+03 1.697188255000000000e+09
6.972079964945236497e+03 3.712909517000000000e+09
6.953509749030101375e+03 1.086160396000000000e+09
6.957670916219594801e+03 2.324696370000000000e+09
6.985949514931280646e+03 1.527532443000000000e+09
6.970761615083767538e+03 2.948547789000000000e+09
7.001039606523768271e+03 2.192396910000000000e+08
6.969030350224463291e+03 4.188548962000000000e+09
6.971786400047673851e+03 2.594507400000000000e+09
6.969472520354300286e+03 1.254874803000000000e+09
6.951247215138532738e+03 6.714333800000000000e+08
6.979852695167259299e+03 2.807430941000000000e+09
6.964376427640244401e+03 1.895601206000000000e+09
6.978706446916685309e+03 4.247457777000000000e+09
6.994289997727486480e+03 3.046806426000000000e+09
6.967166575858618671e+03 1.892871664000000000e+09
6.973470592246037995e+03 2.120709703000000000e+09
6.966972738476421000e+03 4.200467933000000000e+09
6.962302107247297499e+03 5.972766170000000000e+08
6.948716786694174516e+03 3.743557622000000000e+09
6.954592974875957225e+03 3.282044409000000000e+09
6.979575442290639330e+03 2.022864590000000000e+08
6.963419569177347512e+03 3.248362611000000000e+09
6.977362309710249065e+03 3.029196670000000000e+09
6.985718783062980037e+03 9.220678010000000000e+08
6.966687337573837794e+03 2.387792303000000000e+09
6.980189000378349192e+03 3.350929829000000000e+09
6.994711873787799050e+03 2.612044529000000000e+09
6.969685629446489656e+03 1.440461496000000000e+09
6.984850309307675161e+03 1.203303133000000000e+09
6.981678752603696012e+03 2.417830466000000000e+09
6.939994818567653056e+03 3.362833250000000000e+08
6.955750538228427104e+03 3.408151330000000000e+08
6.977468499091453850e+03 1.876007361000000000e+09
6.986717730638095418e+03 2.150738394000000000e+09
6.965267180375985845e+03 3.280467986000000000e+09
6.934736180545280149e+03 4.014603882000000000e+09
6.976408964041475883e+03 4.139336869000000000e+09
6.957162878449715208e+03 3.961234640000000000e+08
6.978784781285554345e+03 1.853567183000000000e+09
6.982675208360474244e+03 1.953570665000000000e+09
6.969382935171252939e+03 3.422847270000000000e+09
6.966081081595218166e+03 3.158376103000000000e+09
6.959497999090614940e+03 7.553537080000000000e+08
6.975718492007721579e+03 1.430277740000000000e+09
6.990268642152912435e+03 3.411871243000000000e+09
6.955113702090732659e+03 7.864319800000000000e+07
6.974567999834805960e+03 3.628428523000000000e+09
6.959993540063416731e+03 1.073175449000000000e+09
6.978026891522650658e+03 4.299743960000000000e+08
7.010418135459263794e+03 9.809066120000000000e+08
6.946352078416351105e+03 3.289963145000000000e+09
6.970442874888371080e+03 3.943890455000000000e+09
6.971918017890202464e+03 2.291557570000000000e+09
6.960432373486322831e+03 1.985227089000000000e+09
6.992179024820351515e+03 2.705297291000000000e+09
6.975596534803427858e+03 3.646670840000000000e+09
6.921861178200084396e+03 1.415311584000000000e+09
6.981658122845747130e+03 1.516951950000000000e+09
6.963590088592238317e+03 2.546035948000000000e+09
6.979097823932954270e+03 3.421177009000000000e+09
6.976973705823143973e+03 2.115291956000000000e+09
6.935828943125603473e+03 2.222103441000000000e+09
6.985789806565026993e+03 2.202998586000000000e+09
6.962779634793525474e+03 2.910575847000000000e+09
6.959134808244891246e+03 2.355561490000000000e+08
6.973466794290347025e+03 1.609051104000000000e+09
6.967460870073614387e+03 2.567977275000000000e+09
6.988808305892422140e+03 8.974979370000000000e+08
6.973003048436230529e+03 3.000569943000000000e+09
6.960136205633569261e+03 3.045889883000000000e+09
6.969635242087419101e+03 2.589564238000000000e+09
6.960430258819213122e+03 3.609330512000000000e+09
6.981613395167954877e+03 3.814360075000000000e+09
6.951981853820073411e+03 2.384631413000000000e+09
6.980524446551891742e+03 3.332360385000000000e+09
6.955765364876557214e+03 3.782007372000000000e+09
6.961974498434223278e+03 2.908294396000000000e+09
6.973251790027011339e+03 2.817095731000000000e+09
6.962081490155068423e+03 3.481591563000000000e+09
6.966093170962147269e+03 3.725116763000000000e+09
6.970124854413610592e+03 2.009668967000000000e+09
6.974737211096244209e+03 4.129212003000000000e+09
6.953769382811400646e+03 1.857142972000000000e+09
6.972292322579274696e+03 1.565963985000000000e+09
6.986726729235036146e+03 2.193411250000000000e+09
6.979165810046806655e+03 1.851865286000000000e+09
6.977046779517631876e+03 3.685726249000000000e+09
