# Lens_likelihood 	 seed
5.587512226658882355e+03 1.031172312000000000e+09
5.483884783090137716e+03 1.581671620000000000e+08
5.607270610411548660e+03 3.811987935000000000e+09
5.544337844043142468e+03 3.722743191000000000e+09
5.546571274111829553e+03 4.199508330000000000e+09
5.600248984103229304e+03 2.612013187000000000e+09
5.535863341428801505e+03 4.749781340000000000e+08
5.566798743718054538e+03 3.175588302000000000e+09
5.560956298229333697e+03 2.591825486000000000e+09
5.585965997075370979e+03 1.910919418000000000e+09
5.589208244191249833e+03 2.918791946000000000e+09
5.594768905375521172e+03 1.956724121000000000e+09
5.551251127662693762e+03 2.913491123000000000e+09
5.541938700622759825e+03 7.950045800000000000e+07
5.556274338932982573e+03 8.619402000000000000e+07
5.568061527396532256e+03 3.111193615000000000e+09
5.609967819635657179e+03 2.121840669000000000e+09
5.574704546231754648e+03 3.900252827000000000e+09
5.465850064911377558e+03 1.481083414000000000e+09
5.584714342926997233e+03 4.119695486000000000e+09
5.534704574689081710e+03 3.185169916000000000e+09
5.585779712784332332e+03 2.267659994000000000e+09
5.554279498234852326e+03 3.252036460000000000e+09
5.602713882987100078e+03 1.741586578000000000e+09
5.554618480037911468e+03 2.195672780000000000e+09
5.589941816802960602e+03 3.229878501000000000e+09
5.572673125161059943e+03 5.795283050000000000e+08
5.524689358411788817e+03 1.985826238000000000e+09
5.557114757893152273e+03 8.562502620000000000e+08
5.508667097943899535e+03 2.047203470000000000e+09
5.527938820246105024e+03 2.337811670000000000e+08
5.629876652283062867e+03 4.139298953000000000e+09
5.558072985483165212e+03 3.803396256000000000e+09
5.541853459411263430e+03 1.267275560000000000e+09
5.565983790328829855e+03 3.580269140000000000e+08
5.550309893245312196e+03 2.295560197000000000e+09
5.444162428294816891e+03 3.112273303000000000e+09
5.550794873545793962e+03 1.313379638000000000e+09
5.571734566920231373e+03 3.207512538000000000e+09
5.559551747296780377e+03 1.985255003000000000e+09
5.551498929317525835e+03 8.390933770000000000e+08
5.521757337604001805e+03 3.247191892000000000e+09
5.592803325499189668e+03 2.004537680000000000e+08
5.542150742461824848e+03 1.590664890000000000e+09
5.481906899792312288e+03 4.500618460000000000e+08
5.618122799057177872e+03 1.190494328000000000e+09
5.609695027680468229e+03 4.293121562000000000e+09
5.562269089000873464e+03 5.470491720000000000e+08
5.576730029197218755e+03 7.605131630000000000e+08
5.588855060240180137e+03 7.219138630000000000e+08
5.612261224204376958e+03 1.353001782000000000e+09
5.464866277812547196e+03 3.097662105000000000e+09
5.558635765344309220e+03 4.096249818000000000e+09
5.575999956187743010e+03 2.665103467000000000e+09
5.630241293611422407e+03 1.954260915000000000e+09
5.573820749994863036e+03 2.602549468000000000e+09
5.612571634437194007e+03 2.146913806000000000e+09
5.584485096955890185e+03 3.845010772000000000e+09
5.528147665653556032e+03 9.556168390000000000e+08
5.555657751518578152e+03 3.276083951000000000e+09
5.495224995473532545e+03 2.402568914000000000e+09
5.537224470528059101e+03 7.458648110000000000e+08
5.545577142770705905e+03 5.336512150000000000e+08
5.559253940700272324e+03 2.105276516000000000e+09
5.617975255461222332e+03 1.868010180000000000e+08
5.566934575211685114e+03 3.421011083000000000e+09
5.565906323882926699e+03 1.704120383000000000e+09
5.581413522418418324e+03 2.059099439000000000e+09
5.576624267193952619e+03 1.772944318000000000e+09
5.533402224599413785e+03 4.482131650000000000e+08
5.556434334732899515e+03 1.711596931000000000e+09
5.533728851092072546e+03 8.780397100000000000e+08
5.568962882559768332e+03 2.612952217000000000e+09
5.585793041551463830e+03 1.531213767000000000e+09
5.577951652719729282e+03 3.651595600000000000e+07
5.550277669637971485e+03 3.410816671000000000e+09
5.544577752375298587e+03 3.049726166000000000e+09
5.571269849676741615e+03 3.038950320000000000e+09
5.589724958916661308e+03 2.400069107000000000e+09
5.594994163982655664e+03 1.881630100000000000e+08
5.583293804737209939e+03 1.265096296000000000e+09
5.588209434991054877e+03 9.536827060000000000e+08
5.556139548024394571e+03 1.696214300000000000e+09
5.522150013133219545e+03 3.962591820000000000e+09
5.593597318263213310e+03 8.670325320000000000e+08
5.564296096883461360e+03 3.870314688000000000e+09
5.568401299699287847e+03 1.321742870000000000e+08
5.564963300631055063e+03 2.405661529000000000e+09
5.538825291146173186e+03 2.569742725000000000e+09
5.529198996385444843e+03 1.232509341000000000e+09
5.602767001980198984e+03 1.712391376000000000e+09
5.508993571718590829e+03 9.913741880000000000e+08
5.561116684823379728e+03 2.708382670000000000e+09
5.548686795925004844e+03 1.599131221000000000e+09
5.559134611511455660e+03 1.050986800000000000e+09
5.575507065010682709e+03 1.871884900000000000e+08
5.475488279908525328e+03 3.936803342000000000e+09
5.539058866628502074e+03 3.886858628000000000e+09
5.538159628524212167e+03 1.769430382000000000e+09
5.554231183067848178e+03 2.920322964000000000e+09
5.601369875436212169e+03 9.784929700000000000e+08
5.579499991539339135e+03 4.240092172000000000e+09
5.523822042480772325e+03 1.569453965000000000e+09
5.543625001498788151e+03 1.334516830000000000e+09
5.572806149104886572e+03 1.446048860000000000e+09
5.556750070075549957e+03 3.041614321000000000e+09
5.563725786998866170e+03 3.860787162000000000e+09
5.571791170989189595e+03 3.721152700000000000e+09
5.553311571261246172e+03 8.668713300000000000e+07
5.553908115954791356e+03 1.959258605000000000e+09
5.587737032622429979e+03 3.073550470000000000e+09
5.516789064013802999e+03 2.900464060000000000e+08
5.568630549288081056e+03 1.696206895000000000e+09
5.468020829765419876e+03 5.168691240000000000e+08
5.521274298518340402e+03 1.921589703000000000e+09
5.568056601182732265e+03 2.734216605000000000e+09
5.566677222649173018e+03 2.549354184000000000e+09
5.581033187608178196e+03 2.569419668000000000e+09
5.549065149840654158e+03 1.942528230000000000e+08
5.510036194365391566e+03 3.695553844000000000e+09
5.572649755316244409e+03 1.838838609000000000e+09
5.584650747722800588e+03 3.924012480000000000e+08
5.561074666662602795e+03 4.206383908000000000e+09
5.572809003838352510e+03 2.498915856000000000e+09
5.586402117084066049e+03 4.224529023000000000e+09
5.564692841279437744e+03 3.996210381000000000e+09
5.516176024023450736e+03 3.684621370000000000e+09
5.563562424893183561e+03 3.147253906000000000e+09
5.537077019603753797e+03 2.417465983000000000e+09
5.563807842196602905e+03 1.095615411000000000e+09
5.559938423338965549e+03 1.536511757000000000e+09
5.596855481343466636e+03 3.611378365000000000e+09
5.590031194890015286e+03 3.973486974000000000e+09
5.559142656388732576e+03 1.573143878000000000e+09
5.503023074911275216e+03 3.644794013000000000e+09
5.562296948718506428e+03 3.813542616000000000e+09
5.557950300761650396e+03 5.422493940000000000e+08
5.555172417340851098e+03 2.884937255000000000e+09
5.555105481441567463e+03 9.387638390000000000e+08
5.583416829356532617e+03 2.496550180000000000e+09
5.580407864335090380e+03 2.089844877000000000e+09
5.571121780569063048e+03 8.024215690000000000e+08
5.463655791131343904e+03 2.043560611000000000e+09
5.547691648980807258e+03 2.374492383000000000e+09
5.562951438355526989e+03 5.922459100000000000e+08
5.562790587578929262e+03 2.394712947000000000e+09
5.575157575992181592e+03 2.507517377000000000e+09
5.577278056624835699e+03 1.472250927000000000e+09
5.591780392783289244e+03 3.815294750000000000e+09
5.587806768439479129e+03 4.138980621000000000e+09
5.564109724120009560e+03 2.855773294000000000e+09
5.605936013790655124e+03 1.686702139000000000e+09
5.535747265829772005e+03 1.923343716000000000e+09
5.564072883013246610e+03 4.087949891000000000e+09
5.578373397225453118e+03 2.147213132000000000e+09
5.615890784264631293e+03 2.803880850000000000e+08
5.570348617909039604e+03 4.188016395000000000e+09
5.593429342143816029e+03 4.025538511000000000e+09
5.470988882386413025e+03 5.312881350000000000e+08
5.586106495031960549e+03 2.252243988000000000e+09
5.527012563224340738e+03 2.702870412000000000e+09
5.528597845369614333e+03 2.732691880000000000e+08
5.608592570373200033e+03 1.493605498000000000e+09
5.516866245516705931e+03 1.514349755000000000e+09
5.574689705432037954e+03 1.295980855000000000e+09
5.571682207668514820e+03 2.856969559000000000e+09
5.573957919664999281e+03 7.848725990000000000e+08
5.542116103860185831e+03 1.390224318000000000e+09
5.571331405845968220e+03 7.545613990000000000e+08
5.553931091289023243e+03 2.329976900000000000e+08
5.542391729232311263e+03 2.138650093000000000e+09
5.615580166798574282e+03 2.189642606000000000e+09
5.627955196657414490e+03 4.151363571000000000e+09
5.547294598964250326e+03 2.292709480000000000e+08
5.501447750512787934e+03 6.332597610000000000e+08
5.519298750667867353e+03 1.738139860000000000e+09
5.548277945390524110e+03 3.308244175000000000e+09
5.528077621242938221e+03 1.030614200000000000e+09
5.567042011104140329e+03 5.088610440000000000e+08
5.572930459910772697e+03 1.982845560000000000e+09
5.598995965584856094e+03 2.389295089000000000e+09
5.592492207812394554e+03 9.152314150000000000e+08
5.581105832465569620e+03 1.481700618000000000e+09
5.513702506234574685e+03 2.951121021000000000e+09
5.576042050424563968e+03 9.188283320000000000e+08
5.566013732270829678e+03 4.201571244000000000e+09
5.494057108102820166e+03 5.677054800000000000e+07
5.560991120673035766e+03 3.773378797000000000e+09
5.555532751179005572e+03 1.705884012000000000e+09
5.504483000418621486e+03 1.028971685000000000e+09
5.606717610322900327e+03 1.496423828000000000e+09
5.606211596802789245e+03 1.340844601000000000e+09
5.560402008991349248e+03 1.268031305000000000e+09
5.551682598032037276e+03 3.501927844000000000e+09
5.567632518114785853e+03 2.733242744000000000e+09
5.514819899362724755e+03 3.210497403000000000e+09
5.612043765879584498e+03 2.317735592000000000e+09
5.616211636598406585e+03 1.400263009000000000e+09
5.533992417836281675e+03 3.813917767000000000e+09
5.586628615478838583e+03 3.538432812000000000e+09
5.576031020536340293e+03 1.443642935000000000e+09
5.574919908458613463e+03 3.218141183000000000e+09
5.580342060055992988e+03 2.737870618000000000e+09
5.603146377079926424e+03 3.708250560000000000e+09
5.575846997155062127e+03 3.553859619000000000e+09
5.499052645316642156e+03 2.388486513000000000e+09
5.507236638204787596e+03 1.533505297000000000e+09
5.588757923078379463e+03 2.814065790000000000e+09
5.557960034498873938e+03 1.422704834000000000e+09
5.561027395859923672e+03 3.138897220000000000e+08
5.425126428089428373e+03 3.456176750000000000e+09
5.524740927869886036e+03 1.319566989000000000e+09
5.571641093594553240e+03 1.270030264000000000e+09
5.613220772896935159e+03 4.037968002000000000e+09
5.516885421631317513e+03 2.899438674000000000e+09
5.554823224314666732e+03 3.316030542000000000e+09
5.590334705717730685e+03 3.910176704000000000e+09
5.563336744286196335e+03 4.109588505000000000e+09
5.604114251282770965e+03 3.412658082000000000e+09
5.550109039862484678e+03 8.224902000000000000e+08
5.587263016582794080e+03 1.768847260000000000e+09
5.523143545090231783e+03 1.353344413000000000e+09
5.572625513469423822e+03 2.179140815000000000e+09
5.514586353489938119e+03 3.129783712000000000e+09
5.565115300515868512e+03 1.810601826000000000e+09
5.551866794862999086e+03 4.087327712000000000e+09
5.595521599583889838e+03 3.242069602000000000e+09
5.499771679332950953e+03 4.232437354000000000e+09
5.612784642163323042e+03 3.252738058000000000e+09
5.598835612278815461e+03 9.030407840000000000e+08
5.555472315718991922e+03 4.838855800000000000e+08
5.541852863887910644e+03 1.661461259000000000e+09
5.492852624411262696e+03 3.099321100000000000e+08
5.519013270153459416e+03 2.339674567000000000e+09
5.602383516019002855e+03 4.265352940000000000e+09
5.547159379357793114e+03 2.377310986000000000e+09
5.507993021978413708e+03 1.404502527000000000e+09
5.576731056300612181e+03 3.136953610000000000e+09
5.567263077737181447e+03 3.349620830000000000e+08
5.592607160260565252e+03 1.752654940000000000e+08
5.536703675139946426e+03 4.282670084000000000e+09
5.538384705080896310e+03 2.072863308000000000e+09
5.557779994637432537e+03 3.149651717000000000e+09
5.503293991557415211e+03 2.283701227000000000e+09
5.588931433449262840e+03 3.779444181000000000e+09
5.568441261867280446e+03 1.673129760000000000e+09
5.596446937581276870e+03 1.678516434000000000e+09
5.597810624047700003e+03 3.645838490000000000e+09
5.611188996061862781e+03 1.009023215000000000e+09
5.570655410319259317e+03 1.343690815000000000e+09
5.532382962957033669e+03 2.416953229000000000e+09
5.522678772320910866e+03 2.476237604000000000e+09
5.557834373208224861e+03 3.411320526000000000e+09
5.577842988554250041e+03 2.049241030000000000e+08
5.580285028096632232e+03 3.444009012000000000e+09
5.490338635853697269e+03 1.522033156000000000e+09
5.479874157609020585e+03 2.720441254000000000e+09
5.576509524025312203e+03 1.980299962000000000e+09
5.541897982639509792e+03 2.575163746000000000e+09
5.533022015994546564e+03 3.923770561000000000e+09
5.592730603968113428e+03 1.762537081000000000e+09
5.549857790598020074e+03 2.578361037000000000e+09
5.528439632648812221e+03 2.031762140000000000e+09
5.592570896672366871e+03 1.388214206000000000e+09
5.595129713943182651e+03 2.928758027000000000e+09
5.617180097330990066e+03 2.299385350000000000e+08
5.562388753919467490e+03 4.190118672000000000e+09
5.587920648129967958e+03 4.768409380000000000e+08
5.610901572338692858e+03 3.820045680000000000e+09
5.541464248569462143e+03 2.395125215000000000e+09
5.599116906021155955e+03 1.676563820000000000e+09
5.522257570561521788e+03 3.189849344000000000e+09
5.506101057129598303e+03 5.715501400000000000e+07
5.581336473842535270e+03 3.679703816000000000e+09
5.604187464182089570e+03 2.731786176000000000e+09
5.572826235003451984e+03 2.491090536000000000e+09
5.564192419908227748e+03 1.134166663000000000e+09
5.530721756168664797e+03 8.179024760000000000e+08
5.562090218656385332e+03 3.016437827000000000e+09
5.555023485679539590e+03 1.838825106000000000e+09
5.555123532845444970e+03 4.275506760000000000e+08
5.498274164421285604e+03 3.036301841000000000e+09
5.516213140621404818e+03 1.362853080000000000e+09
5.578366766601185191e+03 3.033113095000000000e+09
5.547305974898558816e+03 2.341701825000000000e+09
5.530692297321452315e+03 3.456528065000000000e+09
5.537289044043232934e+03 3.797752195000000000e+09
5.569598981777749941e+03 3.584773229000000000e+09
5.595677924326983884e+03 3.053941226000000000e+09
5.614285269097048513e+03 4.136105270000000000e+09
5.565043573964230745e+03 3.550813073000000000e+09
5.534513935388368736e+03 2.555484625000000000e+09
5.553025046124991604e+03 1.361279363000000000e+09
5.588404459359479915e+03 3.986055698000000000e+09
5.600640396089997012e+03 2.971171941000000000e+09
5.532235098630239008e+03 1.508892182000000000e+09
5.590588661449733991e+03 2.653145932000000000e+09
5.561924592814068092e+03 2.496237843000000000e+09
5.572316044911037352e+03 3.178668084000000000e+09
5.523580273068450879e+03 3.715621233000000000e+09
5.579386679076415930e+03 4.019727052000000000e+09
5.518460546047688695e+03 3.446049350000000000e+09
5.601635333685812839e+03 2.119689819000000000e+09
5.558431244943716592e+03 2.381656205000000000e+09
5.544842251801397651e+03 3.440192140000000000e+08
5.557282692641247195e+03 3.010851764000000000e+09
5.599192922740583526e+03 3.367495902000000000e+09
5.590322295405145269e+03 1.533129450000000000e+09
5.622125013243417015e+03 2.198398724000000000e+09
5.572511951861166381e+03 2.593774641000000000e+09
5.559727553661221464e+03 9.923266200000000000e+08
5.515900247474908610e+03 3.807467076000000000e+09
5.538882401678134556e+03 5.970873730000000000e+08
5.538161224749126632e+03 4.062750654000000000e+09
5.576302656485493571e+03 1.334972285000000000e+09
5.555391997037098918e+03 1.868429823000000000e+09
5.446884143020901320e+03 3.464825308000000000e+09
5.525590145914459754e+03 2.259259490000000000e+08
5.411912290223188393e+03 7.970086450000000000e+08
5.561214871170634069e+03 3.038929722000000000e+09
5.613225457793017995e+03 3.479676516000000000e+09
5.567948554144363698e+03 6.931742420000000000e+08
5.594724938174750605e+03 2.021643166000000000e+09
5.552826171359505679e+03 4.152483502000000000e+09
5.535650065110599826e+03 2.567080650000000000e+08
5.599889978775338022e+03 3.426189810000000000e+09
5.519515700154144724e+03 1.408863975000000000e+09
5.585165882485150178e+03 3.019681369000000000e+09
5.548550967809420399e+03 4.081742200000000000e+09
5.557846049541007233e+03 6.054104240000000000e+08
5.574253027783608559e+03 2.853207073000000000e+09
5.549724640860510590e+03 2.212590468000000000e+09
5.554332047498593056e+03 3.400419976000000000e+09
5.535798217997607935e+03 4.058874840000000000e+09
5.557652642797924273e+03 3.157027541000000000e+09
5.589296834112740726e+03 3.638802022000000000e+09
5.570640443154865352e+03 3.108752750000000000e+09
5.552557658438417093e+03 4.209743018000000000e+09
5.528004817324384931e+03 1.102490144000000000e+09
5.510254016234732262e+03 3.292574409000000000e+09
5.577742831690266030e+03 3.632259980000000000e+09
5.552894639128252493e+03 3.265330824000000000e+09
5.618174528432165062e+03 3.471229810000000000e+08
5.580480507488888179e+03 1.199478899000000000e+09
5.413494169406008950e+03 1.394399422000000000e+09
5.632188326960535960e+03 1.257555785000000000e+09
5.561992630672541054e+03 1.735036670000000000e+09
5.534460147159642474e+03 1.246576120000000000e+08
5.516243972936811588e+03 1.708842789000000000e+09
5.587965472112565294e+03 2.049530263000000000e+09
