# total 	 kin 	 lens
6.595740677740769570e+03 -6.229782194849170729e+00 6.601970459935619147e+03
6.620492655975631351e+03 -4.872954939734881918e+00 6.625365610915366233e+03
6.620492657711032734e+03 -4.872954939734881918e+00 6.625365612650767616e+03
6.620492657711032734e+03 -4.872954939734881918e+00 6.625365612650767616e+03
6.620492656003199045e+03 -4.872954939734881918e+00 6.625365610942933927e+03
6.620492656427355541e+03 -4.872954939734881918e+00 6.625365611367090423e+03
6.620492656427355541e+03 -4.872954939734881918e+00 6.625365611367090423e+03
6.620492656427355541e+03 -4.872954939734881918e+00 6.625365611367090423e+03
6.620492656427355541e+03 -4.872954939734881918e+00 6.625365611367090423e+03
6.620492655975631351e+03 -4.872954939734881918e+00 6.625365610915366233e+03
6.620492656427355541e+03 -4.872954939734881918e+00 6.625365611367090423e+03
6.620492656427355541e+03 -4.872954939734881918e+00 6.625365611367090423e+03
6.620492656427355541e+03 -4.872954939734881918e+00 6.625365611367090423e+03
6.620492656427355541e+03 -4.872954939734881918e+00 6.625365611367090423e+03
6.620492657373961265e+03 -4.872954939734881918e+00 6.625365612313696147e+03
6.620492656003199045e+03 -4.872954939734881918e+00 6.625365610942933927e+03
6.624212193284401110e+03 -4.873103329690897212e+00 6.629085296614091931e+03
6.624212193392193512e+03 -4.873103329690897212e+00 6.629085296721884333e+03
6.624212193641827071e+03 -4.873103329690897212e+00 6.629085296971517892e+03
6.624212193641827071e+03 -4.873103329690897212e+00 6.629085296971517892e+03
6.624212193481179384e+03 -4.873103329690897212e+00 6.629085296810870204e+03
6.624212193284401110e+03 -4.873103329690897212e+00 6.629085296614091931e+03
6.624212193641827071e+03 -4.873103329690897212e+00 6.629085296971517892e+03
6.624212193641827071e+03 -4.873103329690897212e+00 6.629085296971517892e+03
6.609915444616470268e+03 -4.917141829906985784e+00 6.614832586446376808e+03
6.609915444616531204e+03 -4.917141829906985784e+00 6.614832586446437745e+03
6.609915445453705615e+03 -4.917141829906985784e+00 6.614832587283612156e+03
6.609915444616470268e+03 -4.917141829906985784e+00 6.614832586446376808e+03
6.609915445861879562e+03 -4.917141829906985784e+00 6.614832587691786102e+03
6.609915444616531204e+03 -4.917141829906985784e+00 6.614832586446437745e+03
6.609915444616470268e+03 -4.917141829906985784e+00 6.614832586446376808e+03
6.609915445861879562e+03 -4.917141829906985784e+00 6.614832587691786102e+03
6.616389329349413856e+03 -4.938857910289523367e+00 6.621328187259703554e+03
6.616389327173072161e+03 -4.938857910289523367e+00 6.621328185083361859e+03
6.616389327173072161e+03 -4.938857910289523367e+00 6.621328185083361859e+03
6.616389327173072161e+03 -4.938857910289523367e+00 6.621328185083361859e+03
6.622550729895280710e+03 -4.947513012534695775e+00 6.627498242907815438e+03
6.622550731326219648e+03 -4.947513012534695775e+00 6.627498244338754375e+03
6.622550731860451378e+03 -4.947513012534695775e+00 6.627498244872986106e+03
6.612795347233914981e+03 -4.969206844147823432e+00 6.617764554078063156e+03
6.612795345320580054e+03 -4.969206844147823432e+00 6.617764552164728229e+03
6.622761134327736727e+03 -4.977104098842509927e+00 6.627738238426579301e+03
6.611938286782909017e+03 -4.981536919696591958e+00 6.616919823702605754e+03
6.611938288258149441e+03 -4.981536919696591958e+00 6.616919825177846178e+03
6.611938288258149441e+03 -4.981536919696591958e+00 6.616919825177846178e+03
6.611938286782909017e+03 -4.981536919696591958e+00 6.616919823702605754e+03
6.611938288258149441e+03 -4.981536919696591958e+00 6.616919825177846178e+03
6.617355884471828176e+03 -4.992004494058918773e+00 6.622347888965887250e+03
6.617355884471828176e+03 -4.992004494058918773e+00 6.622347888965887250e+03
6.617355884471828176e+03 -4.992004494058918773e+00 6.622347888965887250e+03
6.617355885697734266e+03 -4.992004494058918773e+00 6.622347890191793340e+03
6.624032503782728782e+03 -5.045649145110469469e+00 6.629078152927839255e+03
6.624032502714240763e+03 -5.045649145110469469e+00 6.629078151859351237e+03
6.624032502603276953e+03 -5.045649145110469469e+00 6.629078151748387427e+03
6.624032503811206880e+03 -5.045649145110469469e+00 6.629078152956317354e+03
6.624032502714240763e+03 -5.045649145110469469e+00 6.629078151859351237e+03
6.624032501573058653e+03 -5.045649145110469469e+00 6.629078150718169127e+03
6.624032503918603652e+03 -5.045649145110469469e+00 6.629078153063714126e+03
6.624032501502301784e+03 -5.045649145110469469e+00 6.629078150647412258e+03
6.624032503918603652e+03 -5.045649145110469469e+00 6.629078153063714126e+03
6.624032501573058653e+03 -5.045649145110469469e+00 6.629078150718169127e+03
6.624032502603276953e+03 -5.045649145110469469e+00 6.629078151748387427e+03
6.624032502603276953e+03 -5.045649145110469469e+00 6.629078151748387427e+03
6.621037456312826180e+03 -5.066619900063958681e+00 6.626104076212890504e+03
6.621037456728717189e+03 -5.066619900063958681e+00 6.626104076628781513e+03
6.621037456728717189e+03 -5.066619900063958681e+00 6.626104076628781513e+03
6.621037456312826180e+03 -5.066619900063958681e+00 6.626104076212890504e+03
6.622069032117845381e+03 -5.067397795464291477e+00 6.627136429913309257e+03
6.622069032443007927e+03 -5.067397795464291477e+00 6.627136430238471803e+03
6.622069031942211041e+03 -5.067397795464291477e+00 6.627136429737674916e+03
6.622069032117845381e+03 -5.067397795464291477e+00 6.627136429913309257e+03
6.622069031942211041e+03 -5.067397795464291477e+00 6.627136429737674916e+03
6.622069031942211041e+03 -5.067397795464291477e+00 6.627136429737674916e+03
6.619280285311846455e+03 -5.076448021369561303e+00 6.624356733333215743e+03
6.619280285314383946e+03 -5.076448021369561303e+00 6.624356733335753233e+03
6.619280285397155239e+03 -5.076448021369561303e+00 6.624356733418524527e+03
6.619280285339591501e+03 -5.076448021369561303e+00 6.624356733360960789e+03
6.619280286429999251e+03 -5.076448021369561303e+00 6.624356734451368538e+03
6.618499488726348318e+03 -5.089661386331940207e+00 6.623589150112679818e+03
6.618499488726348318e+03 -5.089661386331940207e+00 6.623589150112679818e+03
6.625154470551928171e+03 -5.089662552814234076e+00 6.630244133104742104e+03
6.625154471537663085e+03 -5.089662552814234076e+00 6.630244134090477019e+03
6.625154470690816197e+03 -5.089662552814234076e+00 6.630244133243630131e+03
6.625154468909816387e+03 -5.089662552814234076e+00 6.630244131462630321e+03
6.625154468747882675e+03 -5.089662552814234076e+00 6.630244131300696608e+03
6.610505726289589802e+03 -5.096202907135054971e+00 6.615601929196724996e+03
6.610505727161807044e+03 -5.096202907135054971e+00 6.615601930068942238e+03
6.610505726344003961e+03 -5.096202907135054971e+00 6.615601929251139154e+03
6.610505726344003961e+03 -5.096202907135054971e+00 6.615601929251139154e+03
6.610505727427412239e+03 -5.096202907135054971e+00 6.615601930334547433e+03
6.610505727427412239e+03 -5.096202907135054971e+00 6.615601930334547433e+03
6.610505727427412239e+03 -5.096202907135054971e+00 6.615601930334547433e+03
6.619703423655006191e+03 -5.097741946538009827e+00 6.624801165601544199e+03
6.619703423622586342e+03 -5.097741946538009827e+00 6.624801165569124350e+03
6.619703423860837574e+03 -5.097741946538009827e+00 6.624801165807375583e+03
6.619703423655006191e+03 -5.097741946538009827e+00 6.624801165601544199e+03
6.621410581495077167e+03 -5.108737081269831393e+00 6.626519318576347359e+03
6.621410581495077167e+03 -5.108737081269831393e+00 6.626519318576347359e+03
6.621410579928279731e+03 -5.108737081269831393e+00 6.626519317009549923e+03
6.621410580210583248e+03 -5.108737081269831393e+00 6.626519317291853440e+03
6.621410580624047725e+03 -5.108737081269831393e+00 6.626519317705317917e+03
6.621410580624047725e+03 -5.108737081269831393e+00 6.626519317705317917e+03
6.621410579928279731e+03 -5.108737081269831393e+00 6.626519317009549923e+03
6.621410581495077167e+03 -5.108737081269831393e+00 6.626519318576347359e+03
6.621410579928279731e+03 -5.108737081269831393e+00 6.626519317009549923e+03
6.621410580624047725e+03 -5.108737081269831393e+00 6.626519317705317917e+03
6.621410581495077167e+03 -5.108737081269831393e+00 6.626519318576347359e+03
6.621410581495077167e+03 -5.108737081269831393e+00 6.626519318576347359e+03
6.621410581495077167e+03 -5.108737081269831393e+00 6.626519318576347359e+03
6.621410580624047725e+03 -5.108737081269831393e+00 6.626519317705317917e+03
6.621410580862266215e+03 -5.108737081269831393e+00 6.626519317943536407e+03
6.621410580624047725e+03 -5.108737081269831393e+00 6.626519317705317917e+03
6.621410580624047725e+03 -5.108737081269831393e+00 6.626519317705317917e+03
6.615696034405500541e+03 -5.110240108949598792e+00 6.620806274514449797e+03
6.615696034405500541e+03 -5.110240108949598792e+00 6.620806274514449797e+03
6.615696032743681826e+03 -5.110240108949598792e+00 6.620806272852631082e+03
6.611817879186143728e+03 -5.110404102305677654e+00 6.616928283288449165e+03
6.611817878427590585e+03 -5.110404102305677654e+00 6.616928282529896023e+03
6.611817878427590585e+03 -5.110404102305677654e+00 6.616928282529896023e+03
6.611817879186143728e+03 -5.110404102305677654e+00 6.616928283288449165e+03
6.611817879186143728e+03 -5.110404102305677654e+00 6.616928283288449165e+03
6.611817878099920563e+03 -5.110404102305677654e+00 6.616928282202226001e+03
6.611817878466134971e+03 -5.110404102305677654e+00 6.616928282568440409e+03
6.623727650704292500e+03 -5.114645414914245514e+00 6.628842296119206367e+03
6.623727650528003323e+03 -5.114645414914245514e+00 6.628842295942917190e+03
6.623727651239657462e+03 -5.114645414914245514e+00 6.628842296654571328e+03
6.623727650865659598e+03 -5.114645414914245514e+00 6.628842296280573464e+03
6.623727651283887099e+03 -5.114645414914245514e+00 6.628842296698800965e+03
6.623727650270572667e+03 -5.114645414914245514e+00 6.628842295685486533e+03
6.623727650270572667e+03 -5.114645414914245514e+00 6.628842295685486533e+03
6.623727650270572667e+03 -5.114645414914245514e+00 6.628842295685486533e+03
6.623727650270572667e+03 -5.114645414914245514e+00 6.628842295685486533e+03
6.623727650270572667e+03 -5.114645414914245514e+00 6.628842295685486533e+03
6.623727651283887099e+03 -5.114645414914245514e+00 6.628842296698800965e+03
6.623727651239657462e+03 -5.114645414914245514e+00 6.628842296654571328e+03
6.623727650704292500e+03 -5.114645414914245514e+00 6.628842296119206367e+03
6.616432020803815249e+03 -5.123489557691960350e+00 6.621555510361507004e+03
6.616432020803815249e+03 -5.123489557691960350e+00 6.621555510361507004e+03
6.616432020803815249e+03 -5.123489557691960350e+00 6.621555510361507004e+03
6.616432019125531042e+03 -5.123489557691960350e+00 6.621555508683222797e+03
6.616432019167323233e+03 -5.123489557691960350e+00 6.621555508725014988e+03
6.616432019107808628e+03 -5.123489557691960350e+00 6.621555508665500383e+03
6.616432019048672373e+03 -5.123489557691960350e+00 6.621555508606364128e+03
6.616432020803815249e+03 -5.123489557691960350e+00 6.621555510361507004e+03
6.616432019107808628e+03 -5.123489557691960350e+00 6.621555508665500383e+03
6.616432020803815249e+03 -5.123489557691960350e+00 6.621555510361507004e+03
6.616432020803815249e+03 -5.123489557691960350e+00 6.621555510361507004e+03
6.634006115812345342e+03 -5.134001554911764131e+00 6.639140117367257517e+03
6.634006116748036220e+03 -5.134001554911764131e+00 6.639140118302948395e+03
6.634006115812345342e+03 -5.134001554911764131e+00 6.639140117367257517e+03
6.634006114782612713e+03 -5.134001554911764131e+00 6.639140116337524887e+03
6.634006114776672803e+03 -5.134001554911764131e+00 6.639140116331584977e+03
6.634006116761436715e+03 -5.134001554911764131e+00 6.639140118316348889e+03
6.634006116748036220e+03 -5.134001554911764131e+00 6.639140118302948395e+03
6.611803258333876329e+03 -5.143431046402062279e+00 6.616946689380278258e+03
6.611803257782121364e+03 -5.143431046402062279e+00 6.616946688828523293e+03
6.611803257883855622e+03 -5.143431046402062279e+00 6.616946688930257551e+03
6.611803257883855622e+03 -5.143431046402062279e+00 6.616946688930257551e+03
6.623189067043404975e+03 -5.153972372629831433e+00 6.628343039416035026e+03
6.623189065760545418e+03 -5.153972372629831433e+00 6.628343038133175469e+03
6.623189064470707308e+03 -5.153972372629831433e+00 6.628343036843337359e+03
6.623189067043404975e+03 -5.153972372629831433e+00 6.628343039416035026e+03
6.623189067546398292e+03 -5.153972372629831433e+00 6.628343039919028342e+03
6.623189067043404975e+03 -5.153972372629831433e+00 6.628343039416035026e+03
6.623189067546398292e+03 -5.153972372629831433e+00 6.628343039919028342e+03
6.623189067546398292e+03 -5.153972372629831433e+00 6.628343039919028342e+03
6.623189065760545418e+03 -5.153972372629831433e+00 6.628343038133175469e+03
6.623189065760545418e+03 -5.153972372629831433e+00 6.628343038133175469e+03
6.623189065704965287e+03 -5.153972372629831433e+00 6.628343038077595338e+03
6.623189065704965287e+03 -5.153972372629831433e+00 6.628343038077595338e+03
6.623189064470707308e+03 -5.153972372629831433e+00 6.628343036843337359e+03
6.623189067546398292e+03 -5.153972372629831433e+00 6.628343039919028342e+03
6.623189066701378579e+03 -5.153972372629831433e+00 6.628343039074008630e+03
6.623189064470707308e+03 -5.153972372629831433e+00 6.628343036843337359e+03
6.623189067546398292e+03 -5.153972372629831433e+00 6.628343039919028342e+03
6.623189067546398292e+03 -5.153972372629831433e+00 6.628343039919028342e+03
6.616631603073321457e+03 -5.157334191761849596e+00 6.621788937265083405e+03
6.616631602887779081e+03 -5.157334191761849596e+00 6.621788937079541029e+03
6.627771263189186357e+03 -5.157844711678623462e+00 6.632929107900865347e+03
6.627771263062815706e+03 -5.157844711678623462e+00 6.632929107774494696e+03
6.614517601834932066e+03 -5.164712721573431864e+00 6.619682314556505844e+03
6.631054921148331232e+03 -5.181876663065216881e+00 6.636236797811396173e+03
6.631054922627904489e+03 -5.181876663065216881e+00 6.636236799290969429e+03
6.631054922627904489e+03 -5.181876663065216881e+00 6.636236799290969429e+03
6.631054922627904489e+03 -5.181876663065216881e+00 6.636236799290969429e+03
6.631054921148331232e+03 -5.181876663065216881e+00 6.636236797811396173e+03
6.631054922415413785e+03 -5.181876663065216881e+00 6.636236799078478725e+03
6.631054921148331232e+03 -5.181876663065216881e+00 6.636236797811396173e+03
6.631054920679459428e+03 -5.181876663065216881e+00 6.636236797342524369e+03
6.631054922245990383e+03 -5.181876663065216881e+00 6.636236798909055324e+03
6.631054921325351643e+03 -5.181876663065216881e+00 6.636236797988416583e+03
6.631054921325351643e+03 -5.181876663065216881e+00 6.636236797988416583e+03
6.631054922627904489e+03 -5.181876663065216881e+00 6.636236799290969429e+03
6.631054921325351643e+03 -5.181876663065216881e+00 6.636236797988416583e+03
6.622009483268492659e+03 -5.185351291573935484e+00 6.627194834560066738e+03
6.622009483268492659e+03 -5.185351291573935484e+00 6.627194834560066738e+03
6.622009484806276305e+03 -5.185351291573935484e+00 6.627194836097850384e+03
6.622009484856718700e+03 -5.185351291573935484e+00 6.627194836148292779e+03
6.622009483268492659e+03 -5.185351291573935484e+00 6.627194834560066738e+03
6.622009484655250162e+03 -5.185351291573935484e+00 6.627194835946824242e+03
6.622009483268492659e+03 -5.185351291573935484e+00 6.627194834560066738e+03
6.622009483268492659e+03 -5.185351291573935484e+00 6.627194834560066738e+03
6.622009483417174124e+03 -5.185351291573935484e+00 6.627194834708748203e+03
6.622009483268492659e+03 -5.185351291573935484e+00 6.627194834560066738e+03
6.622009483268492659e+03 -5.185351291573935484e+00 6.627194834560066738e+03
6.622009483417174124e+03 -5.185351291573935484e+00 6.627194834708748203e+03
6.622009483417174124e+03 -5.185351291573935484e+00 6.627194834708748203e+03
6.622009483268492659e+03 -5.185351291573935484e+00 6.627194834560066738e+03
6.622009483268492659e+03 -5.185351291573935484e+00 6.627194834560066738e+03
6.622009483268492659e+03 -5.185351291573935484e+00 6.627194834560066738e+03
6.622009484856718700e+03 -5.185351291573935484e+00 6.627194836148292779e+03
6.622009483417174124e+03 -5.185351291573935484e+00 6.627194834708748203e+03
6.612635487637368897e+03 -5.189357131474963580e+00 6.617824844768843832e+03
6.612635486905336620e+03 -5.189357131474963580e+00 6.617824844036811555e+03
6.612635487686056877e+03 -5.189357131474963580e+00 6.617824844817531812e+03
6.612635487637368897e+03 -5.189357131474963580e+00 6.617824844768843832e+03
6.612635487744907550e+03 -5.189357131474963580e+00 6.617824844876382485e+03
6.612635486905336620e+03 -5.189357131474963580e+00 6.617824844036811555e+03
6.612635487744907550e+03 -5.189357131474963580e+00 6.617824844876382485e+03
6.612635486905336620e+03 -5.189357131474963580e+00 6.617824844036811555e+03
6.604692920112399406e+03 -5.206708893308188202e+00 6.609899629005707538e+03
6.629123377443385834e+03 -5.207707682948300665e+00 6.634331085126334074e+03
6.622239448170882497e+03 -5.219545428065044845e+00 6.627458993598947927e+03
6.622239447646566987e+03 -5.219545428065044845e+00 6.627458993074632417e+03
6.622239447646566987e+03 -5.219545428065044845e+00 6.627458993074632417e+03
6.622239448170882497e+03 -5.219545428065044845e+00 6.627458993598947927e+03
6.622239447646566987e+03 -5.219545428065044845e+00 6.627458993074632417e+03
6.622239448258294033e+03 -5.219545428065044845e+00 6.627458993686359463e+03
6.622239447128423308e+03 -5.219545428065044845e+00 6.627458992556488738e+03
6.622239446796221273e+03 -5.219545428065044845e+00 6.627458992224286703e+03
6.622239446796221273e+03 -5.219545428065044845e+00 6.627458992224286703e+03
6.622239447646566987e+03 -5.219545428065044845e+00 6.627458993074632417e+03
6.622239447646566987e+03 -5.219545428065044845e+00 6.627458993074632417e+03
6.622239447260783891e+03 -5.219545428065044845e+00 6.627458992688849321e+03
6.622239447646566987e+03 -5.219545428065044845e+00 6.627458993074632417e+03
6.622239448258294033e+03 -5.219545428065044845e+00 6.627458993686359463e+03
6.622239446796221273e+03 -5.219545428065044845e+00 6.627458992224286703e+03
6.622239446796221273e+03 -5.219545428065044845e+00 6.627458992224286703e+03
6.628425917211307024e+03 -5.220203426756134135e+00 6.633646120638062712e+03
6.628425917393593409e+03 -5.220203426756134135e+00 6.633646120820349097e+03
6.628425917273385494e+03 -5.220203426756134135e+00 6.633646120700141182e+03
6.628425917440522426e+03 -5.220203426756134135e+00 6.633646120867278114e+03
6.621225652705245011e+03 -5.221372304181921997e+00 6.626447025009427307e+03
6.621225652336326675e+03 -5.221372304181921997e+00 6.626447024640508971e+03
6.621225652511790940e+03 -5.221372304181921997e+00 6.626447024815973236e+03
6.626861860370836439e+03 -5.230081513064927634e+00 6.632091941883901200e+03
6.626861860370836439e+03 -5.230081513064927634e+00 6.632091941883901200e+03
6.623837859090002894e+03 -5.231898884827534069e+00 6.629069757974830281e+03
6.623837858217522808e+03 -5.231898884827534069e+00 6.629069757102350195e+03
6.623837858861372297e+03 -5.231898884827534069e+00 6.629069757746199684e+03
6.623837859090002894e+03 -5.231898884827534069e+00 6.629069757974830281e+03
6.623837858725943988e+03 -5.231898884827534069e+00 6.629069757610771376e+03
6.623837858861372297e+03 -5.231898884827534069e+00 6.629069757746199684e+03
6.623837859090002894e+03 -5.231898884827534069e+00 6.629069757974830281e+03
6.623837858861372297e+03 -5.231898884827534069e+00 6.629069757746199684e+03
6.623837859090002894e+03 -5.231898884827534069e+00 6.629069757974830281e+03
6.623837859090002894e+03 -5.231898884827534069e+00 6.629069757974830281e+03
6.623837859090002894e+03 -5.231898884827534069e+00 6.629069757974830281e+03
6.623837858860304550e+03 -5.231898884827534069e+00 6.629069757745131938e+03
6.623837859313613080e+03 -5.231898884827534069e+00 6.629069758198440468e+03
6.623837859090002894e+03 -5.231898884827534069e+00 6.629069757974830281e+03
6.628309189314023570e+03 -5.244383231737399953e+00 6.633553572545761199e+03
6.628309189314023570e+03 -5.244383231737399953e+00 6.633553572545761199e+03
6.628309189190358666e+03 -5.244383231737399953e+00 6.633553572422096295e+03
6.628309189150917518e+03 -5.244383231737399953e+00 6.633553572382655148e+03
6.628309189329599576e+03 -5.244383231737399953e+00 6.633553572561337205e+03
6.632057490394606248e+03 -5.251058562147141728e+00 6.637308548956753839e+03
6.632057488979670779e+03 -5.251058562147141728e+00 6.637308547541818371e+03
6.632057489605032970e+03 -5.251058562147141728e+00 6.637308548167180561e+03
6.632057489605032970e+03 -5.251058562147141728e+00 6.637308548167180561e+03
6.632057489605032970e+03 -5.251058562147141728e+00 6.637308548167180561e+03
6.622003817904435891e+03 -5.256747248559205943e+00 6.627260565152994786e+03
6.622003817904435891e+03 -5.256747248559205943e+00 6.627260565152994786e+03
6.638687167493461857e+03 -5.258198133436044586e+00 6.643945365626897910e+03
6.616674010327460564e+03 -5.261708887478480534e+00 6.621935719214939127e+03
6.616674010327460564e+03 -5.261708887478480534e+00 6.621935719214939127e+03
6.625723726555271242e+03 -5.261814937649463175e+00 6.630985541492920675e+03
6.625723727546227565e+03 -5.261814937649463175e+00 6.630985542483876998e+03
6.625723727092125955e+03 -5.261814937649463175e+00 6.630985542029775388e+03
6.625723728104125257e+03 -5.261814937649463175e+00 6.630985543041774690e+03
6.625723727546227565e+03 -5.261814937649463175e+00 6.630985542483876998e+03
6.625723726555271242e+03 -5.261814937649463175e+00 6.630985541492920675e+03
6.625723727092125955e+03 -5.261814937649463175e+00 6.630985542029775388e+03
6.625723728104125257e+03 -5.261814937649463175e+00 6.630985543041774690e+03
6.625723727546227565e+03 -5.261814937649463175e+00 6.630985542483876998e+03
6.625723726947365321e+03 -5.261814937649463175e+00 6.630985541885014754e+03
6.620701081826673544e+03 -5.281145398914133260e+00 6.625982227225587849e+03
6.618460749449430295e+03 -5.288896715814110472e+00 6.623749646165244485e+03
6.618460749826895153e+03 -5.288896715814110472e+00 6.623749646542709343e+03
6.618460749085612406e+03 -5.288896715814110472e+00 6.623749645801426595e+03
6.618460749826895153e+03 -5.288896715814110472e+00 6.623749646542709343e+03
6.618460749826895153e+03 -5.288896715814110472e+00 6.623749646542709343e+03
6.618460749826895153e+03 -5.288896715814110472e+00 6.623749646542709343e+03
6.618460749826895153e+03 -5.288896715814110472e+00 6.623749646542709343e+03
6.618460749245466104e+03 -5.288896715814110472e+00 6.623749645961280294e+03
6.623810202855443094e+03 -5.289401933229587627e+00 6.629099604788672877e+03
6.623810202855443094e+03 -5.289401933229587627e+00 6.629099604788672877e+03
6.619677309963746666e+03 -5.289816859647102909e+00 6.624967126823394210e+03
6.619677309963746666e+03 -5.289816859647102909e+00 6.624967126823394210e+03
6.619677309553269879e+03 -5.289816859647102909e+00 6.624967126412917423e+03
6.619677309963746666e+03 -5.289816859647102909e+00 6.624967126823394210e+03
6.619677309963746666e+03 -5.289816859647102909e+00 6.624967126823394210e+03
6.619677309963746666e+03 -5.289816859647102909e+00 6.624967126823394210e+03
6.619677310072555883e+03 -5.289816859647102909e+00 6.624967126932203428e+03
6.619677310072555883e+03 -5.289816859647102909e+00 6.624967126932203428e+03
6.619677310072555883e+03 -5.289816859647102909e+00 6.624967126932203428e+03
6.619677309625308226e+03 -5.289816859647102909e+00 6.624967126484955770e+03
6.613751455900634937e+03 -5.292818696459413275e+00 6.619044274597094045e+03
6.622529856090939575e+03 -5.307100157493420234e+00 6.627836956248433125e+03
6.622529856189284146e+03 -5.307100157493420234e+00 6.627836956346777697e+03
6.622529856119172109e+03 -5.307100157493420234e+00 6.627836956276665660e+03
6.622529855985636459e+03 -5.307100157493420234e+00 6.627836956143130010e+03
6.622529856105040380e+03 -5.307100157493420234e+00 6.627836956262533931e+03
6.622529856193977139e+03 -5.307100157493420234e+00 6.627836956351470690e+03
6.622529856146643397e+03 -5.307100157493420234e+00 6.627836956304136947e+03
6.617569338905490440e+03 -5.307389028372138107e+00 6.622876727933862639e+03
6.617569337749043370e+03 -5.307389028372138107e+00 6.622876726777415570e+03
6.615226227446992198e+03 -5.308529463156762773e+00 6.620534756910148644e+03
6.615226227879226826e+03 -5.308529463156762773e+00 6.620534757342383273e+03
6.615226227942036530e+03 -5.308529463156762773e+00 6.620534757405192977e+03
6.615226227792068130e+03 -5.308529463156762773e+00 6.620534757255224577e+03
6.614191382307539243e+03 -5.338478786301985579e+00 6.619529861093841646e+03
6.622494054635369139e+03 -5.338885752480018176e+00 6.627832940387848794e+03
6.622494056137752523e+03 -5.338885752480018176e+00 6.627832941890232178e+03
6.622494054635369139e+03 -5.338885752480018176e+00 6.627832940387848794e+03
6.622494055203039352e+03 -5.338885752480018176e+00 6.627832940955519007e+03
6.622494054635369139e+03 -5.338885752480018176e+00 6.627832940387848794e+03
6.622494056137752523e+03 -5.338885752480018176e+00 6.627832941890232178e+03
6.622494054635369139e+03 -5.338885752480018176e+00 6.627832940387848794e+03
6.622494054628309641e+03 -5.338885752480018176e+00 6.627832940380789296e+03
6.622494055203039352e+03 -5.338885752480018176e+00 6.627832940955519007e+03
6.622494055877390565e+03 -5.338885752480018176e+00 6.627832941629870220e+03
6.622494055877390565e+03 -5.338885752480018176e+00 6.627832941629870220e+03
6.640762850617030381e+03 -5.342198735718508118e+00 6.646105049352749120e+03
6.615812939441760136e+03 -5.347148151344832456e+00 6.621160087593105345e+03
6.615812938830015810e+03 -5.347148151344832456e+00 6.621160086981361019e+03
6.615812939317305791e+03 -5.347148151344832456e+00 6.621160087468651000e+03
6.615812938830015810e+03 -5.347148151344832456e+00 6.621160086981361019e+03
6.621635153387150240e+03 -5.353641297372310426e+00 6.626988794684522873e+03
6.621635154035377127e+03 -5.353641297372310426e+00 6.626988795332749760e+03
6.621635153665435610e+03 -5.353641297372310426e+00 6.626988794962808242e+03
6.618273917493030240e+03 -5.354834280403713009e+00 6.623628751773433578e+03
6.618273915970063172e+03 -5.354834280403713009e+00 6.623628750250466510e+03
6.616162227698309835e+03 -5.368283436233081574e+00 6.621530511134543303e+03
6.616162227590842122e+03 -5.368283436233081574e+00 6.621530511027075590e+03
6.616162227698309835e+03 -5.368283436233081574e+00 6.621530511134543303e+03
6.616162227698309835e+03 -5.368283436233081574e+00 6.621530511134543303e+03
6.616162227562827866e+03 -5.368283436233081574e+00 6.621530510999061335e+03
6.616162227820856060e+03 -5.368283436233081574e+00 6.621530511257089529e+03
6.634300891236693133e+03 -5.373402053796523248e+00 6.639674293290489913e+03
6.634300891133062578e+03 -5.373402053796523248e+00 6.639674293186859359e+03
6.634300891236693133e+03 -5.373402053796523248e+00 6.639674293290489913e+03
6.613877057072614662e+03 -5.374025009865827762e+00 6.619251082082480934e+03
6.613877056105142401e+03 -5.374025009865827762e+00 6.619251081115008674e+03
6.613877057010893623e+03 -5.374025009865827762e+00 6.619251082020759895e+03
6.613877056881751741e+03 -5.374025009865827762e+00 6.619251081891618014e+03
6.619344787092241859e+03 -5.377909217903279249e+00 6.624722696310144784e+03
6.617320738586545303e+03 -5.378732092589228131e+00 6.622699470679134720e+03
6.628156088582840312e+03 -5.382079772430911291e+00 6.633538168355271409e+03
6.628156088582840312e+03 -5.382079772430911291e+00 6.633538168355271409e+03
6.628156087501714865e+03 -5.382079772430911291e+00 6.633538167274145962e+03
6.611784810353850844e+03 -5.386179324427443404e+00 6.617170989678278602e+03
6.611784810870688489e+03 -5.386179324427443404e+00 6.617170990195116246e+03
6.611784810353850844e+03 -5.386179324427443404e+00 6.617170989678278602e+03
6.611784811988750334e+03 -5.386179324427443404e+00 6.617170991313178092e+03
6.611784810353850844e+03 -5.386179324427443404e+00 6.617170989678278602e+03
6.613739654122165120e+03 -5.390085767908523451e+00 6.619129739890073324e+03
6.613739653770066980e+03 -5.390085767908523451e+00 6.619129739537975183e+03
6.613739654122165120e+03 -5.390085767908523451e+00 6.619129739890073324e+03
6.613739654264879391e+03 -5.390085767908523451e+00 6.619129740032787595e+03
6.626606040033267163e+03 -5.396922288745800600e+00 6.632002962322012536e+03
6.626606039031187720e+03 -5.396922288745800600e+00 6.632002961319933092e+03
6.619007300034912987e+03 -5.397805963943184793e+00 6.624405105998856016e+03
6.619007299702564524e+03 -5.397805963943184793e+00 6.624405105666507552e+03
6.606014863382659314e+03 -5.400135381020083614e+00 6.611414998763679250e+03
6.625170701300779911e+03 -5.405143967055842324e+00 6.630575845267835575e+03
6.625170701300779911e+03 -5.405143967055842324e+00 6.630575845267835575e+03
6.623983549707441853e+03 -5.415381175481629228e+00 6.629398930882923196e+03
6.623983550246328377e+03 -5.415381175481629228e+00 6.629398931421809721e+03
6.614319309471765337e+03 -5.417658913562791057e+00 6.619736968385328510e+03
6.614319308305810409e+03 -5.417658913562791057e+00 6.619736967219373582e+03
6.614319308305810409e+03 -5.417658913562791057e+00 6.619736967219373582e+03
6.614319308305810409e+03 -5.417658913562791057e+00 6.619736967219373582e+03
6.614319309023435380e+03 -5.417658913562791057e+00 6.619736967936998553e+03
6.614319309023435380e+03 -5.417658913562791057e+00 6.619736967936998553e+03
6.614319309245743170e+03 -5.417658913562791057e+00 6.619736968159306343e+03
6.619199240827872018e+03 -5.420104468562392697e+00 6.624619345296434403e+03
6.619199240827872018e+03 -5.420104468562392697e+00 6.624619345296434403e+03
6.619199241074572456e+03 -5.420104468562392697e+00 6.624619345543134841e+03
6.619199240746722353e+03 -5.420104468562392697e+00 6.624619345215284739e+03
6.619199240829347218e+03 -5.420104468562392697e+00 6.624619345297909604e+03
6.619199240829347218e+03 -5.420104468562392697e+00 6.624619345297909604e+03
6.614565026853104428e+03 -5.424849639101426035e+00 6.619989876492205440e+03
6.614565026121147639e+03 -5.424849639101426035e+00 6.619989875760248651e+03
6.614565026853104428e+03 -5.424849639101426035e+00 6.619989876492205440e+03
6.614565026105250581e+03 -5.424849639101426035e+00 6.619989875744351593e+03
6.614565026646350816e+03 -5.424849639101426035e+00 6.619989876285451828e+03
6.614565026646350816e+03 -5.424849639101426035e+00 6.619989876285451828e+03
6.614565026927706640e+03 -5.424849639101426035e+00 6.619989876566807652e+03
6.614565026180062887e+03 -5.424849639101426035e+00 6.619989875819163899e+03
6.614565026105250581e+03 -5.424849639101426035e+00 6.619989875744351593e+03
6.614565026105250581e+03 -5.424849639101426035e+00 6.619989875744351593e+03
6.620749142577509701e+03 -5.428969451005057678e+00 6.626178112028514988e+03
6.620749141690206670e+03 -5.428969451005057678e+00 6.626178111141211957e+03
6.620749142633337215e+03 -5.428969451005057678e+00 6.626178112084342501e+03
6.620749142692206988e+03 -5.428969451005057678e+00 6.626178112143212275e+03
6.620749142692206988e+03 -5.428969451005057678e+00 6.626178112143212275e+03
6.620749141690206670e+03 -5.428969451005057678e+00 6.626178111141211957e+03
6.620749142633337215e+03 -5.428969451005057678e+00 6.626178112084342501e+03
6.620749141690206670e+03 -5.428969451005057678e+00 6.626178111141211957e+03
6.616932754906415539e+03 -5.437810845759785572e+00 6.622370565752175025e+03
6.616932755253877986e+03 -5.437810845759785572e+00 6.622370566099637472e+03
6.635412979100125995e+03 -5.441044287727332396e+00 6.640854023387852976e+03
6.635412979100125995e+03 -5.441044287727332396e+00 6.640854023387852976e+03
6.635412979100125995e+03 -5.441044287727332396e+00 6.640854023387852976e+03
6.622443592377037021e+03 -5.449744335486845337e+00 6.627893336712523706e+03
6.622443593179682466e+03 -5.449744335486845337e+00 6.627893337515169151e+03
6.622443592377037021e+03 -5.449744335486845337e+00 6.627893336712523706e+03
6.622443593303827583e+03 -5.449744335486845337e+00 6.627893337639314268e+03
6.630196304520570266e+03 -5.453513365791042844e+00 6.635649817886361234e+03
6.631546576326901231e+03 -5.454031907486958985e+00 6.637000608234387983e+03
6.611482725230066535e+03 -5.456447784007066204e+00 6.616939173014073276e+03
6.611482724623241666e+03 -5.456447784007066204e+00 6.616939172407248407e+03
6.611482724456175674e+03 -5.456447784007066204e+00 6.616939172240182415e+03
6.611482724661728753e+03 -5.456447784007066204e+00 6.616939172445735494e+03
6.611482725230066535e+03 -5.456447784007066204e+00 6.616939173014073276e+03
6.611482725230066535e+03 -5.456447784007066204e+00 6.616939173014073276e+03
6.611482724456175674e+03 -5.456447784007066204e+00 6.616939172240182415e+03
6.611482725230066535e+03 -5.456447784007066204e+00 6.616939173014073276e+03
6.611482724491143017e+03 -5.456447784007066204e+00 6.616939172275149758e+03
6.611482724456175674e+03 -5.456447784007066204e+00 6.616939172240182415e+03
6.623459989622620014e+03 -5.458715290156281874e+00 6.628918704912775866e+03
6.623459990003470011e+03 -5.458715290156281874e+00 6.628918705293625862e+03
6.623459989720580779e+03 -5.458715290156281874e+00 6.628918705010736630e+03
6.619548550714434896e+03 -5.459636812139510020e+00 6.625008187526574147e+03
6.619548552415936683e+03 -5.459636812139510020e+00 6.625008189228075935e+03
6.619548552415936683e+03 -5.459636812139510020e+00 6.625008189228075935e+03
6.619548549747652942e+03 -5.459636812139510020e+00 6.625008186559792193e+03
6.619548552415936683e+03 -5.459636812139510020e+00 6.625008189228075935e+03
6.619548552415936683e+03 -5.459636812139510020e+00 6.625008189228075935e+03
6.628339418454921542e+03 -5.466764900785316961e+00 6.633806183355706708e+03
6.628339418239941551e+03 -5.466764900785316961e+00 6.633806183140726716e+03
6.628339418239941551e+03 -5.466764900785316961e+00 6.633806183140726716e+03
6.623526049050249640e+03 -5.472830784767115375e+00 6.628998879835016851e+03
6.623526048504256323e+03 -5.472830784767115375e+00 6.628998879289023535e+03
6.623526048722284031e+03 -5.472830784767115375e+00 6.628998879507051242e+03
6.623526049689357023e+03 -5.472830784767115375e+00 6.628998880474124235e+03
6.623526049689357023e+03 -5.472830784767115375e+00 6.628998880474124235e+03
6.626953978649406054e+03 -5.473799723358935054e+00 6.632427778372764806e+03
6.626953978029012433e+03 -5.473799723358935054e+00 6.632427777752371185e+03
6.626953978029012433e+03 -5.473799723358935054e+00 6.632427777752371185e+03
6.626953976580048220e+03 -5.473799723358935054e+00 6.632427776303406972e+03
6.615429622032195766e+03 -5.476821513143064202e+00 6.620906443545339243e+03
6.613446635115536992e+03 -5.478301231385858117e+00 6.618924936346922550e+03
6.613446635147121924e+03 -5.478301231385858117e+00 6.618924936378507482e+03
6.613446634351343164e+03 -5.478301231385858117e+00 6.618924935582728722e+03
6.613446634351343164e+03 -5.478301231385858117e+00 6.618924935582728722e+03
6.621964518551640140e+03 -5.479854926333300291e+00 6.627444373477973386e+03
6.621964518551640140e+03 -5.479854926333300291e+00 6.627444373477973386e+03
6.621964518551640140e+03 -5.479854926333300291e+00 6.627444373477973386e+03
6.631444281381976907e+03 -5.480548934584974496e+00 6.636924830316562293e+03
6.631444279901843402e+03 -5.480548934584974496e+00 6.636924828836428787e+03
6.630176549290196817e+03 -5.482571291447632333e+00 6.635659120581644856e+03
6.604798291383707692e+03 -5.482702338168456535e+00 6.610280993721876257e+03
6.604798291090019120e+03 -5.482702338168456535e+00 6.610280993428187685e+03
6.604798290536345121e+03 -5.482702338168456535e+00 6.610280992874513686e+03
6.604798291090019120e+03 -5.482702338168456535e+00 6.610280993428187685e+03
6.614578544177245021e+03 -5.484113968356695068e+00 6.620062658145601745e+03
6.614578544177245021e+03 -5.484113968356695068e+00 6.620062658145601745e+03
6.612836678279938496e+03 -5.485244556602799193e+00 6.618321922836541489e+03
6.623025390757184141e+03 -5.491188874777455098e+00 6.628516579631961577e+03
6.623025390450095983e+03 -5.491188874777455098e+00 6.628516579324873419e+03
6.623025390450095983e+03 -5.491188874777455098e+00 6.628516579324873419e+03
6.623025390426719241e+03 -5.491188874777455098e+00 6.628516579301496677e+03
6.623025390757184141e+03 -5.491188874777455098e+00 6.628516579631961577e+03
6.623025390155667992e+03 -5.491188874777455098e+00 6.628516579030445428e+03
6.623025390757184141e+03 -5.491188874777455098e+00 6.628516579631961577e+03
6.623025390757184141e+03 -5.491188874777455098e+00 6.628516579631961577e+03
6.623025390757184141e+03 -5.491188874777455098e+00 6.628516579631961577e+03
6.623025390450095983e+03 -5.491188874777455098e+00 6.628516579324873419e+03
6.622032888788098717e+03 -5.491511866816161103e+00 6.627524400654914643e+03
6.622032889169255213e+03 -5.491511866816161103e+00 6.627524401036071140e+03
6.622032889169255213e+03 -5.491511866816161103e+00 6.627524401036071140e+03
6.622032889169255213e+03 -5.491511866816161103e+00 6.627524401036071140e+03
6.622032889169255213e+03 -5.491511866816161103e+00 6.627524401036071140e+03
6.622032888788098717e+03 -5.491511866816161103e+00 6.627524400654914643e+03
6.622032888788098717e+03 -5.491511866816161103e+00 6.627524400654914643e+03
6.622032889169255213e+03 -5.491511866816161103e+00 6.627524401036071140e+03
6.622032888788098717e+03 -5.491511866816161103e+00 6.627524400654914643e+03
6.622032889169255213e+03 -5.491511866816161103e+00 6.627524401036071140e+03
6.622032889169255213e+03 -5.491511866816161103e+00 6.627524401036071140e+03
6.622032888732825086e+03 -5.491511866816161103e+00 6.627524400599641012e+03
6.622032888732825086e+03 -5.491511866816161103e+00 6.627524400599641012e+03
6.622032888788098717e+03 -5.491511866816161103e+00 6.627524400654914643e+03
6.622032888732825086e+03 -5.491511866816161103e+00 6.627524400599641012e+03
6.622032887699762796e+03 -5.491511866816161103e+00 6.627524399566578722e+03
6.622032889169255213e+03 -5.491511866816161103e+00 6.627524401036071140e+03
6.622032888788098717e+03 -5.491511866816161103e+00 6.627524400654914643e+03
6.622032888788098717e+03 -5.491511866816161103e+00 6.627524400654914643e+03
6.622032889169255213e+03 -5.491511866816161103e+00 6.627524401036071140e+03
6.622032889169255213e+03 -5.491511866816161103e+00 6.627524401036071140e+03
6.622032887699762796e+03 -5.491511866816161103e+00 6.627524399566578722e+03
6.622032888788098717e+03 -5.491511866816161103e+00 6.627524400654914643e+03
6.622032889169255213e+03 -5.491511866816161103e+00 6.627524401036071140e+03
6.622032889169255213e+03 -5.491511866816161103e+00 6.627524401036071140e+03
6.622032889169255213e+03 -5.491511866816161103e+00 6.627524401036071140e+03
6.622032889169255213e+03 -5.491511866816161103e+00 6.627524401036071140e+03
6.624219564137767520e+03 -5.491766263889251043e+00 6.629711330401656596e+03
6.624219563818375718e+03 -5.491766263889251043e+00 6.629711330082264794e+03
6.624219564137767520e+03 -5.491766263889251043e+00 6.629711330401656596e+03
6.624219563818375718e+03 -5.491766263889251043e+00 6.629711330082264794e+03
6.624219563818375718e+03 -5.491766263889251043e+00 6.629711330082264794e+03
6.624219563869009107e+03 -5.491766263889251043e+00 6.629711330132898183e+03
6.624219564385030935e+03 -5.491766263889251043e+00 6.629711330648920011e+03
6.612525563097849044e+03 -5.496531793410197153e+00 6.618022094891259258e+03
6.612525562755868123e+03 -5.496531793410197153e+00 6.618022094549278336e+03
6.612525562106541656e+03 -5.496531793410197153e+00 6.618022093899951869e+03
6.612525563097849044e+03 -5.496531793410197153e+00 6.618022094891259258e+03
6.612525561960731466e+03 -5.496531793410197153e+00 6.618022093754141679e+03
6.612525562939907104e+03 -5.496531793410197153e+00 6.618022094733317317e+03
6.612525563097849044e+03 -5.496531793410197153e+00 6.618022094891259258e+03
6.612525562917466232e+03 -5.496531793410197153e+00 6.618022094710876445e+03
6.612525563097849044e+03 -5.496531793410197153e+00 6.618022094891259258e+03
6.606329657467909783e+03 -5.502491400642673725e+00 6.611832148868552395e+03
6.606329657467909783e+03 -5.502491400642673725e+00 6.611832148868552395e+03
6.622295849022502807e+03 -5.503350713715484233e+00 6.627799199736218725e+03
6.622295848687448597e+03 -5.503350713715484233e+00 6.627799199401164515e+03
6.622295848583733459e+03 -5.503350713715484233e+00 6.627799199297449377e+03
6.622295849970577365e+03 -5.503350713715484233e+00 6.627799200684293282e+03
6.622295848583733459e+03 -5.503350713715484233e+00 6.627799199297449377e+03
6.622295848748208300e+03 -5.503350713715484233e+00 6.627799199461924218e+03
6.622295849970577365e+03 -5.503350713715484233e+00 6.627799200684293282e+03
6.622295849970577365e+03 -5.503350713715484233e+00 6.627799200684293282e+03
6.617899877361048311e+03 -5.504869130728204496e+00 6.623404746491776677e+03
6.615611500623223947e+03 -5.505430574602524274e+00 6.621116931197826489e+03
6.615611500206552591e+03 -5.505430574602524274e+00 6.621116930781155133e+03
6.615611500206552591e+03 -5.505430574602524274e+00 6.621116930781155133e+03
6.611513390698586591e+03 -5.508854928609906665e+00 6.617022245627196753e+03
6.611513390698586591e+03 -5.508854928609906665e+00 6.617022245627196753e+03
6.621444551870135001e+03 -5.511200898088058686e+00 6.626955752768222737e+03
6.615483276465124618e+03 -5.518210222849742053e+00 6.621001486687974648e+03
6.615483275363215398e+03 -5.518210222849742053e+00 6.621001485586065428e+03
6.615483276465124618e+03 -5.518210222849742053e+00 6.621001486687974648e+03
6.615483276465124618e+03 -5.518210222849742053e+00 6.621001486687974648e+03
6.612350447978519696e+03 -5.518989253395096384e+00 6.617869437231915072e+03
6.612350449422546262e+03 -5.518989253395096384e+00 6.617869438675941637e+03
6.612350447978519696e+03 -5.518989253395096384e+00 6.617869437231915072e+03
6.619599547732959763e+03 -5.521656250397819932e+00 6.625121203983357191e+03
6.607069562069223139e+03 -5.189968207905049091e+00 6.612259530277127851e+03
6.616481104965770101e+03 -5.524558404629173580e+00 6.622005663370398906e+03
6.634525109449114098e+03 -5.528513022994274273e+00 6.640053622472108145e+03
6.634525110337791375e+03 -5.528513022994274273e+00 6.640053623360785423e+03
6.634525110340177889e+03 -5.528513022994274273e+00 6.640053623363171937e+03
6.613132309996839467e+03 -5.537480417970130020e+00 6.618669790414809540e+03
6.613132310419886380e+03 -5.537480417970130020e+00 6.618669790837856453e+03
6.613132310510971365e+03 -5.537480417970130020e+00 6.618669790928941438e+03
6.613132310419886380e+03 -5.537480417970130020e+00 6.618669790837856453e+03
6.613132310510971365e+03 -5.537480417970130020e+00 6.618669790928941438e+03
6.613132310419886380e+03 -5.537480417970130020e+00 6.618669790837856453e+03
6.623153263088186577e+03 -5.537891785060921279e+00 6.628691154873247797e+03
6.623153263088186577e+03 -5.537891785060921279e+00 6.628691154873247797e+03
6.626404611494880555e+03 -5.548207988419857628e+00 6.631952819483300118e+03
6.626404611494880555e+03 -5.548207988419857628e+00 6.631952819483300118e+03
6.622246566311553579e+03 -5.550586655231121824e+00 6.627797152966784779e+03
6.622246566800785331e+03 -5.550586655231121824e+00 6.627797153456016531e+03
6.622246565749448564e+03 -5.550586655231121824e+00 6.627797152404679764e+03
6.622246566311553579e+03 -5.550586655231121824e+00 6.627797152966784779e+03
6.622246566846944006e+03 -5.550586655231121824e+00 6.627797153502175206e+03
6.622246566846944006e+03 -5.550586655231121824e+00 6.627797153502175206e+03
6.622246565749448564e+03 -5.550586655231121824e+00 6.627797152404679764e+03
6.622246566800785331e+03 -5.550586655231121824e+00 6.627797153456016531e+03
6.622246566311553579e+03 -5.550586655231121824e+00 6.627797152966784779e+03
6.622246566258901112e+03 -5.550586655231121824e+00 6.627797152914132312e+03
6.622246566846944006e+03 -5.550586655231121824e+00 6.627797153502175206e+03
6.622246566310835988e+03 -5.550586655231121824e+00 6.627797152966067188e+03
6.622246566846944006e+03 -5.550586655231121824e+00 6.627797153502175206e+03
6.624225467580552504e+03 -5.551725069553915759e+00 6.629777192650106372e+03
6.621978169447301298e+03 -5.552387682666578783e+00 6.627530557129967747e+03
6.621978169269103091e+03 -5.552387682666578783e+00 6.627530556951769540e+03
6.615001806414000384e+03 -5.557257856695938969e+00 6.620559064270696581e+03
6.615001805772205444e+03 -5.557257856695938969e+00 6.620559063628901640e+03
6.615001807299481698e+03 -5.557257856695938969e+00 6.620559065156177894e+03
6.615001807299481698e+03 -5.557257856695938969e+00 6.620559065156177894e+03
6.615001805772205444e+03 -5.557257856695938969e+00 6.620559063628901640e+03
6.615001805772205444e+03 -5.557257856695938969e+00 6.620559063628901640e+03
6.615001806414000384e+03 -5.557257856695938969e+00 6.620559064270696581e+03
6.615001806343620046e+03 -5.557257856695938969e+00 6.620559064200316243e+03
6.621039866185291430e+03 -5.557713896434522738e+00 6.626597580081725937e+03
6.621039866114126198e+03 -5.557713896434522738e+00 6.626597580010560705e+03
6.621039864191273409e+03 -5.557713896434522738e+00 6.626597578087707916e+03
6.621039864676053185e+03 -5.557713896434522738e+00 6.626597578572487691e+03
6.621039864677502010e+03 -5.557713896434522738e+00 6.626597578573936516e+03
6.621039864677502010e+03 -5.557713896434522738e+00 6.626597578573936516e+03
6.621039864676053185e+03 -5.557713896434522738e+00 6.626597578572487691e+03
6.621039866185291430e+03 -5.557713896434522738e+00 6.626597580081725937e+03
6.621039864677502010e+03 -5.557713896434522738e+00 6.626597578573936516e+03
6.621039864188317551e+03 -5.557713896434522738e+00 6.626597578084752058e+03
6.614212523117554156e+03 -5.563980658511309407e+00 6.619776503776065510e+03
6.614212521120897691e+03 -5.563980658511309407e+00 6.619776501779409045e+03
6.614212523117554156e+03 -5.563980658511309407e+00 6.619776503776065510e+03
6.614212523838166817e+03 -5.563980658511309407e+00 6.619776504496678172e+03
6.614212523117554156e+03 -5.563980658511309407e+00 6.619776503776065510e+03
6.614212523838166817e+03 -5.563980658511309407e+00 6.619776504496678172e+03
6.614212523117554156e+03 -5.563980658511309407e+00 6.619776503776065510e+03
6.638621673250815547e+03 -5.564943810663759649e+00 6.644186617061479410e+03
6.638621674096130846e+03 -5.564943810663759649e+00 6.644186617906794709e+03
6.616221678566132141e+03 -5.567976446884121522e+00 6.621789655013016272e+03
6.616221676892029791e+03 -5.567976446884121522e+00 6.621789653338913922e+03
6.616221678566132141e+03 -5.567976446884121522e+00 6.621789655013016272e+03
6.616221678070573034e+03 -5.567976446884121522e+00 6.621789654517457166e+03
6.626761100614467978e+03 -5.572283805956285363e+00 6.632333384420424409e+03
6.626761100300557700e+03 -5.572283805956285363e+00 6.632333384106514131e+03
6.626761099923792244e+03 -5.572283805956285363e+00 6.632333383729748675e+03
6.626761100300557700e+03 -5.572283805956285363e+00 6.632333384106514131e+03
6.626761099923792244e+03 -5.572283805956285363e+00 6.632333383729748675e+03
6.626761099923792244e+03 -5.572283805956285363e+00 6.632333383729748675e+03
6.626761100642147539e+03 -5.572283805956285363e+00 6.632333384448103970e+03
6.626761099923792244e+03 -5.572283805956285363e+00 6.632333383729748675e+03
6.626761099923792244e+03 -5.572283805956285363e+00 6.632333383729748675e+03
6.630034269945601409e+03 -5.572462049115430638e+00 6.635606731994716938e+03
6.630034269120908903e+03 -5.572462049115430638e+00 6.635606731170024432e+03
6.630034270184772140e+03 -5.572462049115430638e+00 6.635606732233887669e+03
6.630034269120908903e+03 -5.572462049115430638e+00 6.635606731170024432e+03
6.630034269941740604e+03 -5.572462049115430638e+00 6.635606731990856133e+03
6.630034269944332664e+03 -5.572462049115430638e+00 6.635606731993448193e+03
6.630034270184772140e+03 -5.572462049115430638e+00 6.635606732233887669e+03
6.630034270184772140e+03 -5.572462049115430638e+00 6.635606732233887669e+03
6.630034269120908903e+03 -5.572462049115430638e+00 6.635606731170024432e+03
6.630034270184772140e+03 -5.572462049115430638e+00 6.635606732233887669e+03
6.630034270184772140e+03 -5.572462049115430638e+00 6.635606732233887669e+03
6.630034269944332664e+03 -5.572462049115430638e+00 6.635606731993448193e+03
6.630034269944332664e+03 -5.572462049115430638e+00 6.635606731993448193e+03
6.630034269120908903e+03 -5.572462049115430638e+00 6.635606731170024432e+03
6.630034269941740604e+03 -5.572462049115430638e+00 6.635606731990856133e+03
6.619836142454077162e+03 -5.575154368907941915e+00 6.625411296822984696e+03
6.619836142571743949e+03 -5.575154368907941915e+00 6.625411296940651482e+03
6.620121824171826120e+03 -5.575787067507138595e+00 6.625697611239333128e+03
6.634002052159747109e+03 -5.582202657552910452e+00 6.639584254817300462e+03
6.634002052837378869e+03 -5.582202657552910452e+00 6.639584255494932222e+03
6.634002053056447039e+03 -5.582202657552910452e+00 6.639584255714000392e+03
6.619371224763141072e+03 -5.586709627875901418e+00 6.624957934391017261e+03
6.619371224763141072e+03 -5.586709627875901418e+00 6.624957934391017261e+03
6.619371225492756821e+03 -5.586709627875901418e+00 6.624957935120633010e+03
6.622606618359499407e+03 -5.588114073260236125e+00 6.628194732432759338e+03
6.622606619374363618e+03 -5.588114073260236125e+00 6.628194733447623548e+03
6.622606618378515122e+03 -5.588114073260236125e+00 6.628194732451775053e+03
6.622606619374363618e+03 -5.588114073260236125e+00 6.628194733447623548e+03
6.622606618424617409e+03 -5.588114073260236125e+00 6.628194732497877339e+03
6.622606618424617409e+03 -5.588114073260236125e+00 6.628194732497877339e+03
6.622606618359499407e+03 -5.588114073260236125e+00 6.628194732432759338e+03
6.614952735358195241e+03 -5.588324240494239703e+00 6.620541059598689571e+03
6.614952735358195241e+03 -5.588324240494239703e+00 6.620541059598689571e+03
6.614952735215059874e+03 -5.588324240494239703e+00 6.620541059455554205e+03
6.614192155051024201e+03 -5.594482371623113792e+00 6.619786637422646891e+03
6.614192155165800614e+03 -5.594482371623113792e+00 6.619786637537423303e+03
6.614192155165800614e+03 -5.594482371623113792e+00 6.619786637537423303e+03
6.616020895700422443e+03 -5.595035509364068460e+00 6.621615931209786140e+03
6.616020894738328934e+03 -5.595035509364068460e+00 6.621615930247692631e+03
6.616428403964777317e+03 -5.600705685123197775e+00 6.622029109649900420e+03
6.616428403855612487e+03 -5.600705685123197775e+00 6.622029109540735590e+03
6.616428403417318805e+03 -5.600705685123197775e+00 6.622029109102441907e+03
6.616428403964777317e+03 -5.600705685123197775e+00 6.622029109649900420e+03
6.616428403418174639e+03 -5.600705685123197775e+00 6.622029109103297742e+03
6.615331642379863297e+03 -5.605258031247674744e+00 6.620936900411111310e+03
6.615331641785672218e+03 -5.605258031247674744e+00 6.620936899816920231e+03
6.615331641898822454e+03 -5.605258031247674744e+00 6.620936899930070467e+03
6.615331641898822454e+03 -5.605258031247674744e+00 6.620936899930070467e+03
6.615331642379863297e+03 -5.605258031247674744e+00 6.620936900411111310e+03
6.615331641744405715e+03 -5.605258031247674744e+00 6.620936899775653728e+03
6.623320879191704989e+03 -5.611507480782156776e+00 6.628932386672487155e+03
6.623320877824463423e+03 -5.611507480782156776e+00 6.628932385305245589e+03
6.623320878968272154e+03 -5.611507480782156776e+00 6.628932386449054320e+03
6.623320878803370761e+03 -5.611507480782156776e+00 6.628932386284152926e+03
6.623320879191704989e+03 -5.611507480782156776e+00 6.628932386672487155e+03
6.623320878803370761e+03 -5.611507480782156776e+00 6.628932386284152926e+03
6.623320878803370761e+03 -5.611507480782156776e+00 6.628932386284152926e+03
6.623320878803370761e+03 -5.611507480782156776e+00 6.628932386284152926e+03
6.623320879323610825e+03 -5.611507480782156776e+00 6.628932386804392991e+03
6.623320879191704989e+03 -5.611507480782156776e+00 6.628932386672487155e+03
6.623320879191704989e+03 -5.611507480782156776e+00 6.628932386672487155e+03
6.627356049942089157e+03 -5.619736941973095590e+00 6.632975786884062472e+03
6.617552858641968669e+03 -5.620607583248894201e+00 6.623173466225217453e+03
6.617552858683657178e+03 -5.620607583248894201e+00 6.623173466266905962e+03
6.617552858872069919e+03 -5.620607583248894201e+00 6.623173466455318703e+03
6.617552858744447803e+03 -5.620607583248894201e+00 6.623173466327696588e+03
6.626146551166505560e+03 -5.627328574844282727e+00 6.631773879741349447e+03
6.624168747504406383e+03 -5.633902100413751945e+00 6.629802649604820544e+03
6.629140705811312728e+03 -5.635191208575132116e+00 6.634775897019887452e+03
6.629140706088287516e+03 -5.635191208575132116e+00 6.634775897296862240e+03
6.642970143229099449e+03 -5.636568763721575337e+00 6.648606711992821147e+03
6.642970143586935592e+03 -5.636568763721575337e+00 6.648606712350657290e+03
6.642970142842853420e+03 -5.636568763721575337e+00 6.648606711606575118e+03
6.628239569135439524e+03 -5.639784023638025445e+00 6.633879353159077255e+03
6.628239569957473577e+03 -5.639784023638025445e+00 6.633879353981111308e+03
6.628239569120568376e+03 -5.639784023638025445e+00 6.633879353144206107e+03
6.626351196109861121e+03 -5.641494308346597819e+00 6.631992690418207530e+03
6.622322644269950615e+03 -5.641749413697724869e+00 6.627964393683648268e+03
6.622322644160442906e+03 -5.641749413697724869e+00 6.627964393574140558e+03
6.627646891790314839e+03 -5.643070278380030835e+00 6.633289962068694877e+03
6.627646891616008361e+03 -5.643070278380030835e+00 6.633289961894388398e+03
6.619683515897051620e+03 -5.645803229002552825e+00 6.625329319126054543e+03
6.612470675143700646e+03 -5.645925907054406778e+00 6.618116601050754980e+03
6.612470673547210026e+03 -5.645925907054406778e+00 6.618116599454264360e+03
6.612470675388884047e+03 -5.645925907054406778e+00 6.618116601295938381e+03
6.612470675143700646e+03 -5.645925907054406778e+00 6.618116601050754980e+03
6.612470675388884047e+03 -5.645925907054406778e+00 6.618116601295938381e+03
6.624284037441938381e+03 -5.648403489922284137e+00 6.629932440931860583e+03
6.624284036890694551e+03 -5.648403489922284137e+00 6.629932440380616754e+03
6.624284037424686176e+03 -5.648403489922284137e+00 6.629932440914608378e+03
6.624284037441938381e+03 -5.648403489922284137e+00 6.629932440931860583e+03
6.624284037012817862e+03 -5.648403489922284137e+00 6.629932440502740064e+03
6.624284036890694551e+03 -5.648403489922284137e+00 6.629932440380616754e+03
6.622331238815698271e+03 -5.648477481444793113e+00 6.627979716297142659e+03
6.622331237810036328e+03 -5.648477481444793113e+00 6.627979715291480716e+03
6.622331239256294793e+03 -5.648477481444793113e+00 6.627979716737739182e+03
6.622331238770628261e+03 -5.648477481444793113e+00 6.627979716252072649e+03
6.622331239256294793e+03 -5.648477481444793113e+00 6.627979716737739182e+03
6.619234308628061626e+03 -5.648899899253677859e+00 6.624883208527315219e+03
6.619234307059626190e+03 -5.648899899253677859e+00 6.624883206958879782e+03
6.619234308334027446e+03 -5.648899899253677859e+00 6.624883208233281039e+03
6.619234307219301627e+03 -5.648899899253677859e+00 6.624883207118555219e+03
6.619234308249101559e+03 -5.648899899253677859e+00 6.624883208148355152e+03
6.619234308628061626e+03 -5.648899899253677859e+00 6.624883208527315219e+03
6.619234308334027446e+03 -5.648899899253677859e+00 6.624883208233281039e+03
6.619234308334027446e+03 -5.648899899253677859e+00 6.624883208233281039e+03
6.619234308334027446e+03 -5.648899899253677859e+00 6.624883208233281039e+03
6.619234307453620204e+03 -5.648899899253677859e+00 6.624883207352873796e+03
6.613920768225576467e+03 -5.649746281955490446e+00 6.619570514507531698e+03
6.613920767960362355e+03 -5.649746281955490446e+00 6.619570514242317586e+03
6.613920768225576467e+03 -5.649746281955490446e+00 6.619570514507531698e+03
6.613920768225576467e+03 -5.649746281955490446e+00 6.619570514507531698e+03
6.613920768225576467e+03 -5.649746281955490446e+00 6.619570514507531698e+03
6.613920767960362355e+03 -5.649746281955490446e+00 6.619570514242317586e+03
6.613920768225576467e+03 -5.649746281955490446e+00 6.619570514507531698e+03
6.613920768225576467e+03 -5.649746281955490446e+00 6.619570514507531698e+03
6.613920767960362355e+03 -5.649746281955490446e+00 6.619570514242317586e+03
6.613920767960362355e+03 -5.649746281955490446e+00 6.619570514242317586e+03
6.613920767823306051e+03 -5.649746281955490446e+00 6.619570514105261282e+03
6.627061909400368677e+03 -5.652716728064741680e+00 6.632714626128433338e+03
6.627061909624752843e+03 -5.652716728064741680e+00 6.632714626352817504e+03
6.628261286195504908e+03 -5.653925647540478217e+00 6.633915211843045654e+03
6.628261286453323009e+03 -5.653925647540478217e+00 6.633915212100863755e+03
6.628261286453323009e+03 -5.653925647540478217e+00 6.633915212100863755e+03
6.621626121381925259e+03 -5.661333300386775846e+00 6.627287454682312273e+03
6.621626121381925259e+03 -5.661333300386775846e+00 6.627287454682312273e+03
6.622720349775972863e+03 -5.662650009556915442e+00 6.628382999785530046e+03
6.622720351195075636e+03 -5.662650009556915442e+00 6.628383001204632819e+03
6.622720351195075636e+03 -5.662650009556915442e+00 6.628383001204632819e+03
6.622720351119168299e+03 -5.662650009556915442e+00 6.628383001128725482e+03
6.622720351119168299e+03 -5.662650009556915442e+00 6.628383001128725482e+03
6.622720349818832801e+03 -5.662650009556915442e+00 6.628382999828389984e+03
6.622720349775972863e+03 -5.662650009556915442e+00 6.628382999785530046e+03
6.626138538608955059e+03 -5.668176123015397749e+00 6.631806714731970715e+03
6.626138539256348849e+03 -5.668176123015397749e+00 6.631806715379364505e+03
6.626138538608955059e+03 -5.668176123015397749e+00 6.631806714731970715e+03
6.626138538608955059e+03 -5.668176123015397749e+00 6.631806714731970715e+03
6.618289936683040651e+03 -5.668491111842715924e+00 6.623958427794883391e+03
6.631963429569319487e+03 -5.668662530953676004e+00 6.637632092100273439e+03
6.631963429569319487e+03 -5.668662530953676004e+00 6.637632092100273439e+03
6.641773860006560426e+03 -5.671429628910288123e+00 6.647445289635470544e+03
6.641773859887452090e+03 -5.671429628910288123e+00 6.647445289516362209e+03
6.641773860249821155e+03 -5.671429628910288123e+00 6.647445289878731273e+03
6.641773859032397013e+03 -5.671429628910288123e+00 6.647445288661307131e+03
6.641773859711445766e+03 -5.671429628910288123e+00 6.647445289340355885e+03
6.617413920515259633e+03 -5.679323045814087756e+00 6.623093243561073905e+03
6.617413920515259633e+03 -5.679323045814087756e+00 6.623093243561073905e+03
6.617413920515259633e+03 -5.679323045814087756e+00 6.623093243561073905e+03
6.617413919656917642e+03 -5.679323045814087756e+00 6.623093242702731914e+03
6.617413920515259633e+03 -5.679323045814087756e+00 6.623093243561073905e+03
6.617413920180416426e+03 -5.679323045814087756e+00 6.623093243226230697e+03
6.617413919656917642e+03 -5.679323045814087756e+00 6.623093242702731914e+03
6.613758649724745737e+03 -5.682555075366473751e+00 6.619441204800112246e+03
6.613758649758961838e+03 -5.682555075366473751e+00 6.619441204834328346e+03
6.613758649901415993e+03 -5.682555075366473751e+00 6.619441204976782501e+03
6.613758650054232930e+03 -5.682555075366473751e+00 6.619441205129599439e+03
6.613758649856133161e+03 -5.682555075366473751e+00 6.619441204931499669e+03
6.613758649758961838e+03 -5.682555075366473751e+00 6.619441204834328346e+03
6.613758650054232930e+03 -5.682555075366473751e+00 6.619441205129599439e+03
6.613758649724745737e+03 -5.682555075366473751e+00 6.619441204800112246e+03
6.613758649901415993e+03 -5.682555075366473751e+00 6.619441204976782501e+03
6.613758649758961838e+03 -5.682555075366473751e+00 6.619441204834328346e+03
6.620817999827849235e+03 -5.684536041617729296e+00 6.626502535869466556e+03
6.620817999380957190e+03 -5.684536041617729296e+00 6.626502535422574510e+03
6.618547971016450902e+03 -5.684953939248676313e+00 6.624232924955699673e+03
6.618547971016450902e+03 -5.684953939248676313e+00 6.624232924955699673e+03
6.618547970973158954e+03 -5.684953939248676313e+00 6.624232924912407725e+03
6.618547970547634577e+03 -5.684953939248676313e+00 6.624232924486883348e+03
6.618547971042396966e+03 -5.684953939248676313e+00 6.624232924981645738e+03
6.618547970547634577e+03 -5.684953939248676313e+00 6.624232924486883348e+03
6.618547970547634577e+03 -5.684953939248676313e+00 6.624232924486883348e+03
6.618547971042396966e+03 -5.684953939248676313e+00 6.624232924981645738e+03
6.618547971016450902e+03 -5.684953939248676313e+00 6.624232924955699673e+03
6.618547971016450902e+03 -5.684953939248676313e+00 6.624232924955699673e+03
6.623148882369318017e+03 -5.688388021665399918e+00 6.628837270390983576e+03
6.623148883700142505e+03 -5.688388021665399918e+00 6.628837271721808065e+03
6.623910933617262344e+03 -5.689747096050199460e+00 6.629600680713312613e+03
6.623910931600285949e+03 -5.689747096050199460e+00 6.629600678696336217e+03
6.623910932732545916e+03 -5.689747096050199460e+00 6.629600679828596185e+03
6.623910933617262344e+03 -5.689747096050199460e+00 6.629600680713312613e+03
6.623910932732545916e+03 -5.689747096050199460e+00 6.629600679828596185e+03
6.623910933617262344e+03 -5.689747096050199460e+00 6.629600680713312613e+03
6.623910933617262344e+03 -5.689747096050199460e+00 6.629600680713312613e+03
6.627050823152017983e+03 -5.691463158217031193e+00 6.632742286310234704e+03
6.627050822768276703e+03 -5.691463158217031193e+00 6.632742285926493423e+03
6.627050822784964112e+03 -5.691463158217031193e+00 6.632742285943180832e+03
6.615851396504026525e+03 -5.691494041592919828e+00 6.621542890545619230e+03
6.615851398164923921e+03 -5.691494041592919828e+00 6.621542892206516626e+03
6.629265187466292446e+03 -5.691726471718758340e+00 6.634956913938010985e+03
6.631018685009452383e+03 -5.701204823971460556e+00 6.636719889833423622e+03
6.631018685219829422e+03 -5.701204823971460556e+00 6.636719890043800660e+03
6.631018684784476136e+03 -5.701204823971460556e+00 6.636719889608447374e+03
6.631018685318542339e+03 -5.701204823971460556e+00 6.636719890142513577e+03
6.631018685219829422e+03 -5.701204823971460556e+00 6.636719890043800660e+03
6.614428777745887601e+03 -5.529127741149278741e+00 6.619957905487036442e+03
6.616043618811793749e+03 -5.703284314126953802e+00 6.621746903125920653e+03
6.618669573701254194e+03 -5.703398619354777210e+00 6.624372972320608824e+03
6.618669573701254194e+03 -5.703398619354777210e+00 6.624372972320608824e+03
6.618669573097527973e+03 -5.703398619354777210e+00 6.624372971716882603e+03
6.618669572983653779e+03 -5.703398619354777210e+00 6.624372971603008409e+03
6.623819728638168272e+03 -5.711553884847493379e+00 6.629531282523015761e+03
6.618652695633763869e+03 -5.712417337312421850e+00 6.624365112971076087e+03
6.633309031717525613e+03 -5.713068781020413489e+00 6.639022100498546024e+03
6.633309031749776295e+03 -5.713068781020413489e+00 6.639022100530796706e+03
6.633309031717525613e+03 -5.713068781020413489e+00 6.639022100498546024e+03
6.633309032388429841e+03 -5.713068781020413489e+00 6.639022101169450252e+03
6.620002987969126480e+03 -5.713211972210226364e+00 6.625716199941336527e+03
6.620002986643095937e+03 -5.713211972210226364e+00 6.625716198615305984e+03
6.631271703050339056e+03 -5.715330464613223249e+00 6.636987033514952600e+03
6.623701070519190580e+03 -5.717542783549965257e+00 6.629418613302740596e+03
6.623701070522398368e+03 -5.717542783549965257e+00 6.629418613305948384e+03
6.629025326071138807e+03 -5.719756601621467595e+00 6.634745082672759963e+03
6.629025326416632197e+03 -5.719756601621467595e+00 6.634745083018253354e+03
6.629025326051779302e+03 -5.719756601621467595e+00 6.634745082653400459e+03
6.629025326363925160e+03 -5.719756601621467595e+00 6.634745082965546317e+03
6.629025326071138807e+03 -5.719756601621467595e+00 6.634745082672759963e+03
6.629025326051779302e+03 -5.719756601621467595e+00 6.634745082653400459e+03
6.629025326166886771e+03 -5.719756601621467595e+00 6.634745082768507928e+03
6.629025325916955808e+03 -5.719756601621467595e+00 6.634745082518576965e+03
6.629025326166886771e+03 -5.719756601621467595e+00 6.634745082768507928e+03
6.629025326416632197e+03 -5.719756601621467595e+00 6.634745083018253354e+03
6.629025326416632197e+03 -5.719756601621467595e+00 6.634745083018253354e+03
6.629025326071138807e+03 -5.719756601621467595e+00 6.634745082672759963e+03
6.615254141032332882e+03 -5.724593447982663008e+00 6.620978734480315325e+03
6.615254141032332882e+03 -5.724593447982663008e+00 6.620978734480315325e+03
6.618249507017914766e+03 -5.724962795885403466e+00 6.623974469813800170e+03
6.618249506596134779e+03 -5.724962795885403466e+00 6.623974469392020183e+03
6.611029579404807919e+03 -5.725205609118435568e+00 6.616754785013926266e+03
6.611029578130727714e+03 -5.725205609118435568e+00 6.616754783739846062e+03
6.619060590861317905e+03 -5.727029951848857436e+00 6.624787620813166541e+03
6.609959628351301944e+03 -5.728267100205933993e+00 6.615687895451507757e+03
6.609959627380171696e+03 -5.728267100205933993e+00 6.615687894480377508e+03
6.613682224750532441e+03 -5.733260682861928359e+00 6.619415485433394679e+03
6.613682224907587624e+03 -5.733260682861928359e+00 6.619415485590449862e+03
6.613682224626585594e+03 -5.733260682861928359e+00 6.619415485309447831e+03
6.614074909125455633e+03 -5.735890721100501466e+00 6.619810799846555710e+03
6.611667777130986906e+03 -5.745931307720819170e+00 6.617413708438707545e+03
6.611667776980592862e+03 -5.745931307720819170e+00 6.617413708288313501e+03
6.611667777228341038e+03 -5.745931307720819170e+00 6.617413708536061677e+03
6.611667776980592862e+03 -5.745931307720819170e+00 6.617413708288313501e+03
6.611667777130986906e+03 -5.745931307720819170e+00 6.617413708438707545e+03
6.611667777130986906e+03 -5.745931307720819170e+00 6.617413708438707545e+03
6.611667777130986906e+03 -5.745931307720819170e+00 6.617413708438707545e+03
6.611667777228341038e+03 -5.745931307720819170e+00 6.617413708536061677e+03
6.611667777130986906e+03 -5.745931307720819170e+00 6.617413708438707545e+03
6.611667777070411830e+03 -5.745931307720819170e+00 6.617413708378132469e+03
6.614624359764533438e+03 -5.747568531711485740e+00 6.620371928296244732e+03
6.614624359558400101e+03 -5.747568531711485740e+00 6.620371928090111396e+03
6.614624359664677286e+03 -5.747568531711485740e+00 6.620371928196388581e+03
6.608721781399229258e+03 -5.752980744142382363e+00 6.614474762143371663e+03
6.608721782240514585e+03 -5.752980744142382363e+00 6.614474762984656991e+03
6.608721781399229258e+03 -5.752980744142382363e+00 6.614474762143371663e+03
6.608721782240514585e+03 -5.752980744142382363e+00 6.614474762984656991e+03
6.608721782240514585e+03 -5.752980744142382363e+00 6.614474762984656991e+03
6.615773528568889560e+03 -5.753722034772634331e+00 6.621527250603661741e+03
6.618839831263871019e+03 -5.754173524616177815e+00 6.624594004788486927e+03
6.618839831263871019e+03 -5.754173524616177815e+00 6.624594004788486927e+03
6.618839831579880411e+03 -5.754173524616177815e+00 6.624594005104496318e+03
6.618839831579880411e+03 -5.754173524616177815e+00 6.624594005104496318e+03
6.612476735157759322e+03 -5.754877627354661129e+00 6.618231612785113612e+03
6.612476734945027601e+03 -5.754877627354661129e+00 6.618231612572381891e+03
6.612476736034667738e+03 -5.754877627354661129e+00 6.618231613662022028e+03
6.612476736484635694e+03 -5.754877627354661129e+00 6.618231614111989984e+03
6.618253104464640273e+03 -5.755472050812066698e+00 6.624008576515452660e+03
6.620162762795179333e+03 -5.760788255827230309e+00 6.625923551051006143e+03
6.607634146424719802e+03 -5.764886985685190091e+00 6.613399033410404627e+03
6.607634146552328275e+03 -5.764886985685190091e+00 6.613399033538013100e+03
6.607634146054878329e+03 -5.764886985685190091e+00 6.613399033040563154e+03
6.607634146054878329e+03 -5.764886985685190091e+00 6.613399033040563154e+03
6.607634146054878329e+03 -5.764886985685190091e+00 6.613399033040563154e+03
6.607634147292916168e+03 -5.764886985685190091e+00 6.613399034278600993e+03
6.607634147280904472e+03 -5.764886985685190091e+00 6.613399034266589297e+03
6.632439013082177553e+03 -5.768509769516539265e+00 6.638207522851694193e+03
6.632439012378754342e+03 -5.768509769516539265e+00 6.638207522148270982e+03
6.619204869669461004e+03 -5.771528631276305887e+00 6.624976398300736946e+03
6.619204869383401274e+03 -5.771528631276305887e+00 6.624976398014677216e+03
6.619204869669461004e+03 -5.771528631276305887e+00 6.624976398300736946e+03
6.619204869669461004e+03 -5.771528631276305887e+00 6.624976398300736946e+03
6.619204870153700540e+03 -5.771528631276305887e+00 6.624976398784976482e+03
6.633515971963594893e+03 -5.774267249855602913e+00 6.639290239213450150e+03
6.622809728489023655e+03 -5.779461721667300544e+00 6.628589190210690504e+03
6.622809728489023655e+03 -5.779461721667300544e+00 6.628589190210690504e+03
6.622809730013818807e+03 -5.779461721667300544e+00 6.628589191735485656e+03
6.622809728489023655e+03 -5.779461721667300544e+00 6.628589190210690504e+03
6.616408616582319155e+03 -5.780451396054128388e+00 6.622189067978373714e+03
6.616408616582319155e+03 -5.780451396054128388e+00 6.622189067978373714e+03
6.616408616037220781e+03 -5.780451396054128388e+00 6.622189067433275341e+03
6.616408616582319155e+03 -5.780451396054128388e+00 6.622189067978373714e+03
6.615238277668135197e+03 -5.782791270341555823e+00 6.621021068938476674e+03
6.615238277920836481e+03 -5.782791270341555823e+00 6.621021069191177958e+03
6.615238277920836481e+03 -5.782791270341555823e+00 6.621021069191177958e+03
6.615966899031556750e+03 -5.787763934396199517e+00 6.621754662965952775e+03
6.615966899385674878e+03 -5.787763934396199517e+00 6.621754663320070904e+03
6.615966899120336166e+03 -5.787763934396199517e+00 6.621754663054732191e+03
6.615966899120336166e+03 -5.787763934396199517e+00 6.621754663054732191e+03
6.615966899385674878e+03 -5.787763934396199517e+00 6.621754663320070904e+03
6.615966899364677374e+03 -5.787763934396199517e+00 6.621754663299073400e+03
6.615966898979595499e+03 -5.787763934396199517e+00 6.621754662913991524e+03
6.615966899385674878e+03 -5.787763934396199517e+00 6.621754663320070904e+03
6.615966899120336166e+03 -5.787763934396199517e+00 6.621754663054732191e+03
6.615966899385674878e+03 -5.787763934396199517e+00 6.621754663320070904e+03
6.615966899120336166e+03 -5.787763934396199517e+00 6.621754663054732191e+03
6.639209195433568311e+03 -5.798443179326106645e+00 6.645007638612893970e+03
6.639209195433568311e+03 -5.798443179326106645e+00 6.645007638612893970e+03
6.639209194886066143e+03 -5.798443179326106645e+00 6.645007638065391802e+03
6.616260998494004525e+03 -5.802062419822298978e+00 6.622063060913827030e+03
6.621852270114201019e+03 -5.807832744903075550e+00 6.627660102859103972e+03
6.621852270046717422e+03 -5.807832744903075550e+00 6.627660102791620375e+03
6.621852270046717422e+03 -5.807832744903075550e+00 6.627660102791620375e+03
6.621852270202584805e+03 -5.807832744903075550e+00 6.627660102947487758e+03
6.621852270046717422e+03 -5.807832744903075550e+00 6.627660102791620375e+03
6.621852270046717422e+03 -5.807832744903075550e+00 6.627660102791620375e+03
6.635446896477636074e+03 -5.811255494258044330e+00 6.641258151971894222e+03
6.635446897444049682e+03 -5.811255494258044330e+00 6.641258152938307830e+03
6.635446897444049682e+03 -5.811255494258044330e+00 6.641258152938307830e+03
6.635446897444049682e+03 -5.811255494258044330e+00 6.641258152938307830e+03
6.604961684386462366e+03 -5.811407623149831281e+00 6.610773092009611901e+03
6.630195165993633964e+03 -5.812247695716693308e+00 6.636007413689350869e+03
6.630195165993633964e+03 -5.812247695716693308e+00 6.636007413689350869e+03
6.630195167115473851e+03 -5.812247695716693308e+00 6.636007414811190756e+03
6.630195167120712540e+03 -5.812247695716693308e+00 6.636007414816429446e+03
6.630195167115473851e+03 -5.812247695716693308e+00 6.636007414811190756e+03
6.619863981573069395e+03 -5.816769371481571582e+00 6.625680750944550709e+03
6.619863981723899997e+03 -5.816769371481571582e+00 6.625680751095381311e+03
6.619863981944406078e+03 -5.816769371481571582e+00 6.625680751315887392e+03
6.619863981610696101e+03 -5.816769371481571582e+00 6.625680750982177415e+03
6.619863981723899997e+03 -5.816769371481571582e+00 6.625680751095381311e+03
6.619863981723899997e+03 -5.816769371481571582e+00 6.625680751095381311e+03
6.614973809652662567e+03 -5.819981762046769092e+00 6.620793791414709631e+03
6.614973809444330072e+03 -5.819981762046769092e+00 6.620793791206377136e+03
6.614973809652662567e+03 -5.819981762046769092e+00 6.620793791414709631e+03
6.631871386384677862e+03 -5.823571561178374267e+00 6.637694957945856004e+03
6.631871386945142149e+03 -5.823571561178374267e+00 6.637694958506320290e+03
6.622908819305107500e+03 -5.823682186702470176e+00 6.628732501491809671e+03
6.622908820023793851e+03 -5.823682186702470176e+00 6.628732502210496023e+03
6.622908819305107500e+03 -5.823682186702470176e+00 6.628732501491809671e+03
6.622908820023793851e+03 -5.823682186702470176e+00 6.628732502210496023e+03
6.615121659578366234e+03 -5.823868306301159592e+00 6.620945527884667172e+03
6.615121658411537283e+03 -5.823868306301159592e+00 6.620945526717838220e+03
6.615121659773010833e+03 -5.823868306301159592e+00 6.620945528079311771e+03
6.615121659771159102e+03 -5.823868306301159592e+00 6.620945528077460040e+03
6.615121659583945075e+03 -5.823868306301159592e+00 6.620945527890246012e+03
6.615121659583945075e+03 -5.823868306301159592e+00 6.620945527890246012e+03
6.615121659453465327e+03 -5.823868306301159592e+00 6.620945527759766264e+03
6.615121659453465327e+03 -5.823868306301159592e+00 6.620945527759766264e+03
6.615121659453465327e+03 -5.823868306301159592e+00 6.620945527759766264e+03
6.615121659643428757e+03 -5.823868306301159592e+00 6.620945527949729694e+03
6.615121659453465327e+03 -5.823868306301159592e+00 6.620945527759766264e+03
6.612211499329781873e+03 -5.824264990006333242e+00 6.618035764319788541e+03
6.631618350775909676e+03 -5.825622247071588156e+00 6.637443973022981481e+03
6.631618350059555269e+03 -5.825622247071588156e+00 6.637443972306627074e+03
6.631618349831885098e+03 -5.825622247071588156e+00 6.637443972078956904e+03
6.631618350775909676e+03 -5.825622247071588156e+00 6.637443973022981481e+03
6.631618350775909676e+03 -5.825622247071588156e+00 6.637443973022981481e+03
6.623765054947150020e+03 -5.833959344669844782e+00 6.629599014291819913e+03
6.623765054783529195e+03 -5.833959344669844782e+00 6.629599014128199087e+03
6.623765055245738949e+03 -5.833959344669844782e+00 6.629599014590408842e+03
6.623765054768944537e+03 -5.833959344669844782e+00 6.629599014113614430e+03
6.616159516357273787e+03 -5.838938446372759827e+00 6.621998454803646382e+03
6.616159516269332926e+03 -5.838938446372759827e+00 6.621998454715705520e+03
6.616159517623629654e+03 -5.838938446372759827e+00 6.621998456070002248e+03
6.616159516798324148e+03 -5.838938446372759827e+00 6.621998455244696743e+03
6.624220775397536272e+03 -5.840548350037229497e+00 6.630061323747573624e+03
6.624220776976565503e+03 -5.840548350037229497e+00 6.630061325326602855e+03
6.624220776778711297e+03 -5.840548350037229497e+00 6.630061325128748649e+03
6.624220775732401307e+03 -5.840548350037229497e+00 6.630061324082438659e+03
6.624220776976565503e+03 -5.840548350037229497e+00 6.630061325326602855e+03
6.624220775397536272e+03 -5.840548350037229497e+00 6.630061323747573624e+03
6.624220775397536272e+03 -5.840548350037229497e+00 6.630061323747573624e+03
6.624220775397536272e+03 -5.840548350037229497e+00 6.630061323747573624e+03
6.612416858612909891e+03 -5.841726575251228404e+00 6.618258585188161305e+03
6.631690615392959444e+03 -5.848404524335411026e+00 6.637539019917295263e+03
6.621372542063227229e+03 -5.850593196220748027e+00 6.627223135259448100e+03
6.615615797015046155e+03 -5.852146600239338525e+00 6.621467943615285549e+03
6.615615797250676223e+03 -5.852146600239338525e+00 6.621467943850915617e+03
6.615615797015046155e+03 -5.852146600239338525e+00 6.621467943615285549e+03
6.615615796453240364e+03 -5.852146600239338525e+00 6.621467943053479758e+03
6.615615797015046155e+03 -5.852146600239338525e+00 6.621467943615285549e+03
6.615615797250676223e+03 -5.852146600239338525e+00 6.621467943850915617e+03
6.612819415974175172e+03 -5.854051862861068045e+00 6.618673467837035787e+03
6.612819416542130966e+03 -5.854051862861068045e+00 6.618673468404991581e+03
