# Lens_likelihood 	 seed
5.936137196331270388e+03 5.512085210000000000e+08
5.915902987213955385e+03 1.504074251000000000e+09
5.932564788241819770e+03 7.601839400000000000e+08
5.931629860447008468e+03 9.950766830000000000e+08
5.954651946365249387e+03 3.830960721000000000e+09
5.918221476896758759e+03 7.908714870000000000e+08
5.899951302086130454e+03 2.852066591000000000e+09
5.935264327362896438e+03 1.410725077000000000e+09
5.920362851672893157e+03 2.046690584000000000e+09
5.918169739796725480e+03 1.238601849000000000e+09
5.908712361773769771e+03 3.957354593000000000e+09
5.943800887128334580e+03 4.808695310000000000e+08
5.939081918863001192e+03 4.255083560000000000e+09
5.941133758799727730e+03 3.443888130000000000e+08
5.932764511097195282e+03 3.918556650000000000e+09
5.952118861051464592e+03 1.307444113000000000e+09
5.943848322632591589e+03 4.453004300000000000e+07
5.901145119616010561e+03 3.609441021000000000e+09
5.949468148909238153e+03 3.192104969000000000e+09
5.960371444474429154e+03 1.294450226000000000e+09
5.956894428454736044e+03 1.695247140000000000e+08
5.925776157705971855e+03 3.571514853000000000e+09
5.936306851729341361e+03 3.527966050000000000e+08
5.894061321580588810e+03 5.062253480000000000e+08
5.943530505444754453e+03 8.643926570000000000e+08
5.905825159642299695e+03 2.764005363000000000e+09
5.916290329458652195e+03 1.377639540000000000e+09
5.909093915304869370e+03 4.018595803000000000e+09
5.962833948549842717e+03 7.760847320000000000e+08
5.922546488131914884e+03 3.632046145000000000e+09
5.941569542693891890e+03 3.559358604000000000e+09
5.939031620346335330e+03 4.044233505000000000e+09
5.899965436816377405e+03 3.348113170000000000e+08
5.942461833832999218e+03 6.943001660000000000e+08
5.936740042974010976e+03 1.200434509000000000e+09
5.928191769396789823e+03 3.284148055000000000e+09
5.911910601413394033e+03 3.546920794000000000e+09
5.927929175991869670e+03 3.767101583000000000e+09
5.893355516569730753e+03 3.247540359000000000e+09
5.926870908451748619e+03 1.447414853000000000e+09
5.916324866077550723e+03 1.605380124000000000e+09
5.926582482051597253e+03 3.928814851000000000e+09
5.929753483827853415e+03 2.970947620000000000e+08
5.897273678781033595e+03 2.288301326000000000e+09
5.952059006321818742e+03 3.945260958000000000e+09
5.947230682766881728e+03 9.315481480000000000e+08
5.945882717001964920e+03 4.756765900000000000e+07
5.920631749143348316e+03 3.506502969000000000e+09
5.938423757542874228e+03 9.590306330000000000e+08
5.930872208727282668e+03 1.554885648000000000e+09
5.927980405711068670e+03 4.160152737000000000e+09
5.919879158085026575e+03 4.121289534000000000e+09
5.914049124646444398e+03 1.048039399000000000e+09
5.941531063776940755e+03 2.861104848000000000e+09
5.949889388291381692e+03 1.444631351000000000e+09
5.939259659941733844e+03 3.927909695000000000e+09
5.924403785202101062e+03 2.020173580000000000e+09
5.912518848690600862e+03 2.711399226000000000e+09
5.945523609010306245e+03 9.490333530000000000e+08
5.926735917080273794e+03 1.347554689000000000e+09
5.907670472580741261e+03 2.564726149000000000e+09
5.926003897023811078e+03 4.014365889000000000e+09
5.931683231170903127e+03 2.663645429000000000e+09
5.939537735409625384e+03 2.552535719000000000e+09
5.910347977555857142e+03 4.132089441000000000e+09
5.908280658838035379e+03 2.934323067000000000e+09
5.942298101517274517e+03 2.402398082000000000e+09
5.937178172485063442e+03 2.028867400000000000e+09
5.935907324354579032e+03 1.424233363000000000e+09
5.928536368935988321e+03 2.068728866000000000e+09
5.925873209396042512e+03 4.168551906000000000e+09
5.907590874579162119e+03 4.032310331000000000e+09
5.962136580394869270e+03 2.411530147000000000e+09
5.939861881864382667e+03 2.917017790000000000e+09
5.945984364467713021e+03 1.790526707000000000e+09
5.928627372724786255e+03 2.742100601000000000e+09
5.953923298766979315e+03 5.679586630000000000e+08
5.928908848990862680e+03 3.724529899000000000e+09
5.931750691050115165e+03 2.959776439000000000e+09
5.902649945626241788e+03 3.455401043000000000e+09
5.959508108047140013e+03 2.305254124000000000e+09
5.913827901106192257e+03 5.095375980000000000e+08
5.935705354871919553e+03 2.891210507000000000e+09
5.954380852689649146e+03 9.756581520000000000e+08
5.909978736434084567e+03 1.845904713000000000e+09
5.942297576108099747e+03 4.106481386000000000e+09
5.925708810357587026e+03 1.466417164000000000e+09
5.948683496019102677e+03 1.716045790000000000e+09
5.936248932717001480e+03 3.474523120000000000e+09
5.904016734737669140e+03 6.946556590000000000e+08
5.928942231384378829e+03 2.174679128000000000e+09
5.945011982735537458e+03 2.585659112000000000e+09
5.912704070662097365e+03 1.496413180000000000e+09
5.943296230992642450e+03 3.604185315000000000e+09
5.944095426684432823e+03 3.135082705000000000e+09
5.972243943796989697e+03 5.548313920000000000e+08
5.915807856998246280e+03 2.069159902000000000e+09
5.950943534555024598e+03 3.519911458000000000e+09
5.910840387134156117e+03 1.736794056000000000e+09
5.925124355284457124e+03 3.405928757000000000e+09
5.895599964926635039e+03 2.207734046000000000e+09
5.917633018480068131e+03 1.466323149000000000e+09
5.934768078548730045e+03 2.799511928000000000e+09
5.925601469384064330e+03 4.116224366000000000e+09
5.906453567992843091e+03 2.969240940000000000e+08
5.924133473044417769e+03 3.686439341000000000e+09
5.931246989418916201e+03 2.271764114000000000e+09
5.938448213731920987e+03 2.845027596000000000e+09
5.944808985485095036e+03 1.658361196000000000e+09
5.930014287165657151e+03 1.253012700000000000e+07
5.932551600190581667e+03 2.176822485000000000e+09
5.955062200837929595e+03 8.925734780000000000e+08
5.920718359464683999e+03 1.214719722000000000e+09
5.939911704869049572e+03 1.536294000000000000e+07
5.940072610265699041e+03 1.875235566000000000e+09
5.923017709038000248e+03 3.442858904000000000e+09
5.911246457192517482e+03 4.223374758000000000e+09
5.925509157464326563e+03 2.928599586000000000e+09
5.939771493158521480e+03 2.194412624000000000e+09
5.963978535644465410e+03 2.754472798000000000e+09
5.941042853029351136e+03 3.827105702000000000e+09
5.954795848289891183e+03 4.110970104000000000e+09
5.950188319813288217e+03 3.419473837000000000e+09
5.914153758656277205e+03 2.243190018000000000e+09
5.908342936661187196e+03 3.022870080000000000e+08
5.920799115402671305e+03 2.172721407000000000e+09
5.933905025918495085e+03 8.044061790000000000e+08
5.926679192992879507e+03 3.695103430000000000e+08
5.921291047499680644e+03 3.472480410000000000e+09
5.918782242719839815e+03 3.572902528000000000e+09
5.952860083793477315e+03 3.132978382000000000e+09
5.928135999644293406e+03 2.305429887000000000e+09
5.918211448744603331e+03 2.153737751000000000e+09
5.903673588185632070e+03 4.264196640000000000e+09
5.965072767702004057e+03 1.604315972000000000e+09
5.924087495928706630e+03 5.356492640000000000e+08
5.897746162316405389e+03 2.300847234000000000e+09
5.945670891327653408e+03 2.563471168000000000e+09
5.917650292045311289e+03 3.521107032000000000e+09
5.952605169337962252e+03 4.904965520000000000e+08
5.920473825207552181e+03 1.010825711000000000e+09
5.904740591755456080e+03 2.791065160000000000e+09
5.925925441100464013e+03 2.252058490000000000e+09
5.936209801031245661e+03 2.925544429000000000e+09
5.908336619529922245e+03 1.964326902000000000e+09
5.927732966989204215e+03 4.428041400000000000e+08
5.950517705383375869e+03 2.965298233000000000e+09
5.941558527443323328e+03 2.150981522000000000e+09
5.915852513747709963e+03 2.114258042000000000e+09
5.948630115821151776e+03 7.604881030000000000e+08
5.927912151482545596e+03 1.650863280000000000e+09
5.909264470288639131e+03 2.936971761000000000e+09
5.901744047709997176e+03 6.807057070000000000e+08
5.934008127083018735e+03 3.707857666000000000e+09
5.895455767035437930e+03 3.957840198000000000e+09
5.923542506042615059e+03 9.220481590000000000e+08
5.929484012080143657e+03 7.730038580000000000e+08
5.924941106310412579e+03 3.640531277000000000e+09
5.911500633666328213e+03 3.843402010000000000e+08
5.966519831452968901e+03 1.339525550000000000e+08
5.934000766403919442e+03 2.094651469000000000e+09
5.965055998439562245e+03 4.268846794000000000e+09
5.908213823266000873e+03 1.373446671000000000e+09
5.925077072735731235e+03 7.706138960000000000e+08
5.913584675200061611e+03 3.427464400000000000e+09
5.931124416041531731e+03 3.244241411000000000e+09
5.917162716807693869e+03 3.435122771000000000e+09
5.923917390993385197e+03 1.765581129000000000e+09
5.928323729274937250e+03 1.155744358000000000e+09
5.890763567562577009e+03 2.449596516000000000e+09
5.931589171145517867e+03 1.646807412000000000e+09
5.907535412543500570e+03 3.271544443000000000e+09
5.925713764225980412e+03 1.103880507000000000e+09
5.910012822352917283e+03 1.723953096000000000e+09
5.940674234643331147e+03 1.610729841000000000e+09
5.914966306585607526e+03 4.211192918000000000e+09
5.924849537901345684e+03 7.957076970000000000e+08
5.922783720061788699e+03 9.829947280000000000e+08
5.926000430832702477e+03 3.343197268000000000e+09
5.950022777187645261e+03 5.118230510000000000e+08
5.936589190603640418e+03 3.352404102000000000e+09
5.932458379070537376e+03 3.998674986000000000e+09
5.910552283938091023e+03 2.714610592000000000e+09
5.911366391533206297e+03 2.734289917000000000e+09
5.947208374439678664e+03 4.158359455000000000e+09
5.925110330716177486e+03 1.487967168000000000e+09
5.953168429508073132e+03 2.855679835000000000e+09
5.926920532026727415e+03 3.962837504000000000e+09
5.933990089832394005e+03 1.371964074000000000e+09
5.938184835674967871e+03 3.380276096000000000e+09
5.935068036163862416e+03 1.963327675000000000e+09
5.935369954132340354e+03 2.009374101000000000e+09
5.915069896592307487e+03 5.862828760000000000e+08
5.923652590196775236e+03 1.968941751000000000e+09
5.954660335714177563e+03 3.586609048000000000e+09
5.920437175721209314e+03 2.755597881000000000e+09
5.912518574875964987e+03 2.510872325000000000e+09
5.928753386215445062e+03 2.453265519000000000e+09
5.952987335373990391e+03 1.550199453000000000e+09
5.917615561732764945e+03 3.382859450000000000e+09
5.908203392473427812e+03 3.855870504000000000e+09
5.943579460914383162e+03 4.210234923000000000e+09
5.932093997137746555e+03 3.741140928000000000e+09
5.952369437680983538e+03 3.340354483000000000e+09
5.960296368733609597e+03 3.384327658000000000e+09
5.928384616727299544e+03 7.120217850000000000e+08
5.923736047262046668e+03 3.518485962000000000e+09
5.923206230792414317e+03 4.065067950000000000e+09
5.918020464374120820e+03 3.230222611000000000e+09
5.915102721542909421e+03 2.029076385000000000e+09
5.951383991621832138e+03 1.204958840000000000e+09
5.902030594731527344e+03 4.898501960000000000e+08
5.923118972641485925e+03 1.063802168000000000e+09
5.937166626817780525e+03 3.129125281000000000e+09
5.893944473600133279e+03 2.795665728000000000e+09
5.920250118142987048e+03 2.145106455000000000e+09
5.931776102410126441e+03 5.216063830000000000e+08
5.937811031453352371e+03 4.276641130000000000e+08
5.954636225088037463e+03 4.054403739000000000e+09
5.939546570950975365e+03 3.533154417000000000e+09
5.933680460824577494e+03 1.516837330000000000e+09
5.924438847214913039e+03 8.564704840000000000e+08
5.941726473094175162e+03 7.864383960000000000e+08
5.922880086328938887e+03 3.346414859000000000e+09
5.921740604701950360e+03 2.923805636000000000e+09
5.953504518640726928e+03 8.622572420000000000e+08
5.938114696402529262e+03 3.788492130000000000e+08
5.923800530086736217e+03 1.562988137000000000e+09
5.909936472428835259e+03 2.204293673000000000e+09
5.923909779079709551e+03 4.150315505000000000e+09
5.943188678599924060e+03 1.905249976000000000e+09
5.941147724876813299e+03 4.076415546000000000e+09
5.924517808731925470e+03 1.033618558000000000e+09
5.912760940637075691e+03 9.818887700000000000e+08
5.911601939044016035e+03 1.545766218000000000e+09
5.930420572488854305e+03 2.713054825000000000e+09
5.944397368698301761e+03 3.007711046000000000e+09
5.923234581844266359e+03 3.998282017000000000e+09
5.927746116935073587e+03 3.442293947000000000e+09
5.944470518305021869e+03 4.767641020000000000e+08
5.922666823039173323e+03 7.820804330000000000e+08
5.924328873237425796e+03 2.913989764000000000e+09
5.924322587679251228e+03 1.497334174000000000e+09
5.939884031076674546e+03 2.481277997000000000e+09
5.911752739187237239e+03 2.364913730000000000e+09
5.914038744183104427e+03 3.613866229000000000e+09
5.921286667332711659e+03 2.032300880000000000e+08
5.899535401836487836e+03 4.193725020000000000e+08
5.927853217480168496e+03 4.280215864000000000e+09
5.923430713147949064e+03 2.657390100000000000e+08
5.915869358461301090e+03 3.751892328000000000e+09
5.924138146169778338e+03 4.145584707000000000e+09
5.928873339111394671e+03 2.601289442000000000e+09
5.925857628791130082e+03 2.213956380000000000e+09
5.924772616398353421e+03 1.162159370000000000e+09
5.932512616727100067e+03 2.283574720000000000e+09
5.954310484193658340e+03 1.008399510000000000e+08
5.926977021001292087e+03 2.586367229000000000e+09
5.931119038078186350e+03 3.833990595000000000e+09
5.921434424154583212e+03 8.161080180000000000e+08
5.909418744224526563e+03 2.274236588000000000e+09
5.940046821896681649e+03 1.852919128000000000e+09
5.937939037353572530e+03 1.679386020000000000e+08
5.927072506286604039e+03 3.455800580000000000e+08
5.918544291667333709e+03 1.160399091000000000e+09
5.926486616208652777e+03 3.246028841000000000e+09
5.936972836072834980e+03 1.367275378000000000e+09
5.951489203530449231e+03 1.480623352000000000e+09
5.963174605235924901e+03 1.107379210000000000e+09
5.969335348439962218e+03 1.547625939000000000e+09
5.906140563435546937e+03 5.230711280000000000e+08
5.912907463141066728e+03 3.256246885000000000e+09
5.953810114414193777e+03 2.483395330000000000e+08
5.937649537156877159e+03 2.943277865000000000e+09
5.926066012165392749e+03 2.892043949000000000e+09
5.926033423458175093e+03 4.212976988000000000e+09
5.935130251274669718e+03 3.976356723000000000e+09
5.948626529057317384e+03 4.047182219000000000e+09
5.940001986447803574e+03 3.319040863000000000e+09
5.921908084390967815e+03 4.285975138000000000e+09
5.930529388539521278e+03 2.651926460000000000e+08
5.948302792215642512e+03 3.828379906000000000e+09
5.893703555833133578e+03 2.518566073000000000e+09
5.909885816169340615e+03 3.724272818000000000e+09
5.931404206509977485e+03 8.856473400000000000e+07
5.916520613651193344e+03 1.886069724000000000e+09
5.940770923184380081e+03 2.010106973000000000e+09
5.929155407387042032e+03 2.037778788000000000e+09
5.931717512016619366e+03 3.390794249000000000e+09
5.936566735577116560e+03 2.956275280000000000e+09
5.927720025202833313e+03 3.238190191000000000e+09
5.932735265070662535e+03 2.097381312000000000e+09
5.956631621048972193e+03 2.289585144000000000e+09
5.941256267751601627e+03 4.036886678000000000e+09
5.934472730618433161e+03 3.795596559000000000e+09
5.952225400456010902e+03 2.557683190000000000e+08
5.906360962205795659e+03 7.035892020000000000e+08
5.899772908739176273e+03 2.602775990000000000e+08
5.934954842805901535e+03 3.987771586000000000e+09
5.934327477363999606e+03 2.527802297000000000e+09
5.939584532412748558e+03 3.334592166000000000e+09
5.942820693527586627e+03 3.074413162000000000e+09
5.913543918222316279e+03 4.259538601000000000e+09
5.950044061724098356e+03 1.455383391000000000e+09
5.913310279172956143e+03 7.386142560000000000e+08
5.938320850024835636e+03 2.513906641000000000e+09
5.932584270858829768e+03 2.123377580000000000e+09
5.913028078240585273e+03 1.150430025000000000e+09
5.920775909079962730e+03 2.793447404000000000e+09
5.945715443213117396e+03 1.654125262000000000e+09
5.935522565658770873e+03 4.065267574000000000e+09
5.921093813854915425e+03 6.785978640000000000e+08
5.913897034740628442e+03 3.325760570000000000e+09
5.923309686758122552e+03 4.935505830000000000e+08
5.936048834837700269e+03 2.045361915000000000e+09
5.929390035362654089e+03 1.196419402000000000e+09
5.924719377316236205e+03 3.966175020000000000e+08
5.934572288504017706e+03 5.396166400000000000e+08
5.921812744823417233e+03 3.741852061000000000e+09
5.928328701538829591e+03 1.272084330000000000e+09
5.926300814867056033e+03 2.514553567000000000e+09
5.946504552679980407e+03 3.761879891000000000e+09
5.923928596097569425e+03 1.185924547000000000e+09
5.907534802623978976e+03 3.296531027000000000e+09
5.902032015492235587e+03 4.202019930000000000e+08
5.976352428036828314e+03 8.683596640000000000e+08
5.949421150270305588e+03 3.389647544000000000e+09
5.919009714179606817e+03 3.460501885000000000e+09
5.909810407631603084e+03 3.174875581000000000e+09
5.931637658925149481e+03 2.182080493000000000e+09
5.919541170322861944e+03 2.605572401000000000e+09
5.921357392364277985e+03 1.260675020000000000e+09
5.951063933148490833e+03 2.208255109000000000e+09
5.961624052152345030e+03 1.391555870000000000e+09
5.957682369670979824e+03 2.681723219000000000e+09
5.936864897874491362e+03 4.133380291000000000e+09
5.925928591518963913e+03 3.227400382000000000e+09
5.923458708767141616e+03 1.463655331000000000e+09
5.912781790688535693e+03 2.950863565000000000e+09
5.897358224018863439e+03 3.305329688000000000e+09
5.925743306023287005e+03 1.258453115000000000e+09
5.926369579359508862e+03 3.631466788000000000e+09
5.922826736187763345e+03 9.128691840000000000e+08
5.911782916428683166e+03 9.538056240000000000e+08
5.948353789361383861e+03 3.230454258000000000e+09
5.934416597521065341e+03 4.084013307000000000e+09
5.923777512089337506e+03 1.412578948000000000e+09
5.916491008345646151e+03 1.672313590000000000e+08
5.899233195336260906e+03 2.450398390000000000e+09
5.912706024940407588e+03 1.239239707000000000e+09
