# Lens_likelihood 	 seed
1.528055815657544372e+03 2.209728697000000000e+09
1.321659198561988887e+03 1.888393821000000000e+09
2.581226225828428142e+03 1.443538842000000000e+09
2.274939069632229803e+03 2.653835636000000000e+09
8.310247798342397800e+02 3.483588026000000000e+09
1.063738620625631484e+03 3.231559677000000000e+09
6.695720146012808982e+02 3.564978868000000000e+09
4.038077897362293697e+03 4.138102235000000000e+09
-2.163822191821769593e+03 8.807211110000000000e+08
2.991139334120994135e+03 2.963924264000000000e+09
5.235214073419574561e+02 2.968798122000000000e+09
2.343437821100953443e+03 4.572238000000000000e+08
6.270106708698522198e+02 2.886978070000000000e+09
6.338967472584972711e+02 1.596257436000000000e+09
1.982217584422813161e+03 3.716599158000000000e+09
-1.712011171780344739e+03 1.366470790000000000e+09
4.976921900724300940e+02 1.038043138000000000e+09
3.044080899802509521e+03 1.865594510000000000e+08
3.482339914865565333e+03 2.432864500000000000e+08
1.275747732158080908e+03 2.662678461000000000e+09
4.188426772104309748e+03 9.176143180000000000e+08
-1.032253797659062911e+03 1.459127613000000000e+09
-3.246604218241427589e+02 9.862790310000000000e+08
1.057973678562409987e+03 1.497942843000000000e+09
-1.780431174666267907e+03 3.932961316000000000e+09
9.047347471668463186e+02 7.136613860000000000e+08
4.318380000033418582e+03 2.012401459000000000e+09
-2.229784133974480937e+02 7.625391890000000000e+08
2.668412936633155368e+03 5.484206990000000000e+08
8.963281450570575544e+02 2.542347502000000000e+09
-3.837668619786383715e+03 4.314268700000000000e+07
1.308150224963585970e+03 2.712053390000000000e+08
1.127755944040120085e+03 3.345863502000000000e+09
-1.678406554186913127e+02 3.819578895000000000e+09
2.061093653049117165e+03 8.090700360000000000e+08
9.930267239877448446e+02 1.897479557000000000e+09
3.085308413423676029e+03 1.778297990000000000e+08
-6.446939161907685047e+02 4.084143737000000000e+09
1.318716887618330475e+03 1.534790535000000000e+09
-9.282774768962881353e+02 1.098474706000000000e+09
8.351184250635678836e+02 4.332597310000000000e+08
4.803917914782678054e+02 2.539848083000000000e+09
1.434033958265492402e+03 2.847272229000000000e+09
-2.918988002936730481e+02 4.034673906000000000e+09
3.463659238739016473e+03 4.044809375000000000e+09
1.271887431253526302e+01 3.276727022000000000e+09
2.153631140840047919e+03 1.180481420000000000e+09
1.683059296609562807e+03 2.539097382000000000e+09
1.405635600767283904e+03 3.467115416000000000e+09
2.602791787173537159e+02 3.627981030000000000e+09
5.462885772860445286e+02 7.576714260000000000e+08
-3.671007528534300945e+02 2.836270145000000000e+09
8.196162541634757872e+02 2.368736856000000000e+09
3.594836010604922194e+01 2.734767968000000000e+09
1.276657095103261781e+03 4.060948262000000000e+09
-1.617256118305485870e+02 6.178443370000000000e+08
9.713724309144408835e+02 8.161997600000000000e+07
-6.160655908436710888e+02 4.168933326000000000e+09
2.889987488602707344e+03 2.231773023000000000e+09
9.860712567783602935e+02 3.660020556000000000e+09
3.043347583020313323e+03 5.095387620000000000e+08
2.809819385664753099e+03 1.833665339000000000e+09
2.507429007766481845e+03 2.145297802000000000e+09
4.464155900931737051e+02 3.835390076000000000e+09
3.225766585380870310e+03 2.815050355000000000e+09
1.678757318062236664e+03 2.749830804000000000e+09
2.007025163305635942e+03 1.159233930000000000e+09
3.962045779427005982e+03 3.700456325000000000e+09
3.388299600554919380e+03 3.579505733000000000e+09
6.401597243323139992e+02 4.182851245000000000e+09
3.549731849262529977e+03 1.546718336000000000e+09
2.147201579377755479e+03 3.622750646000000000e+09
1.890969728895706794e+03 4.236936161000000000e+09
1.294177745310787941e+03 4.093712142000000000e+09
5.167716380956699140e+01 1.625058457000000000e+09
2.345241100912669026e+03 6.635547250000000000e+08
1.831307226077491578e+03 4.179445907000000000e+09
2.066974441685778402e+03 6.811149160000000000e+08
1.046009241561220733e+03 2.860539655000000000e+09
8.942558390051408423e+02 1.783871147000000000e+09
7.985353693778051820e+02 3.226250073000000000e+09
1.535684831857342942e+02 4.969251560000000000e+08
1.191953111444347996e+03 1.511987582000000000e+09
3.083888803600762913e+03 1.794280210000000000e+08
1.260855388030024187e+03 3.262596567000000000e+09
8.667888123605725923e+02 1.760882587000000000e+09
2.788972330853056519e+03 2.630209122000000000e+09
2.264085080382251363e+03 2.309427592000000000e+09
9.779564357489480244e+02 2.637540946000000000e+09
1.542964613252378513e+03 3.764444954000000000e+09
9.638832930132830370e+02 9.092939750000000000e+08
8.486801695119947908e+02 3.135662495000000000e+09
1.272865741006035023e+03 2.419794811000000000e+09
2.564684798244616104e+02 5.731451870000000000e+08
1.579554753403644099e+03 2.665472544000000000e+09
1.980428019680161015e+03 2.260635346000000000e+09
1.790371874283345278e+03 4.138159659000000000e+09
7.138436828707381210e+01 2.947092163000000000e+09
-9.742815475303068524e+02 1.282163682000000000e+09
-7.477013783636593871e+02 8.563392660000000000e+08
1.358522584446287510e+03 2.811055861000000000e+09
1.736617021565588402e+03 1.460669986000000000e+09
6.498976184500988893e+02 1.603875727000000000e+09
9.150643464363056410e+02 1.746780940000000000e+09
2.242918562905789258e+03 2.245612944000000000e+09
1.721641028906788051e+03 1.416918860000000000e+08
1.442907870447471396e+03 1.468419117000000000e+09
3.420516802720221676e+02 8.330698580000000000e+08
6.272458169110177550e+01 4.003111760000000000e+08
2.637870748441558135e+03 4.382159750000000000e+08
2.653213082877561646e+03 3.785273531000000000e+09
1.420983108712124704e+03 1.434845637000000000e+09
2.224649746062253143e+03 2.736854650000000000e+08
4.831942663296949831e+02 3.386947061000000000e+09
-1.968596768475554200e+03 2.389788950000000000e+09
-9.606778691174476990e+02 2.137482110000000000e+08
1.815616192082641646e+03 1.964525153000000000e+09
4.118440732269779801e+03 1.126888909000000000e+09
-1.456066968972318136e+02 1.694187793000000000e+09
1.454804318554261954e+03 6.088122090000000000e+08
1.242904274857351993e+03 2.541633762000000000e+09
9.562645271973042327e+02 5.108473900000000000e+08
4.016064710506359006e+03 1.569554849000000000e+09
2.154878014565379999e+03 1.482746804000000000e+09
-5.413284520559591328e+02 4.263189565000000000e+09
-2.788634884234252240e+02 2.623830000000000000e+09
-5.953658025878430635e+02 2.950397620000000000e+09
1.491630636981447424e+03 1.459051458000000000e+09
1.604071497020831885e+03 8.038102260000000000e+08
6.135637669743637161e+02 1.638473034000000000e+09
2.726648242940235832e+03 3.775703956000000000e+09
-2.960507129556535801e+02 1.718231311000000000e+09
2.599343049872275515e+03 2.566064278000000000e+09
2.143453885241302487e+03 3.347917724000000000e+09
-5.616018858864918002e+02 3.558749491000000000e+09
6.166715204352594810e+02 1.132673990000000000e+08
2.392833612735504175e+03 2.544165428000000000e+09
1.216409757980652103e+03 3.847034416000000000e+09
2.613953732154823228e+02 8.132170140000000000e+08
8.459021970478843286e+02 2.279416735000000000e+09
4.162745808167701398e+02 1.841732363000000000e+09
1.375113157762771152e+02 3.397353350000000000e+09
-1.873870266987165451e+03 3.064672400000000000e+07
1.747833165376841862e+03 2.877253677000000000e+09
-8.637742120103030175e+01 1.256269902000000000e+09
-4.383564094415305590e+02 2.456488562000000000e+09
8.502597029308817582e+02 2.468361385000000000e+09
1.213901685471986639e+03 3.454397102000000000e+09
3.755423240802680084e+03 3.033807877000000000e+09
2.123526639673926184e+03 2.296163319000000000e+09
1.643790835550032170e+03 9.671360500000000000e+07
3.664433016537604090e+03 1.297935731000000000e+09
-6.064385796647111420e+02 2.394232059000000000e+09
1.331194643750182877e+03 1.258446178000000000e+09
2.023726819860647993e+03 1.218877645000000000e+09
2.269005972433806164e+02 9.644750340000000000e+08
1.444522627768865277e+03 2.755407239000000000e+09
-1.616453687814111618e+03 1.975021275000000000e+09
-8.105022996619300102e+01 4.147126551000000000e+09
4.251600025070929405e+02 2.955418080000000000e+08
-8.624978409355153417e+02 2.647184733000000000e+09
5.415998364314509672e+01 2.392411338000000000e+09
1.731704057053563702e+03 1.043878149000000000e+09
-7.453169457784606493e+02 1.198108096000000000e+09
6.514437816088384352e+02 2.566414724000000000e+09
1.932818194447243513e+03 4.205778703000000000e+09
2.057527882368274732e+03 9.849177400000000000e+07
-1.130805715887332553e+03 3.800025994000000000e+09
3.758874951549762045e+03 3.926948188000000000e+09
2.390578339713963032e+03 3.537056799000000000e+09
2.082862066117470931e+03 3.328201230000000000e+09
1.801135430827784148e+03 2.118770300000000000e+09
2.475491870032735278e+03 2.349950817000000000e+09
-1.130963557934639539e+03 3.185194017000000000e+09
1.085376425146083420e+03 3.480763497000000000e+09
2.966906677702736488e+02 1.891952907000000000e+09
1.430286139063206065e+03 1.566076176000000000e+09
3.447185369817662831e+03 3.388023153000000000e+09
1.639034954229770847e+03 1.919225944000000000e+09
-1.606341643384163035e+03 3.462074734000000000e+09
2.915161899836743942e+03 8.027015190000000000e+08
2.433326824367783047e+03 1.792558839000000000e+09
1.343918354938325137e+03 2.894550686000000000e+09
1.879842944334086496e+02 2.185020086000000000e+09
1.997871539720914370e+03 7.289555690000000000e+08
1.790464476316541550e+03 2.794705874000000000e+09
3.827326085213647275e+03 1.048370185000000000e+09
2.481401657655008421e+03 7.538569560000000000e+08
1.330405975047817265e+03 1.384529600000000000e+07
1.079161299922696344e+03 2.373070248000000000e+09
3.267101264318247559e+03 6.916612260000000000e+08
1.413162255702957737e+03 2.468436626000000000e+09
-6.770365094956832763e+01 1.565573260000000000e+09
2.198999054103406706e+03 3.089586155000000000e+09
1.223424815517131719e+03 1.378245158000000000e+09
-9.372556873431185522e+02 3.256742500000000000e+09
2.371053744718364214e+03 2.156303148000000000e+09
4.238711558064253040e+03 3.720736600000000000e+07
-7.348540741815540969e+02 2.778877995000000000e+09
2.648813042034416867e+02 4.149604740000000000e+08
5.656049230752651056e+02 2.253703619000000000e+09
1.668284412054437780e+03 1.940949570000000000e+09
-5.097041997772703326e+02 1.455233324000000000e+09
1.407656465244053834e+03 8.831572490000000000e+08
1.384933063552391104e+03 1.406503900000000000e+07
1.280894343583635418e+03 2.987338223000000000e+09
8.378445088573616886e+02 1.552426663000000000e+09
2.946279310912175788e+03 2.866182507000000000e+09
1.886922337096801130e+03 3.752837380000000000e+08
2.166448941345935964e+03 4.912141670000000000e+08
7.198556750221478069e+02 2.103667269000000000e+09
1.028887403338021613e+03 3.647205586000000000e+09
2.339257049469293634e+03 3.873984155000000000e+09
2.279818243482576690e+03 2.417992589000000000e+09
2.217580082794280315e+03 3.810755759000000000e+09
7.404726451996430114e+01 4.023531039000000000e+09
2.055202169690421215e+03 2.738446319000000000e+09
3.374361709778282602e+03 1.851501129000000000e+09
3.101438518853863570e+03 1.921076233000000000e+09
-1.653113472044617083e+03 2.217816228000000000e+09
-1.088824217530947863e+03 3.976121547000000000e+09
1.350328210374251285e+03 1.939955503000000000e+09
5.002698739199757256e+03 3.661911104000000000e+09
2.305477279050702236e+03 4.173016488000000000e+09
2.064236462245337862e+03 3.861203211000000000e+09
-9.620238846385909710e+02 1.931250742000000000e+09
1.306561825896145820e+03 4.059674002000000000e+09
6.986297914093092913e+02 4.207241520000000000e+08
1.458077769986629391e+03 3.533934006000000000e+09
1.503183639741779189e+03 1.608701034000000000e+09
3.003396282560274813e+03 4.079562710000000000e+09
1.858664394246401571e+03 4.065178757000000000e+09
2.057570144856802472e+03 3.558374907000000000e+09
1.253739784825795141e+03 7.868079900000000000e+07
1.023520611437412299e+03 1.436460191000000000e+09
2.982409236116333886e+03 1.896059913000000000e+09
1.549503738682302355e+03 4.037553833000000000e+09
2.038771689144768970e+03 3.971993423000000000e+09
3.041669729920748068e+03 2.718245978000000000e+09
1.064266302958543747e+03 2.993239457000000000e+09
2.993782014833306675e+03 1.247559682000000000e+09
9.930552181466973707e+02 4.603156510000000000e+08
2.670929364547891964e+03 2.695414891000000000e+09
1.170628222456176445e+03 3.727308714000000000e+09
3.955994898750896027e+02 3.051639220000000000e+08
2.355541344033167661e+03 1.915609401000000000e+09
1.855588135898181463e+03 1.668431782000000000e+09
2.225464228544023172e+03 3.598770069000000000e+09
-4.878466999617630790e+02 1.172950035000000000e+09
2.904153661134902904e+03 3.184704315000000000e+09
4.995367649163199530e+02 3.731859462000000000e+09
2.914515959436244884e+03 1.368213481000000000e+09
-9.876430611499272345e+02 5.036041460000000000e+08
7.993224458871882234e+02 1.792065834000000000e+09
7.797236995544953970e+02 1.307080373000000000e+09
-7.768661594579134544e+01 3.083785034000000000e+09
4.251298950850201436e+03 2.644823760000000000e+08
2.742394560279360121e+03 1.667623710000000000e+09
3.645649259220745080e+02 4.152938969000000000e+09
2.874718128088892627e+03 2.840863641000000000e+09
1.560283740489433512e+03 2.057166332000000000e+09
3.443202675235622337e+03 3.921996696000000000e+09
-2.144930174337539938e+03 3.209441050000000000e+09
2.082397418728118282e+03 2.236323216000000000e+09
2.092806454466872310e+03 3.294592618000000000e+09
2.403508460574719720e+03 3.406675411000000000e+09
1.088778473025216954e+03 2.093523862000000000e+09
5.967752960079633340e+01 3.029436577000000000e+09
1.224543532067335036e+03 1.325776158000000000e+09
3.875628516633436448e+03 1.468076577000000000e+09
1.979987087945272833e+03 3.221405517000000000e+09
8.274356159597109581e+02 2.816308060000000000e+09
3.759736886799708373e+03 3.292840090000000000e+08
1.491169782060595026e+03 2.615328308000000000e+09
3.942452786004804693e+03 4.196985123000000000e+09
1.336820180202852498e+03 3.339216187000000000e+09
3.660314272002688085e+01 1.974312279000000000e+09
-7.195436599993117852e+02 1.748340222000000000e+09
6.709065358582647605e+02 2.624037365000000000e+09
-4.365852046304338728e+03 3.888196021000000000e+09
1.055734998579253443e+03 2.289914866000000000e+09
1.447655440886625001e+03 2.796195099000000000e+09
4.709444090202046937e+03 3.421899439000000000e+09
-4.800003776954508794e+01 2.832278546000000000e+09
2.089329599085322116e+02 1.548197551000000000e+09
-1.243962926252061152e+02 3.059198254000000000e+09
-1.636813499557907562e+03 3.748710641000000000e+09
5.723718743893377905e+02 1.471133952000000000e+09
2.237529901619773227e+03 3.614003086000000000e+09
1.180797819368242017e+03 3.979799182000000000e+09
4.151961764309407954e+02 8.065940470000000000e+08
1.827382566757532913e+03 1.107849606000000000e+09
-4.979288936869052122e+02 1.131607754000000000e+09
1.581737614051476157e+03 2.048642855000000000e+09
-7.361155085855298239e+02 3.651461971000000000e+09
-7.629438138679233816e+02 8.793931140000000000e+08
3.105939414686789860e+03 3.083476664000000000e+09
-4.150665282616500917e+01 2.658825735000000000e+09
1.284768638697524693e+03 2.801616991000000000e+09
-4.098759403853728145e+02 1.030626122000000000e+09
3.076848285738179584e+03 4.001284986000000000e+09
2.597336099874981301e+03 4.041386592000000000e+09
1.036112587194696971e+03 3.107852452000000000e+09
-1.802063863181501802e+03 3.577444775000000000e+09
8.515025903204359565e+02 4.825170140000000000e+08
1.619735679405184783e+02 2.172961990000000000e+08
2.606033206414626875e+03 3.849359233000000000e+09
4.126913306465416099e+03 3.064705288000000000e+09
3.526068701641697771e+02 2.154267886000000000e+09
1.485956796544920508e+03 2.585893572000000000e+09
1.878850254866143587e+03 5.741243800000000000e+08
-3.115467500766171725e+02 2.227080205000000000e+09
1.077955724604777970e+03 1.930277331000000000e+09
1.200616477150968421e+03 3.826414250000000000e+08
1.255834962417120551e+02 1.436354981000000000e+09
1.943191282930261877e+03 3.213100183000000000e+09
8.824438898043399604e+02 1.548818486000000000e+09
1.253074798800827921e+03 1.897350320000000000e+09
2.609872513485071977e+03 2.035392662000000000e+09
2.339752359702903959e+03 4.052949103000000000e+09
3.012420317755822907e+02 1.348764481000000000e+09
2.531962257561089245e+03 2.514982720000000000e+09
-7.604391163363616215e+02 3.944232950000000000e+09
2.379673192665904935e+01 1.148037180000000000e+09
9.267040214700682554e+01 1.270011508000000000e+09
1.532187000037444705e+03 1.276846120000000000e+08
1.723821556655323548e+03 2.694979587000000000e+09
3.073813504459176329e+02 1.033448748000000000e+09
2.991864707801305485e+02 1.014153088000000000e+09
3.512808470862486502e+03 4.097514620000000000e+09
2.454051362416009397e+03 1.257977668000000000e+09
1.917979645407923272e+03 3.186291780000000000e+08
1.076786950505756977e+02 9.923667370000000000e+08
1.812226001406865180e+03 2.817965880000000000e+09
1.678273675766567976e+03 1.488153129000000000e+09
1.443483803861039632e+03 2.265426129000000000e+09
5.658457314494380626e+02 3.973033977000000000e+09
1.235020577256063007e+03 3.035599486000000000e+09
1.778342994942295263e+03 3.292616156000000000e+09
1.564837260177670942e+03 3.801402662000000000e+09
1.358890992480673958e+03 1.338299418000000000e+09
3.235909063459120262e+03 2.100741771000000000e+09
7.118287873974177273e+02 3.146574127000000000e+09
5.072209423010281171e+01 7.547464290000000000e+08
1.982343915492609995e+03 1.123591684000000000e+09
1.368208620456312019e+03 4.701317900000000000e+07
1.963460482691585639e+03 4.066619430000000000e+09
1.398211064857225210e+03 6.852119270000000000e+08
1.744789592006893145e+03 4.242002027000000000e+09
3.696796438866517747e+03 2.787747554000000000e+09
