# Lens_likelihood 	 seed
6.544591816540059881e+03 1.870575257000000000e+09
6.464639747811350389e+03 3.125085858000000000e+09
6.498062983361316583e+03 3.117779144000000000e+09
6.463155055486455240e+03 3.026338818000000000e+09
6.623182366515151443e+03 2.075752095000000000e+09
6.433479506793167275e+03 1.775646690000000000e+09
6.537678141063569456e+03 3.384916944000000000e+09
6.546162388403275145e+03 1.752298260000000000e+08
6.528319055788095284e+03 6.554348970000000000e+08
6.526740629791410356e+03 4.309647580000000000e+08
6.534478383121727347e+03 1.838212194000000000e+09
6.547364847368669871e+03 3.812759933000000000e+09
6.542892291826711698e+03 2.308793808000000000e+09
6.479658041468337615e+03 1.356112940000000000e+09
6.467531058107440003e+03 3.530550206000000000e+09
6.497801692425797228e+03 5.814162520000000000e+08
6.551502768267294414e+03 2.049825086000000000e+09
6.493688448209122726e+03 2.992726005000000000e+09
6.534413944082987655e+03 1.714273308000000000e+09
6.530544794543757234e+03 1.723074056000000000e+09
6.586784424251603923e+03 6.227125000000000000e+08
6.588450413912141812e+03 3.164089745000000000e+09
6.573313829682258984e+03 1.931192994000000000e+09
6.543594972427038556e+03 3.169947545000000000e+09
6.534917641072255719e+03 2.592930335000000000e+09
6.527252753764785666e+03 8.241897570000000000e+08
6.581513251180237603e+03 2.040019690000000000e+08
6.560381501537817712e+03 4.049661912000000000e+09
6.540535219044109908e+03 2.204848773000000000e+09
6.497711366330996498e+03 1.834093585000000000e+09
6.545274980136181512e+03 3.794051095000000000e+09
6.537982902909407130e+03 1.182570096000000000e+09
6.550043999298322888e+03 2.011187139000000000e+09
6.556772554343512638e+03 1.563380917000000000e+09
6.485072936279670103e+03 3.212078547000000000e+09
6.473827948157946594e+03 7.104801500000000000e+07
6.512215901406785633e+03 3.896237288000000000e+09
6.525307378833804250e+03 3.938405845000000000e+09
6.525682612486696598e+03 4.154501929000000000e+09
6.420348912961844690e+03 1.557247457000000000e+09
6.556252474706067005e+03 5.757732690000000000e+08
6.503100981302060973e+03 3.568846119000000000e+09
6.423175280294555705e+03 2.469826421000000000e+09
6.574832288665470514e+03 4.131244059000000000e+09
6.528961871532584155e+03 2.479018247000000000e+09
6.511533113296477495e+03 1.572384680000000000e+09
6.594667589389917339e+03 2.720374638000000000e+09
6.636245866782913254e+03 2.125826631000000000e+09
6.450249877828478930e+03 2.854116751000000000e+09
6.554723476092573947e+03 1.759306949000000000e+09
6.507094597931592943e+03 1.261230583000000000e+09
6.473258878997907232e+03 5.349163560000000000e+08
6.489794754891725461e+03 2.848274004000000000e+09
6.561687324314074431e+03 2.217329990000000000e+09
6.552662928696581730e+03 1.299739140000000000e+08
6.523484079518864746e+03 1.803401147000000000e+09
6.565619858969181223e+03 2.731897738000000000e+09
6.616917716721655779e+03 1.779954497000000000e+09
6.511997309104574015e+03 2.540640714000000000e+09
6.482313295119402028e+03 4.253184957000000000e+09
6.602223717054657754e+03 2.567171130000000000e+08
6.596623950677629182e+03 1.668879438000000000e+09
6.524406504061153100e+03 8.092058790000000000e+08
6.574288652097402519e+03 1.755967047000000000e+09
6.586023532358666671e+03 2.288421251000000000e+09
6.461434489196222785e+03 2.910024481000000000e+09
6.609139572938895981e+03 1.093029069000000000e+09
6.565308351486812171e+03 7.648429540000000000e+08
6.515036510900843496e+03 2.417372389000000000e+09
6.576766897608249565e+03 3.090678910000000000e+08
6.562225592996628620e+03 4.136226321000000000e+09
6.500008057536051638e+03 2.948690869000000000e+09
6.543909715703055554e+03 3.991208179000000000e+09
6.536835892964205414e+03 3.241752114000000000e+09
6.487330267067554814e+03 3.070254320000000000e+09
6.510346921194086462e+03 3.055399524000000000e+09
6.478676837434150002e+03 3.902931791000000000e+09
6.574442148241735595e+03 4.048019286000000000e+09
6.545656194524759485e+03 2.696314629000000000e+09
6.488179684736311174e+03 1.919418776000000000e+09
6.520020912027740451e+03 2.007181414000000000e+09
6.470564630525985194e+03 1.982081105000000000e+09
6.526647175904540745e+03 7.265629790000000000e+08
6.546490964637454454e+03 1.943030769000000000e+09
6.513529386323045401e+03 3.007051656000000000e+09
6.512916841733203910e+03 3.940471982000000000e+09
6.577216346487922237e+03 1.426246844000000000e+09
6.575108721382786825e+03 5.883057590000000000e+08
6.503812520043617042e+03 1.660067954000000000e+09
6.549648317622175455e+03 1.592374743000000000e+09
6.452666423020694310e+03 6.687709710000000000e+08
6.573579357693358361e+03 1.432513793000000000e+09
6.551728201944005377e+03 2.762697229000000000e+09
6.579941001535247779e+03 2.445901556000000000e+09
6.534151102914479452e+03 2.242344249000000000e+09
6.520918522682602088e+03 3.560665277000000000e+09
6.496023900836149551e+03 4.106624790000000000e+09
6.523305195426260980e+03 3.992304170000000000e+08
6.573966703373402197e+03 4.152155991000000000e+09
6.538832594423886803e+03 4.055522330000000000e+09
6.542106101706285699e+03 9.445776380000000000e+08
6.540740657890888542e+03 4.037539076000000000e+09
6.540546436116509540e+03 3.483910843000000000e+09
6.444490077415417545e+03 2.514128794000000000e+09
6.474923925556338872e+03 2.967151590000000000e+08
6.481178766886635458e+03 2.581972450000000000e+09
6.481345984870749817e+03 1.934537313000000000e+09
6.532861584544157267e+03 2.754485950000000000e+08
6.497720153248706083e+03 1.968791132000000000e+09
6.508521551286556132e+03 1.486626666000000000e+09
6.505290620060780384e+03 1.546146416000000000e+09
6.589554702400018869e+03 3.893000824000000000e+09
6.578878021297236046e+03 6.672941380000000000e+08
6.527077601749550013e+03 2.892887015000000000e+09
6.506561085119535164e+03 2.291211256000000000e+09
6.573157315674989150e+03 6.920797600000000000e+08
6.454227075041779244e+03 2.380208238000000000e+09
6.467313511740974718e+03 2.323727001000000000e+09
6.577263627972682116e+03 2.700466790000000000e+08
6.549813957328193283e+03 5.031467400000000000e+08
6.555392326040383523e+03 9.833417500000000000e+08
6.524688141994466605e+03 6.071622620000000000e+08
6.545089148374724573e+03 1.650006580000000000e+09
6.490510363248938120e+03 2.712876003000000000e+09
6.540767369063829392e+03 3.432690424000000000e+09
6.461738872447333961e+03 3.753542345000000000e+09
6.581966330772120273e+03 1.975520130000000000e+08
6.610788056619250710e+03 2.728616249000000000e+09
6.512599467775133235e+03 2.555979898000000000e+09
6.472312496184766133e+03 6.248448610000000000e+08
6.467883493629302393e+03 6.641909080000000000e+08
6.471128766218278543e+03 1.175314778000000000e+09
6.567602900449042863e+03 2.403960158000000000e+09
6.494364728156793717e+03 1.568896467000000000e+09
6.510119509374776499e+03 2.777239414000000000e+09
6.607751835291427597e+03 4.069060521000000000e+09
6.595201542218830582e+03 2.380737920000000000e+09
6.538289503251933638e+03 1.172710963000000000e+09
6.540896781702408589e+03 2.088446153000000000e+09
6.536803145543880419e+03 4.246454975000000000e+09
6.504021318338415767e+03 1.282085970000000000e+09
6.483997717425290830e+03 2.170868280000000000e+09
6.554713911257756081e+03 3.644346886000000000e+09
6.530838931195992700e+03 2.072339395000000000e+09
6.549495945905759072e+03 3.825992965000000000e+09
6.489373757869659130e+03 2.815309102000000000e+09
6.538023624301949894e+03 3.949632570000000000e+08
6.515079700140391651e+03 1.165478460000000000e+09
6.584992214353120289e+03 2.977010500000000000e+08
6.527738752634861157e+03 1.008012250000000000e+09
6.588253596356677917e+03 2.077767948000000000e+09
6.555878393337229681e+03 3.693851619000000000e+09
6.517633715968735487e+03 1.572872412000000000e+09
6.508071902052763107e+03 1.524512301000000000e+09
6.570752603147604532e+03 3.541988053000000000e+09
6.540775565894520696e+03 3.572501638000000000e+09
6.510777453969048111e+03 2.238026188000000000e+09
6.482278376210331771e+03 2.814665747000000000e+09
6.562390994017860976e+03 1.259847935000000000e+09
6.555022362047088791e+03 3.143135287000000000e+09
6.547955706459953035e+03 2.426355148000000000e+09
6.546284064064746417e+03 2.097873604000000000e+09
6.593484215920416318e+03 4.909893330000000000e+08
6.535388931783163571e+03 6.837428700000000000e+07
6.463171216491976338e+03 1.808797194000000000e+09
6.537692517872619646e+03 8.685015150000000000e+08
6.496321769663636587e+03 2.512749984000000000e+09
6.455723859313033245e+03 2.330007867000000000e+09
6.528679343891700228e+03 6.893792820000000000e+08
6.606360508548713369e+03 8.451270750000000000e+08
6.565442257713664731e+03 2.182734164000000000e+09
6.501368920402876938e+03 9.410740490000000000e+08
6.506265043510166834e+03 4.124683460000000000e+08
6.506982501747464084e+03 3.713968081000000000e+09
6.581253877251049744e+03 2.200795579000000000e+09
6.540361551961955229e+03 2.543661079000000000e+09
6.594186276858592464e+03 3.486682662000000000e+09
6.493035213918361478e+03 1.694471970000000000e+08
6.525570961796946904e+03 2.178435494000000000e+09
6.553177270600044722e+03 1.907139036000000000e+09
6.584271814387587256e+03 1.648408190000000000e+09
6.527178468244598662e+03 7.461613360000000000e+08
6.577180853300713352e+03 3.283665124000000000e+09
6.456328929092751423e+03 1.557922415000000000e+09
6.563803018673301267e+03 2.714790079000000000e+09
6.597466988382274394e+03 1.109050520000000000e+09
6.546234991893556980e+03 8.535061170000000000e+08
6.525400351776952448e+03 2.168853542000000000e+09
6.547280603965156843e+03 2.896532020000000000e+09
6.531999703191600929e+03 1.656525317000000000e+09
6.589413091074520707e+03 7.037233800000000000e+07
6.572254796646126124e+03 2.471664903000000000e+09
6.471884593880198736e+03 2.001725588000000000e+09
6.564928216695865558e+03 4.049453339000000000e+09
6.565348033642268092e+03 1.852474209000000000e+09
6.533049297035536256e+03 9.267803560000000000e+08
6.531393021221370873e+03 2.536808309000000000e+09
6.517256546614402396e+03 2.426254625000000000e+09
6.514813868315199215e+03 7.971834600000000000e+07
6.512895392421964971e+03 2.838154661000000000e+09
6.445513895344309276e+03 1.120320250000000000e+08
6.543401224580982671e+03 2.391146570000000000e+09
6.536359994777081738e+03 5.603416700000000000e+07
6.531929303625607645e+03 1.925928403000000000e+09
6.546924784339857979e+03 3.494765600000000000e+08
6.539300094848887966e+03 3.525821320000000000e+09
6.529853013043400097e+03 1.712629856000000000e+09
6.538629820128271604e+03 3.899520153000000000e+09
6.511237350263822918e+03 2.717946510000000000e+08
6.593757094728185621e+03 3.204717729000000000e+09
6.499296151933885994e+03 2.280332555000000000e+09
6.500391214247235439e+03 2.352255614000000000e+09
6.517520650548574849e+03 4.424269190000000000e+08
6.558756175242625432e+03 4.073793248000000000e+09
6.527859566763538169e+03 4.117844512000000000e+09
6.573743528125716693e+03 4.463974930000000000e+08
6.510309085340106321e+03 1.867773154000000000e+09
6.595915536849834098e+03 3.125908045000000000e+09
6.580734714409551088e+03 2.958438335000000000e+09
6.542686552308980026e+03 2.222776135000000000e+09
6.530380592758013336e+03 7.762366480000000000e+08
6.600814479614482480e+03 5.081789190000000000e+08
6.582562059032912657e+03 2.843214331000000000e+09
6.569032359725957576e+03 2.859146080000000000e+09
6.545359235361916035e+03 7.299361310000000000e+08
6.532598738868790861e+03 5.907092750000000000e+08
6.489064892706335741e+03 2.753633390000000000e+09
6.532574055628806491e+03 1.980555885000000000e+09
6.546916528990434927e+03 3.236401388000000000e+09
6.582373861377466710e+03 2.268994793000000000e+09
6.577211489239051843e+03 1.558708085000000000e+09
6.556677282093161011e+03 9.518214510000000000e+08
6.490550235759851603e+03 2.018614229000000000e+09
6.498816396827109202e+03 2.282121900000000000e+07
6.593046353070330042e+03 1.723232612000000000e+09
6.517719740202459434e+03 1.287573512000000000e+09
6.538593757051477041e+03 5.513678160000000000e+08
6.480321888983697136e+03 2.859362492000000000e+09
6.591864369094413632e+03 3.097333730000000000e+08
6.602218428601020605e+03 3.585353540000000000e+08
6.486024302874795467e+03 1.355905250000000000e+08
6.531234786075363445e+03 1.908710391000000000e+09
6.536520725287123241e+03 3.240404543000000000e+09
6.526013837707516359e+03 9.453381700000000000e+07
6.479189916364080091e+03 1.538780149000000000e+09
6.547479230062132956e+03 2.180592855000000000e+09
6.506132646378600839e+03 3.238119620000000000e+08
6.597946499603443044e+03 2.127324323000000000e+09
6.572530051647427172e+03 2.429678341000000000e+09
6.504027096145768155e+03 2.298014660000000000e+09
6.482270417107727553e+03 8.923503280000000000e+08
6.515170237752103276e+03 2.138337836000000000e+09
6.531480402393051918e+03 3.898052997000000000e+09
6.577339797374219415e+03 1.732846170000000000e+08
6.574603040527870689e+03 1.640807185000000000e+09
6.553012474020115405e+03 2.941397748000000000e+09
6.523492805684666564e+03 7.775566270000000000e+08
6.546979403632623871e+03 4.246376111000000000e+09
6.617552401901179110e+03 8.345346380000000000e+08
6.536692685328132939e+03 2.409978381000000000e+09
6.403625068369795372e+03 2.333245176000000000e+09
6.513242033060850190e+03 2.735034361000000000e+09
6.500570591652065559e+03 1.646342772000000000e+09
6.576512160153617515e+03 6.817814100000000000e+07
6.415717947712852038e+03 6.535873900000000000e+08
6.564094901941960416e+03 6.993696910000000000e+08
6.588107458187340853e+03 2.857847743000000000e+09
6.539189106920379345e+03 1.389533135000000000e+09
6.521367408916812565e+03 2.539699925000000000e+09
6.590731011916848729e+03 3.995461487000000000e+09
6.508501013717588648e+03 3.694332055000000000e+09
6.448598227776831664e+03 1.364746660000000000e+08
6.605836833979473340e+03 3.497325410000000000e+09
6.581966469882686397e+03 2.196200593000000000e+09
6.545697859305559177e+03 1.194319338000000000e+09
6.493871209457509394e+03 2.240585583000000000e+09
6.557939894911019110e+03 6.916099800000000000e+08
6.576426709740751903e+03 2.932251841000000000e+09
6.577635055620261483e+03 2.071024252000000000e+09
6.539730456953259818e+03 3.072870136000000000e+09
6.562293367143991418e+03 1.031201359000000000e+09
6.558964183528286412e+03 1.176450407000000000e+09
6.589130094516799545e+03 4.214613070000000000e+08
6.542788995556676127e+03 2.664965297000000000e+09
6.513754935659362673e+03 3.619906191000000000e+09
6.486195049040619779e+03 3.917872544000000000e+09
6.490606103410308606e+03 1.736600942000000000e+09
6.588215588554376154e+03 4.257229034000000000e+09
6.560627535194152188e+03 4.173133029000000000e+09
6.534474442193160939e+03 1.952094920000000000e+09
6.583471604650362679e+03 3.418700157000000000e+09
6.503686796713594049e+03 1.831309880000000000e+09
6.542984066158336645e+03 1.841809080000000000e+09
6.558485645026503335e+03 1.356650351000000000e+09
6.509983621595029945e+03 4.125077130000000000e+08
6.522326258508627689e+03 4.216604129000000000e+09
6.490812705583721254e+03 2.839594109000000000e+09
6.491287900778957010e+03 9.597189430000000000e+08
6.550802118419343969e+03 1.497663698000000000e+09
6.542091266719025953e+03 1.088095214000000000e+09
6.433941996417539485e+03 2.602587917000000000e+09
6.558450302024079974e+03 3.377338195000000000e+09
6.609963468760125579e+03 1.529316664000000000e+09
6.571967439435219603e+03 1.687697901000000000e+09
6.466290263089038490e+03 9.696458720000000000e+08
6.557324510719863611e+03 8.482477980000000000e+08
6.560096727666556035e+03 2.836510451000000000e+09
6.461968795723427320e+03 3.655866335000000000e+09
6.497767008764141792e+03 1.235733750000000000e+09
6.520270008098562357e+03 9.464002610000000000e+08
6.536364180981256141e+03 3.222607192000000000e+09
6.615194374970260469e+03 1.346571066000000000e+09
6.551894841186674967e+03 1.693982128000000000e+09
6.564035409973936112e+03 2.804639617000000000e+09
6.576603495050419951e+03 1.274831160000000000e+09
6.529760183224448156e+03 9.953536740000000000e+08
6.571069827268025620e+03 3.713229474000000000e+09
6.603580893755292891e+03 8.145632180000000000e+08
6.558697121385336686e+03 3.495040649000000000e+09
6.523965474499134871e+03 1.421138354000000000e+09
6.594227920404411634e+03 2.454429582000000000e+09
6.543176760520758762e+03 4.465359340000000000e+08
6.588272333559938488e+03 3.167176206000000000e+09
6.562956185238609578e+03 6.540722690000000000e+08
6.541818933186015784e+03 4.014601014000000000e+09
6.543726081262910157e+03 2.856294671000000000e+09
6.641090109267908701e+03 1.624241083000000000e+09
6.566086741953644378e+03 8.960658190000000000e+08
6.481347538339075982e+03 3.946121030000000000e+09
6.532822842872174988e+03 2.211269730000000000e+08
6.528195860636526049e+03 4.636885680000000000e+08
6.526113326762118959e+03 3.717926931000000000e+09
6.512295143519050725e+03 3.201640305000000000e+09
6.601367064776238294e+03 3.810704659000000000e+09
6.548335679634521512e+03 3.014036940000000000e+09
6.492384376968379001e+03 1.670798297000000000e+09
6.512205005528816400e+03 3.338756777000000000e+09
6.470276104750841114e+03 1.129309577000000000e+09
6.469390951592774400e+03 6.210426920000000000e+08
6.560825376977011729e+03 3.936795771000000000e+09
6.584755004628363167e+03 7.654309600000000000e+08
6.546426884644018173e+03 1.405824350000000000e+09
6.520021231004826404e+03 2.876046675000000000e+09
6.575136121521015411e+03 1.377987261000000000e+09
6.555645764380665241e+03 3.222534864000000000e+09
6.563235435411412254e+03 7.542738300000000000e+07
6.521498786934235795e+03 4.432792220000000000e+08
6.578627274573297655e+03 4.152750557000000000e+09
6.603549193575145182e+03 3.433038585000000000e+09
6.515969533209990004e+03 1.882461046000000000e+09
