# Lens_likelihood 	 seed
5.557661248763281037e+03 2.256805317000000000e+09
5.531621905487312688e+03 4.208862622000000000e+09
5.603327201895526741e+03 2.188584001000000000e+09
5.577812748307463153e+03 3.274951880000000000e+08
5.542166952807330745e+03 1.457690218000000000e+09
5.581469124540775738e+03 3.520809970000000000e+08
5.565875094629062005e+03 2.142462500000000000e+07
5.604070006368388931e+03 3.446200054000000000e+09
5.556727181450512944e+03 4.111967177000000000e+09
5.607406629592746867e+03 2.016199809000000000e+09
5.532505487248009558e+03 6.531428380000000000e+08
5.551622458399064271e+03 9.580597000000000000e+08
5.564528670722645984e+03 2.053106475000000000e+09
5.627062621467310237e+03 2.463143800000000000e+09
5.590097823289896041e+03 2.185630894000000000e+09
5.571441159376782707e+03 3.829605780000000000e+08
5.590734196528892426e+03 1.460251453000000000e+09
5.607591706059707576e+03 3.780937743000000000e+09
5.597877897256908909e+03 3.624994538000000000e+09
5.531909188150133559e+03 3.721090032000000000e+09
5.589775876925786179e+03 3.798941053000000000e+09
5.607595238966764555e+03 7.880146270000000000e+08
5.517717139516014868e+03 2.933783474000000000e+09
5.556146574913238510e+03 3.615116784000000000e+09
5.540068312754965518e+03 1.161225909000000000e+09
5.619685568597344172e+03 1.795765112000000000e+09
5.580503756202291697e+03 2.170594764000000000e+09
5.571509971882851460e+03 4.197497364000000000e+09
5.628475828569306032e+03 1.605347008000000000e+09
5.612467360922872103e+03 2.520357360000000000e+08
5.579280907463349649e+03 2.015441893000000000e+09
5.589477235937369187e+03 3.770551239000000000e+09
5.622793635551159241e+03 8.828722510000000000e+08
5.564890053377639560e+03 3.538267203000000000e+09
5.531302199142379322e+03 3.438396740000000000e+09
5.574603291773503770e+03 2.935855942000000000e+09
5.543628282291845608e+03 6.964991030000000000e+08
5.614752538965320127e+03 2.467268672000000000e+09
5.563386603655235376e+03 3.479797133000000000e+09
5.580222223318061879e+03 2.510249475000000000e+09
5.554185081489857112e+03 3.045935519000000000e+09
5.555848224389626921e+03 1.784348155000000000e+09
5.567969409637551507e+03 3.197041405000000000e+09
5.538746957051642312e+03 2.199901412000000000e+09
5.550524733632432799e+03 3.256305710000000000e+09
5.602554634043705846e+03 8.148881620000000000e+08
5.594401426028442074e+03 4.235829895000000000e+09
5.586109987079285929e+03 1.195074071000000000e+09
5.576766831781757901e+03 2.359844776000000000e+09
5.571177286421914687e+03 4.040178563000000000e+09
5.585463859460676758e+03 3.430204590000000000e+08
5.571554730669153287e+03 5.752523500000000000e+07
5.546946667255129796e+03 8.115100490000000000e+08
5.550423513205007112e+03 6.403839220000000000e+08
5.566438770481890060e+03 2.307383547000000000e+09
5.602912465494487151e+03 1.641594439000000000e+09
5.629752653902059137e+03 2.236970122000000000e+09
5.556367661312870041e+03 3.993781331000000000e+09
5.652687819578807648e+03 3.715319828000000000e+09
5.549448934939630817e+03 7.536051010000000000e+08
5.602534319941278227e+03 1.162262323000000000e+09
5.591924099121630206e+03 2.259674069000000000e+09
5.545481591999030570e+03 3.895775230000000000e+09
5.605868394135452036e+03 2.128910385000000000e+09
5.583672511588826637e+03 8.348514060000000000e+08
5.584661971907017687e+03 2.839556920000000000e+08
5.574423380331395492e+03 4.870032680000000000e+08
5.547074256101375795e+03 1.506555627000000000e+09
5.610938971031598157e+03 1.779259076000000000e+09
5.575734851386619084e+03 1.365813426000000000e+09
5.586704580924469155e+03 2.038698341000000000e+09
5.578563353451194416e+03 1.666802858000000000e+09
5.606017763843861758e+03 2.062863438000000000e+09
5.617184736201357737e+03 1.217801222000000000e+09
5.551038867537964506e+03 3.974809563000000000e+09
5.598255578861928370e+03 1.406389125000000000e+09
5.581899841402936545e+03 3.660168300000000000e+09
5.609926210866246947e+03 3.475653310000000000e+09
5.598945942571041996e+03 2.698610213000000000e+09
5.620520015186705677e+03 3.902420726000000000e+09
5.558647710345767337e+03 2.274257641000000000e+09
5.554990735344854329e+03 2.556959217000000000e+09
5.605414710156981528e+03 2.568418680000000000e+09
5.571441836172846706e+03 3.276402761000000000e+09
5.565647617595329393e+03 5.786407860000000000e+08
5.620600253029116175e+03 3.238357490000000000e+08
5.601187903545924200e+03 1.235884799000000000e+09
5.578218636994132794e+03 5.885573570000000000e+08
5.564794104261873144e+03 8.676213450000000000e+08
5.597095906713228942e+03 2.776770082000000000e+09
5.580076600392790169e+03 2.478027420000000000e+08
5.629546224262669057e+03 3.078541073000000000e+09
5.583442552907034951e+03 2.069462522000000000e+09
5.600664356660667181e+03 1.282809508000000000e+09
5.564916621628060966e+03 3.587349234000000000e+09
5.564306438927368617e+03 1.208881937000000000e+09
5.561671919323803195e+03 1.307445040000000000e+08
5.606825972914621161e+03 3.023496994000000000e+09
5.582332031633784936e+03 3.260061955000000000e+09
5.564909247945979587e+03 2.141126669000000000e+09
5.568812571776436926e+03 2.104420296000000000e+09
5.597127697782269024e+03 2.196427275000000000e+09
5.598464329675894987e+03 3.383355500000000000e+08
5.598408486748167888e+03 2.954198667000000000e+09
5.550151743518355943e+03 2.333358970000000000e+09
5.549643552348806224e+03 2.717359070000000000e+09
5.617481024636754228e+03 3.829262521000000000e+09
5.575025487421289654e+03 6.732268360000000000e+08
5.596868777884103110e+03 5.286958670000000000e+08
5.613003082785290644e+03 2.594747615000000000e+09
5.593456121321245519e+03 1.186658357000000000e+09
5.597521960508801385e+03 7.148157330000000000e+08
5.600018473092549357e+03 3.998141837000000000e+09
5.570486509448350262e+03 3.933091250000000000e+09
5.605247276851032439e+03 2.504785714000000000e+09
5.501796760595980231e+03 4.473529800000000000e+08
5.591887406937801643e+03 2.722573980000000000e+09
5.562282243254270725e+03 1.918852032000000000e+09
5.603696580066352908e+03 2.982837990000000000e+08
5.540268641248008862e+03 3.546908939000000000e+09
5.622427463338681264e+03 3.175706884000000000e+09
5.583910336688099960e+03 3.063083711000000000e+09
5.562922738725635099e+03 1.680005079000000000e+09
5.598267976934283979e+03 2.592406637000000000e+09
5.561571369199711626e+03 2.162238746000000000e+09
5.585982617432919142e+03 2.861671782000000000e+09
5.574512752244163494e+03 1.594244748000000000e+09
5.619571095655233876e+03 1.669318672000000000e+09
5.612520839930729380e+03 2.369270879000000000e+09
5.608603294674190693e+03 1.334151128000000000e+09
5.554024153249101801e+03 8.914378880000000000e+08
5.576632713922519542e+03 1.242598365000000000e+09
5.604579212505148462e+03 1.857658581000000000e+09
5.570327085393513698e+03 5.238221590000000000e+08
5.593002652389972354e+03 2.269753124000000000e+09
5.594396316960872355e+03 3.124699248000000000e+09
5.608167685553540650e+03 3.657878480000000000e+09
5.576926733010199314e+03 7.665485270000000000e+08
5.603392102349289416e+03 4.215966565000000000e+09
5.610476630199507781e+03 4.498818640000000000e+08
5.590450086260697390e+03 2.828783036000000000e+09
5.557077755208340022e+03 2.655011699000000000e+09
5.614433640284405556e+03 2.276556382000000000e+09
5.576691839902508946e+03 3.054225261000000000e+09
5.547262667691247771e+03 1.004629130000000000e+08
5.587676606236587759e+03 1.724526760000000000e+09
5.619579340354141095e+03 1.021168480000000000e+09
5.521219331357413466e+03 3.208795779000000000e+09
5.583016753960508140e+03 3.002819666000000000e+09
5.633891419085281996e+03 2.895081435000000000e+09
5.564446629472418863e+03 3.797680708000000000e+09
5.614892138348798653e+03 2.665630359000000000e+09
5.627950096621940247e+03 3.948909418000000000e+09
5.531956442052014609e+03 1.261826543000000000e+09
5.557285825885232953e+03 1.378100795000000000e+09
5.568294440042198403e+03 1.643092152000000000e+09
5.537663121176610730e+03 2.203426228000000000e+09
5.540887750362076986e+03 7.219302780000000000e+08
5.555496724793914836e+03 2.085134749000000000e+09
5.596490797865416425e+03 1.751036578000000000e+09
5.591858582151464361e+03 1.330850550000000000e+09
5.615389704871491631e+03 4.292991491000000000e+09
5.609004898376429992e+03 1.980426450000000000e+08
5.587280396281297726e+03 2.803020430000000000e+09
5.565794043357996998e+03 1.840520433000000000e+09
5.605448304190482304e+03 2.441114689000000000e+09
5.584332884832174386e+03 9.901239400000000000e+07
5.575443282829563032e+03 4.269239037000000000e+09
5.617564649895259208e+03 1.237326900000000000e+07
5.607196135012516606e+03 1.901203869000000000e+09
5.566526695662603743e+03 4.012265855000000000e+09
5.611468743297173205e+03 3.073831496000000000e+09
5.583960483148443018e+03 3.549024912000000000e+09
5.557115664815155469e+03 1.256790403000000000e+09
5.607799278379600764e+03 2.611256737000000000e+09
5.580557871228931617e+03 9.165983730000000000e+08
5.570150432966960580e+03 3.276343679000000000e+09
5.592045740903191472e+03 5.213342880000000000e+08
5.555771740155530097e+03 3.892101022000000000e+09
5.587014287571822024e+03 2.493965916000000000e+09
5.631175126319145420e+03 2.970918151000000000e+09
5.576225728733613323e+03 2.550160550000000000e+09
5.531181703310430748e+03 2.154741985000000000e+09
5.549708139510555156e+03 1.523813823000000000e+09
5.554525688845093100e+03 2.376774238000000000e+09
5.519026213657736662e+03 3.751501275000000000e+09
5.603378142264768030e+03 3.818518376000000000e+09
5.568944321855864473e+03 1.531577702000000000e+09
5.586616316347593965e+03 5.966468620000000000e+08
5.536714948494525743e+03 3.100049498000000000e+09
5.579615757454199411e+03 2.886848159000000000e+09
5.564567674608455491e+03 3.839030131000000000e+09
5.594818040859536268e+03 2.823240169000000000e+09
5.607446332536287628e+03 1.253566361000000000e+09
5.606510591982289952e+03 2.520730347000000000e+09
5.619082114708116933e+03 3.785112997000000000e+09
5.537094207295811430e+03 2.714545369000000000e+09
5.523802444331422521e+03 3.207564829000000000e+09
5.527436016618808935e+03 1.370822355000000000e+09
5.567971871800447843e+03 3.374941328000000000e+09
5.574399535949292840e+03 1.697836597000000000e+09
5.594994803501382194e+03 1.241754443000000000e+09
5.573657036621268162e+03 8.266112160000000000e+08
5.587770625934751479e+03 2.199976131000000000e+09
5.564145446084949072e+03 2.853265016000000000e+09
5.623551507171358935e+03 3.174059359000000000e+09
5.590964655537667568e+03 2.630761630000000000e+09
5.565452702825545202e+03 3.151682930000000000e+09
5.489859051696317692e+03 1.993523720000000000e+09
5.584027893669017431e+03 2.292868872000000000e+09
5.576027878355042048e+03 2.921093146000000000e+09
5.589917626852974536e+03 2.151596828000000000e+09
5.583854381423389896e+03 3.637834271000000000e+09
5.544581300890673447e+03 1.386977720000000000e+08
5.580382670413151573e+03 4.670893150000000000e+08
5.516140955557913912e+03 2.423934894000000000e+09
5.572961421264312776e+03 1.786994737000000000e+09
5.553903492474226368e+03 1.708489506000000000e+09
5.598490824636945945e+03 3.813744000000000000e+07
5.596088299243569963e+03 4.850110720000000000e+08
5.561808661941289756e+03 1.963168477000000000e+09
5.610292397295862429e+03 8.180886300000000000e+08
5.579842282291467200e+03 3.510487048000000000e+09
5.598948733273973630e+03 2.144042695000000000e+09
5.562725863546234905e+03 2.363125739000000000e+09
5.597149453877224914e+03 2.452227649000000000e+09
5.551599162198059275e+03 1.298747840000000000e+08
5.600421816046702588e+03 3.043390675000000000e+09
5.548287526765991061e+03 4.101740768000000000e+09
5.575156898341512715e+03 3.208894904000000000e+09
5.591471282867310038e+03 3.323139060000000000e+09
5.571075710547124800e+03 3.500473171000000000e+09
5.545808339188862192e+03 2.173743329000000000e+09
5.603599484886734899e+03 4.131970720000000000e+09
5.567282670521019099e+03 1.561861960000000000e+08
5.574003707191950525e+03 8.393601210000000000e+08
5.579037761341581245e+03 3.792979446000000000e+09
5.578885792269363264e+03 2.633093847000000000e+09
5.588379710574263299e+03 3.938526866000000000e+09
5.604664333444248769e+03 1.889844772000000000e+09
5.591916028827750779e+03 3.108702015000000000e+09
5.545734049026230423e+03 4.191515725000000000e+09
5.578485711986968454e+03 1.987471923000000000e+09
5.612065749785593653e+03 1.437693790000000000e+08
5.520078745177054770e+03 2.741535163000000000e+09
5.528725918011661633e+03 5.188641730000000000e+08
5.530381775777928851e+03 3.976230081000000000e+09
5.619747044220517637e+03 1.409372900000000000e+07
5.596411275903288697e+03 4.060081303000000000e+09
5.576185878398938257e+03 2.913990230000000000e+09
5.569812221957076872e+03 1.347313070000000000e+08
5.559600755948304140e+03 3.413991145000000000e+09
5.560324924882521373e+03 3.173712381000000000e+09
5.642387549026530905e+03 3.509954560000000000e+09
5.571690739898864194e+03 1.491654612000000000e+09
5.562827765869315954e+03 2.986512412000000000e+09
5.628351204028364918e+03 3.783731076000000000e+09
5.597394139671538142e+03 1.768802000000000000e+09
5.564328317973003323e+03 1.538900667000000000e+09
5.587467220410142545e+03 2.304791025000000000e+09
5.548229481842614405e+03 3.766311136000000000e+09
5.618365710809427583e+03 1.901751362000000000e+09
5.604325344830081121e+03 4.749822790000000000e+08
5.540211581397969894e+03 3.507534795000000000e+09
5.562449758114289580e+03 2.899272290000000000e+08
5.593024896449364860e+03 5.083545090000000000e+08
5.592774251546411506e+03 3.903325553000000000e+09
5.571405132291443806e+03 3.122227810000000000e+09
5.578343631167678723e+03 9.716728770000000000e+08
5.560915514642168091e+03 8.142237580000000000e+08
5.559561224046532516e+03 2.256215008000000000e+09
5.619280029168920009e+03 1.684133541000000000e+09
5.614366528283064326e+03 2.753114430000000000e+09
5.551417740618452626e+03 2.014241983000000000e+09
5.568565210391192522e+03 1.361405910000000000e+08
5.594404665385483895e+03 2.527354535000000000e+09
5.572473174753016792e+03 1.420712144000000000e+09
5.575430138378863376e+03 7.297555800000000000e+07
5.548197032489722915e+03 3.443862465000000000e+09
5.569402353753202988e+03 4.200721812000000000e+09
5.573383941477271037e+03 3.513967652000000000e+09
5.564450896066600762e+03 2.821988937000000000e+09
5.593090349708914800e+03 2.359644460000000000e+08
5.571871891971268269e+03 3.647702044000000000e+09
5.572893543109739767e+03 1.447529057000000000e+09
5.532173793809757626e+03 3.103532165000000000e+09
5.550628958896260883e+03 4.848770690000000000e+08
5.587954725832494660e+03 2.617214056000000000e+09
5.566398394166171784e+03 3.695321267000000000e+09
5.574242235170366257e+03 1.584787389000000000e+09
5.560272795693490480e+03 2.351980325000000000e+09
5.622709308376062836e+03 2.739906863000000000e+09
5.527034359319572104e+03 2.577588818000000000e+09
5.580536057383051229e+03 2.390049831000000000e+09
5.602522020077437446e+03 3.829183029000000000e+09
5.584546112606751194e+03 8.097693640000000000e+08
5.550203389099162450e+03 2.875767270000000000e+09
5.569184098491639816e+03 3.115027142000000000e+09
5.568909853603207921e+03 6.495474780000000000e+08
5.577103347374257282e+03 2.470316243000000000e+09
5.541458886340495155e+03 4.000956797000000000e+09
5.554374685099387534e+03 2.612104294000000000e+09
5.605019854554659105e+03 2.950504265000000000e+09
5.538103169583189811e+03 3.756766262000000000e+09
5.575815081308894150e+03 2.833348913000000000e+09
5.614566355078632114e+03 3.019809141000000000e+09
5.517662879918274484e+03 1.596480948000000000e+09
5.573660883672951968e+03 2.187839039000000000e+09
5.535423748762570540e+03 3.437688600000000000e+09
5.575094563508960164e+03 7.559157260000000000e+08
5.547206959601524431e+03 1.794348710000000000e+09
5.532467229497164226e+03 1.660410423000000000e+09
5.534975509694872017e+03 6.131428500000000000e+07
5.551300498382966907e+03 1.558529059000000000e+09
5.575141990682034702e+03 2.716112590000000000e+09
5.551215542416898643e+03 2.017193409000000000e+09
5.589406991643155379e+03 2.704573371000000000e+09
5.589679812581112856e+03 3.327558710000000000e+09
5.558831577240425759e+03 3.860392875000000000e+09
5.570284662685839066e+03 2.615838954000000000e+09
5.591983455216455695e+03 6.940637700000000000e+08
5.565927517766057463e+03 4.185629217000000000e+09
5.595603821913296088e+03 3.506212491000000000e+09
5.595338134403769800e+03 3.483680168000000000e+09
5.585232367768758195e+03 1.824614659000000000e+09
5.576275953785474485e+03 2.970734908000000000e+09
5.599048717225079599e+03 1.027446428000000000e+09
5.566761875372332725e+03 2.614893724000000000e+09
5.592499755476125756e+03 6.952375700000000000e+07
5.589058044834726388e+03 3.892834876000000000e+09
5.558793952240068393e+03 4.097242767000000000e+09
5.563659768168915434e+03 2.204736731000000000e+09
5.599910040286304138e+03 4.105731434000000000e+09
5.610019107776669443e+03 2.468665000000000000e+06
5.611140375218980807e+03 2.840053385000000000e+09
5.611457539960414579e+03 4.246860605000000000e+09
5.577644020269795874e+03 2.038905096000000000e+09
5.581065785185131062e+03 3.260705600000000000e+09
5.605633856598901730e+03 3.728157224000000000e+09
5.592860738061485790e+03 1.646238189000000000e+09
5.556309291254222444e+03 1.544924980000000000e+08
5.602333778468611854e+03 3.410552126000000000e+09
5.616496013763509836e+03 1.855660767000000000e+09
5.583988537637919762e+03 2.455754434000000000e+09
5.561074723496315528e+03 1.677992644000000000e+09
5.580552669570291073e+03 3.246258850000000000e+09
5.580588270982974791e+03 1.629850322000000000e+09
5.606824205086670190e+03 3.249527870000000000e+08
5.599597321344341253e+03 8.294469920000000000e+08
5.591765805024195288e+03 6.409605440000000000e+08
