# Lens_likelihood 	 seed
5.713786487851926722e+03 2.389644600000000000e+07
5.743044022517209669e+03 3.888794410000000000e+09
5.712738530625588282e+03 1.215048041000000000e+09
5.746775923778952347e+03 8.770925760000000000e+08
5.673706528467309909e+03 1.837080046000000000e+09
5.694725614092722026e+03 2.858509279000000000e+09
5.724889019027148606e+03 7.905671490000000000e+08
5.734526011746722361e+03 3.903482155000000000e+09
5.677710326947427347e+03 3.629492181000000000e+09
5.718129430868206327e+03 3.494579909000000000e+09
5.727496926690324472e+03 3.340130538000000000e+09
5.811946713094332154e+03 1.599129717000000000e+09
5.665841448308625331e+03 2.455961952000000000e+09
5.764558111318487136e+03 1.696579976000000000e+09
5.726230797228197844e+03 2.692006614000000000e+09
5.774317840116549633e+03 2.865986638000000000e+09
5.735691477891771683e+03 2.649666755000000000e+09
5.702922461579377341e+03 3.381778680000000000e+08
5.727500654577505884e+03 3.025897520000000000e+08
5.829394719377785805e+03 3.091576331000000000e+09
5.676430105339165493e+03 2.637096579000000000e+09
5.728450375261061708e+03 2.742364924000000000e+09
5.696740849332425569e+03 4.039950686000000000e+09
5.812524314026189131e+03 7.332660370000000000e+08
5.724748697878306302e+03 3.393971785000000000e+09
5.735256823068826634e+03 4.811940830000000000e+08
5.665905079641663178e+03 3.868354963000000000e+09
5.661611070827957519e+03 3.010193202000000000e+09
5.707700595467245876e+03 2.814876907000000000e+09
5.653462589052930525e+03 5.071700490000000000e+08
5.785385335108288928e+03 2.166425688000000000e+09
5.680791858552818667e+03 2.167566068000000000e+09
5.716166626601663665e+03 3.875288688000000000e+09
5.646339291080295880e+03 1.818794808000000000e+09
5.737126406365208823e+03 1.016391736000000000e+09
5.716123260131125789e+03 1.548496915000000000e+09
5.725699512051678539e+03 7.898758220000000000e+08
5.711739984748157440e+03 3.759201777000000000e+09
5.736383619914750852e+03 1.703187029000000000e+09
5.726414384492478348e+03 3.558874270000000000e+08
5.662753687472117235e+03 3.885942060000000000e+09
5.707524336209833564e+03 4.278990351000000000e+09
5.684625510076356477e+03 1.409028478000000000e+09
5.770158637804332102e+03 3.629880386000000000e+09
5.614597864480397220e+03 2.664779350000000000e+09
5.741290516164333894e+03 2.092624156000000000e+09
5.731030848047230393e+03 1.339980013000000000e+09
5.626933737375988130e+03 2.588603053000000000e+09
5.731365516411658973e+03 1.134235181000000000e+09
5.720690528800922948e+03 3.263077380000000000e+08
5.700955677170917625e+03 3.911388763000000000e+09
5.741689750680630823e+03 3.578007558000000000e+09
5.646455080587873454e+03 4.050338500000000000e+08
5.760836404582638352e+03 2.255563290000000000e+08
5.670623510328307020e+03 3.832019170000000000e+08
5.721546451086385787e+03 1.610484117000000000e+09
5.732839251854180475e+03 1.305938692000000000e+09
5.705140786898595252e+03 3.246191550000000000e+09
5.657794390570059477e+03 3.217626069000000000e+09
5.746700489364040550e+03 3.269109269000000000e+09
5.711917304919694288e+03 2.796377437000000000e+09
5.709932916588403714e+03 3.501551537000000000e+09
5.626574926068999048e+03 3.728857565000000000e+09
5.695277074160813754e+03 1.594780461000000000e+09
5.732099840745400797e+03 1.258923178000000000e+09
5.678299143360349262e+03 1.745885885000000000e+09
5.766985350374133304e+03 5.610146910000000000e+08
5.728991713029128732e+03 6.057529340000000000e+08
5.717190325644060067e+03 1.031536696000000000e+09
5.693534032664475490e+03 4.230192984000000000e+09
5.728303658727717448e+03 2.035419751000000000e+09
5.759354004489240651e+03 5.259154220000000000e+08
5.811462963943615250e+03 3.312098145000000000e+09
5.727933881474019472e+03 3.056923666000000000e+09
5.768334417131502050e+03 3.352969443000000000e+09
5.749745971044971157e+03 3.692382844000000000e+09
5.721195135724110514e+03 2.923165230000000000e+08
5.690428835079632336e+03 2.902939555000000000e+09
5.761160275270563943e+03 2.520069226000000000e+09
5.744673287381552655e+03 2.073283617000000000e+09
5.658715105369083176e+03 6.212162920000000000e+08
5.656430578724164661e+03 1.367231121000000000e+09
5.710304031509418564e+03 2.074085077000000000e+09
5.779917676583274442e+03 2.603470746000000000e+09
5.685711804621352712e+03 1.985130609000000000e+09
5.707973481002783956e+03 1.466244541000000000e+09
5.737731757484561967e+03 3.043696317000000000e+09
5.731226512980373627e+03 4.112475017000000000e+09
5.803212455818182207e+03 4.042714390000000000e+08
5.705352852678972340e+03 4.268032910000000000e+08
5.706428572025732137e+03 6.721559780000000000e+08
5.829759935448402757e+03 7.825439270000000000e+08
5.761041148602029352e+03 3.963883318000000000e+09
5.705746572148877021e+03 1.399672900000000000e+08
5.807364559552489482e+03 1.304694600000000000e+09
5.692325990992079824e+03 1.071917338000000000e+09
5.746403816685400670e+03 4.012598073000000000e+09
5.725069026815450343e+03 2.074058681000000000e+09
5.751610871628566201e+03 1.052931333000000000e+09
5.743171653654867441e+03 3.043880539000000000e+09
5.685728095471104098e+03 1.318589826000000000e+09
5.693696188559340953e+03 3.269073857000000000e+09
5.679231734879094802e+03 1.723250254000000000e+09
5.734060376048868420e+03 3.854998472000000000e+09
5.607105339189333790e+03 1.479307529000000000e+09
5.787747969932016531e+03 1.135945635000000000e+09
5.729071043965347599e+03 2.832490997000000000e+09
5.774544154736468045e+03 1.878034118000000000e+09
5.674381177881431540e+03 2.462830438000000000e+09
5.746353836364914969e+03 1.181501992000000000e+09
5.752990299900629907e+03 3.236945551000000000e+09
5.713114084156403806e+03 3.975372698000000000e+09
5.665148926815353661e+03 1.185614062000000000e+09
5.682044047214145394e+03 4.133579933000000000e+09
5.737842688843798896e+03 4.851665130000000000e+08
5.688814443669793036e+03 1.949135206000000000e+09
5.796031262044576579e+03 7.832419450000000000e+08
5.771228718552186365e+03 3.757304297000000000e+09
5.748224050561889271e+03 2.038127050000000000e+09
5.706568570024719520e+03 2.762349643000000000e+09
5.667513416734864222e+03 2.295675380000000000e+08
5.722994130595596289e+03 1.077925242000000000e+09
5.820982825686110118e+03 2.165534230000000000e+09
5.711379909224345283e+03 2.213207393000000000e+09
5.728474463194135751e+03 4.163089518000000000e+09
5.752888992404186865e+03 7.198402330000000000e+08
5.742656565952749588e+03 1.220454435000000000e+09
5.623687210497279921e+03 2.619250216000000000e+09
5.726655814827369795e+03 3.944706310000000000e+09
5.656689409399374199e+03 1.558026393000000000e+09
5.694417268305754988e+03 1.685363435000000000e+09
5.646169038118952813e+03 1.802331081000000000e+09
5.657625495568119732e+03 3.972764220000000000e+08
5.690730914562440375e+03 1.229952024000000000e+09
5.765209203577611333e+03 2.938384632000000000e+09
5.735774591382192739e+03 1.943605020000000000e+08
5.708526587211606966e+03 3.203548978000000000e+09
5.730750495147672154e+03 1.103166530000000000e+09
5.684495767346656066e+03 3.175212698000000000e+09
5.665049357265622348e+03 3.651450951000000000e+09
5.768719864700482503e+03 3.283445023000000000e+09
5.703143887737194746e+03 3.443266124000000000e+09
5.727109367582996128e+03 1.232877278000000000e+09
5.745315882353244888e+03 1.826144365000000000e+09
5.731255978250377666e+03 2.524624796000000000e+09
5.708206104849874464e+03 3.448458350000000000e+08
5.653080657918766519e+03 1.638847479000000000e+09
5.682009682183712357e+03 2.776394760000000000e+08
5.715530275126322522e+03 2.060356916000000000e+09
5.659277823536238429e+03 2.790106956000000000e+09
5.768287972161748257e+03 3.308534064000000000e+09
5.701349831189720135e+03 2.050829082000000000e+09
5.739184543149480305e+03 2.888232415000000000e+09
5.696567121910251444e+03 2.646035793000000000e+09
5.719915211653531514e+03 1.909127851000000000e+09
5.699218358292545417e+03 1.650811469000000000e+09
5.720553174530354227e+03 2.945290533000000000e+09
5.712133697043313077e+03 3.904649594000000000e+09
5.713112947183233700e+03 3.290745066000000000e+09
5.720520046953390192e+03 2.795328438000000000e+09
5.727255997194182783e+03 2.527176478000000000e+09
5.768743327377347669e+03 2.160589028000000000e+09
5.704149710217510801e+03 1.473197253000000000e+09
5.740100251645697426e+03 2.234445615000000000e+09
5.707130181808628549e+03 2.385779631000000000e+09
5.692474811009557015e+03 2.317696984000000000e+09
5.711031117356036702e+03 2.697346572000000000e+09
5.692230048541727228e+03 3.821455560000000000e+08
5.663743172623331702e+03 4.019143821000000000e+09
5.662463781456252036e+03 3.977252158000000000e+09
5.768206094447968098e+03 9.717024200000000000e+07
5.730153117671254222e+03 1.468830384000000000e+09
5.770219619629671797e+03 2.971363490000000000e+09
5.736774911965766478e+03 3.593378625000000000e+09
5.751094831694563254e+03 2.386424325000000000e+09
5.716082363052733854e+03 3.011646147000000000e+09
5.693004182154794762e+03 1.174079805000000000e+09
5.703242632939387477e+03 9.882021920000000000e+08
5.641067409491008220e+03 2.968803200000000000e+08
5.712647612180661781e+03 3.796905345000000000e+09
5.677905139531325403e+03 3.761316730000000000e+08
5.778168267755496345e+03 2.932576194000000000e+09
5.721009425804013517e+03 2.767390816000000000e+09
5.830535096536887977e+03 1.489512143000000000e+09
5.755224611324660145e+03 2.555843839000000000e+09
5.720503888619497957e+03 3.618008127000000000e+09
5.737312314731987499e+03 4.410309370000000000e+08
5.711715878067479025e+03 4.037413981000000000e+09
5.708775646069168943e+03 3.560392022000000000e+09
5.669068437730020378e+03 3.827021971000000000e+09
5.724713051612059644e+03 4.487246500000000000e+07
5.751686687615963820e+03 1.442109528000000000e+09
5.712920852843707507e+03 2.642165376000000000e+09
5.719374542234238106e+03 4.118995628000000000e+09
5.692645545756064166e+03 3.642744788000000000e+09
5.663599598805706592e+03 4.261502850000000000e+09
5.693100643801551087e+03 2.433217084000000000e+09
5.696624730120571257e+03 2.524843226000000000e+09
5.763530037225289561e+03 3.876516770000000000e+08
5.624879579928990097e+03 8.315044300000000000e+07
5.726728020307011320e+03 1.315158030000000000e+08
5.745221461827681196e+03 1.590780493000000000e+09
5.687497058180741078e+03 1.048329400000000000e+09
5.726674364846920071e+03 3.949197100000000000e+07
5.707104690896439934e+03 3.249520871000000000e+09
5.679936807078405764e+03 1.535292120000000000e+09
5.703899990354442707e+03 6.287355000000000000e+06
5.640240088040663977e+03 2.600441966000000000e+09
5.732922400699837453e+03 3.270257690000000000e+09
5.769424494223722832e+03 9.191727400000000000e+07
5.712873424843444809e+03 2.347126023000000000e+09
5.654540556727202784e+03 1.803632720000000000e+08
5.791441364635182254e+03 6.190997530000000000e+08
5.787114885786850209e+03 1.922810990000000000e+08
5.689608557849531280e+03 1.125448737000000000e+09
5.705903166895073809e+03 3.146575384000000000e+09
5.785099078388918315e+03 3.200530927000000000e+09
5.785606538588386684e+03 1.657195331000000000e+09
5.673494459553208799e+03 3.528162988000000000e+09
5.744125509211224198e+03 2.647769241000000000e+09
5.718052905643140548e+03 1.350741097000000000e+09
5.712526038014850201e+03 3.363570109000000000e+09
5.657226825553112576e+03 4.046174849000000000e+09
5.699039759624161888e+03 6.382733830000000000e+08
5.704142913478885021e+03 2.514457519000000000e+09
5.772114103246758532e+03 4.002009940000000000e+08
5.733881664064503639e+03 3.520997098000000000e+09
5.738572650135657568e+03 9.290180400000000000e+07
5.760812433053200039e+03 2.347301579000000000e+09
5.734665082984414767e+03 3.835574190000000000e+09
5.712230186713664807e+03 2.930617819000000000e+09
5.728585707921800349e+03 1.041456739000000000e+09
5.800298608104823870e+03 2.403745045000000000e+09
5.625955483672795708e+03 4.097030828000000000e+09
5.713190270837965727e+03 3.947601947000000000e+09
5.820161410335093024e+03 1.884720314000000000e+09
5.798809774019112410e+03 4.059805774000000000e+09
5.787162296961430002e+03 1.912862225000000000e+09
5.698384838265711551e+03 4.182145990000000000e+08
5.724616533693815654e+03 1.911353071000000000e+09
5.651140607810613801e+03 3.129351900000000000e+07
5.698679513230341399e+03 1.995277590000000000e+08
5.862559181037129747e+03 3.922993700000000000e+07
5.691186069288929502e+03 3.265424052000000000e+09
5.691971513057194898e+03 2.678431169000000000e+09
5.713851084392069424e+03 2.525706451000000000e+09
5.745311517475740402e+03 4.265300765000000000e+09
5.686460804712196477e+03 3.089627802000000000e+09
5.690782083969237647e+03 2.958839063000000000e+09
5.615558905001043968e+03 3.602413376000000000e+09
5.699104376028777551e+03 2.557925923000000000e+09
5.717479579903636477e+03 3.218720639000000000e+09
5.704669384727878423e+03 4.290981509000000000e+09
5.739237979786596952e+03 3.606752385000000000e+09
5.710398457386603695e+03 2.642048225000000000e+09
5.818909725376413917e+03 3.225086303000000000e+09
5.706552169831671563e+03 7.089535010000000000e+08
5.695499487766846869e+03 1.303402992000000000e+09
5.731089512935599487e+03 3.414237620000000000e+08
5.752330684143411418e+03 1.744912333000000000e+09
5.737358407759806141e+03 4.035086283000000000e+09
5.742061569505071020e+03 3.413840902000000000e+09
5.653195035070084487e+03 1.063054331000000000e+09
5.720798013544446803e+03 2.128619486000000000e+09
5.788952069453839613e+03 6.825836620000000000e+08
5.720339750907300186e+03 2.353208334000000000e+09
5.672066652000796239e+03 4.275785944000000000e+09
5.744796408545880695e+03 2.251118263000000000e+09
5.677808593631077201e+03 6.988818450000000000e+08
5.690353096647297207e+03 9.134889550000000000e+08
5.755315962210383077e+03 2.396920938000000000e+09
5.738057735902570130e+03 3.052223071000000000e+09
5.655297648063914494e+03 3.316960460000000000e+09
5.735251852952676927e+03 3.010642383000000000e+09
5.798325206479877124e+03 1.278660831000000000e+09
5.665102525297497778e+03 3.270475181000000000e+09
5.729438799785673837e+03 1.612829182000000000e+09
5.670671583726645622e+03 7.162703720000000000e+08
5.670642041212844561e+03 1.221862122000000000e+09
5.669704209008346879e+03 3.040703292000000000e+09
5.718656857977897744e+03 2.377304091000000000e+09
5.741922093309974116e+03 3.006873698000000000e+09
5.737789218872288984e+03 1.501061948000000000e+09
5.817590017500104295e+03 2.160881875000000000e+09
5.696216388098242533e+03 4.474977110000000000e+08
5.731224401501631291e+03 2.915810172000000000e+09
5.765657330606545656e+03 1.886234852000000000e+09
5.732152268501705294e+03 1.358036906000000000e+09
5.688758034331745876e+03 1.591582138000000000e+09
5.770142467739169660e+03 3.992895500000000000e+09
5.714814208008540845e+03 3.847431770000000000e+08
5.749242997272933280e+03 1.710705808000000000e+09
5.702599726435302728e+03 1.909290740000000000e+08
5.702770037651253915e+03 2.026938914000000000e+09
5.653522335156674671e+03 3.383155856000000000e+09
5.858957478586393336e+03 3.700292580000000000e+08
5.810681588126164570e+03 1.474363012000000000e+09
5.749760511182999835e+03 2.327106843000000000e+09
5.739025745822017598e+03 1.504420122000000000e+09
5.737074189970439875e+03 1.875978427000000000e+09
5.702166149758593747e+03 1.856180604000000000e+09
5.642168915638734688e+03 2.162669591000000000e+09
5.712981164383794749e+03 5.579802790000000000e+08
5.709371174345877989e+03 3.740287178000000000e+09
5.725362103011733780e+03 1.113249843000000000e+09
5.740370361327803948e+03 2.641498708000000000e+09
5.714774193455395107e+03 2.605932866000000000e+09
5.761611383587576711e+03 1.438927121000000000e+09
5.734881545781829118e+03 1.214006528000000000e+09
5.728755653519814587e+03 2.940028391000000000e+09
5.784974382737627820e+03 1.272768965000000000e+09
5.779257160554880102e+03 4.263204575000000000e+09
5.733435186530099600e+03 3.158102560000000000e+09
5.704991914517546320e+03 1.034569708000000000e+09
5.633460637169273468e+03 2.926842169000000000e+09
5.746679988738755128e+03 5.629301300000000000e+08
5.762324642156223490e+03 3.441997004000000000e+09
5.651170723875682597e+03 1.037507359000000000e+09
5.738624253556608892e+03 1.809696506000000000e+09
5.740870605299958697e+03 1.366527935000000000e+09
5.667390903717681795e+03 3.159399790000000000e+09
5.720197460518899788e+03 2.912154056000000000e+09
5.734057077830400885e+03 3.437199409000000000e+09
5.692137360086930130e+03 2.527984594000000000e+09
5.713498839325488007e+03 2.879690699000000000e+09
5.739838187487312098e+03 1.653057522000000000e+09
5.700369581690689301e+03 3.338500851000000000e+09
5.737054522096768778e+03 2.242518050000000000e+09
5.726178762585721415e+03 4.093315536000000000e+09
5.788985537173026387e+03 2.661232673000000000e+09
5.740662446473052114e+03 2.056231569000000000e+09
5.715606610749895481e+03 2.154931620000000000e+09
5.750820880965690776e+03 1.844401082000000000e+09
5.748302558200117346e+03 1.316273780000000000e+09
5.832984686539768518e+03 2.407220455000000000e+09
5.740838343288902252e+03 4.106583826000000000e+09
5.614720895539338926e+03 2.898926897000000000e+09
5.736081752686965956e+03 1.033691399000000000e+09
5.646850927265479186e+03 7.014224850000000000e+08
5.682786197582790919e+03 3.942206924000000000e+09
5.683560247729341427e+03 2.201793600000000000e+08
5.668996582491298796e+03 5.879805280000000000e+08
5.685155391186930501e+03 9.382187870000000000e+08
5.649562629620891130e+03 2.203470446000000000e+09
5.758177768170210584e+03 9.714722780000000000e+08
5.730324264238341129e+03 4.483206640000000000e+08
5.702583034212388156e+03 2.750403028000000000e+09
5.805782581715391643e+03 2.902001272000000000e+09
5.807381733317881299e+03 2.215167899000000000e+09
5.742900626634087530e+03 2.908189590000000000e+08
