# Lens_likelihood 	 seed
5.535043736386873206e+03 1.269083647000000000e+09
5.496213036027310409e+03 3.091796160000000000e+09
5.478939848390245970e+03 1.362519218000000000e+09
5.563572496002817388e+03 1.215066222000000000e+09
5.536836592972753351e+03 4.252949244000000000e+09
5.481343619936831601e+03 3.275816431000000000e+09
5.479809395054267043e+03 1.304533102000000000e+09
5.508194248163732482e+03 1.623498141000000000e+09
5.518227451480074706e+03 2.325200214000000000e+09
5.521725378832563365e+03 1.894789939000000000e+09
5.504720087702657111e+03 2.561719129000000000e+09
5.519685223440576920e+03 2.995140150000000000e+08
5.522567802685319293e+03 8.477959360000000000e+08
5.555765678607428526e+03 2.552703010000000000e+09
5.536175470901057452e+03 1.025447000000000000e+09
5.532901055346459543e+03 3.364045216000000000e+09
5.515843260691256546e+03 2.594121626000000000e+09
5.507957612668883485e+03 3.782698800000000000e+08
5.531132624817404576e+03 1.830345357000000000e+09
5.527862575608755833e+03 2.920979865000000000e+09
5.527911261982608266e+03 3.131534589000000000e+09
5.505897842575705909e+03 2.442963230000000000e+08
5.508234091124561019e+03 1.931004400000000000e+09
5.540559423902031995e+03 2.649679239000000000e+09
5.537495402082768123e+03 4.005197756000000000e+09
5.525587446759835075e+03 3.966419822000000000e+09
5.512724442086177078e+03 8.376110340000000000e+08
5.534152055879985710e+03 1.985397714000000000e+09
5.517203825859442986e+03 1.489324410000000000e+08
5.485042520004139078e+03 3.152849810000000000e+08
5.536982324462362158e+03 2.719072984000000000e+09
5.511836499439640647e+03 1.538943533000000000e+09
5.498812465056955261e+03 3.227299041000000000e+09
5.547280408675122999e+03 3.213252984000000000e+09
5.517547353031672174e+03 2.874559328000000000e+09
5.526333798853132066e+03 3.592856483000000000e+09
5.518470426657620919e+03 7.053979630000000000e+08
5.545666714259597939e+03 3.123182713000000000e+09
5.542593651176390267e+03 3.041413244000000000e+09
5.514519201129322028e+03 3.419581777000000000e+09
5.517261747122999623e+03 2.533540870000000000e+08
5.481489287741518638e+03 2.188967766000000000e+09
5.527954126276747957e+03 2.314736278000000000e+09
5.536144178054425538e+03 1.021673587000000000e+09
5.522752748013459495e+03 9.703152900000000000e+08
5.490952446945761949e+03 2.076022053000000000e+09
5.497167111396078326e+03 1.578332482000000000e+09
5.546968056823559891e+03 4.172192950000000000e+09
5.488597584768408524e+03 4.127899934000000000e+09
5.496892044131484909e+03 2.978089927000000000e+09
5.510941612132409318e+03 9.561729470000000000e+08
5.535815257764747003e+03 3.408660229000000000e+09
5.542951341960503669e+03 2.213619756000000000e+09
5.534401294894257262e+03 5.864341680000000000e+08
5.545067711048722231e+03 1.671888862000000000e+09
5.491445725808686802e+03 2.463235657000000000e+09
5.480775883080406857e+03 3.915517157000000000e+09
5.536223255495755438e+03 1.229029577000000000e+09
5.520102603398654537e+03 4.026631444000000000e+09
5.516443050511405090e+03 1.338207478000000000e+09
5.505638780273376142e+03 1.839279820000000000e+08
5.523128704796015882e+03 7.214803540000000000e+08
5.529008440989758128e+03 3.007826720000000000e+08
5.507896497175945115e+03 8.273957730000000000e+08
5.526632610681899678e+03 9.162079510000000000e+08
5.493920298042881768e+03 2.974391494000000000e+09
5.532145434862215552e+03 5.614868090000000000e+08
5.511606784132962275e+03 1.613192537000000000e+09
5.499499608972386341e+03 7.896396000000000000e+08
5.500752275660151099e+03 2.513015503000000000e+09
5.513343545004224325e+03 1.048402825000000000e+09
5.464093461433933044e+03 9.797420500000000000e+07
5.483711834231782632e+03 2.834891650000000000e+08
5.519975092961118207e+03 2.117728892000000000e+09
5.509391150806910446e+03 3.947512783000000000e+09
5.523901437346728926e+03 2.580654752000000000e+09
5.543219362536377957e+03 2.658555112000000000e+09
5.513055792878443754e+03 6.884180530000000000e+08
5.525936515743394921e+03 2.139494641000000000e+09
5.511532456209135489e+03 1.247968353000000000e+09
5.521079426543192312e+03 4.984666470000000000e+08
5.478794819554763308e+03 4.443501100000000000e+08
5.482540399968387646e+03 3.196225683000000000e+09
5.510312574966786997e+03 1.132599552000000000e+09
5.503492383273967789e+03 1.890492610000000000e+08
5.525898695214037616e+03 1.141252627000000000e+09
5.505697424011993462e+03 2.178982179000000000e+09
5.529325583468474179e+03 2.326074556000000000e+09
5.493271802852883411e+03 2.481672167000000000e+09
5.510774398865959483e+03 3.756662736000000000e+09
5.544141688044946932e+03 3.298944093000000000e+09
5.538419407939245502e+03 2.835617438000000000e+09
5.485851185415465807e+03 1.695681464000000000e+09
5.476596643598230912e+03 2.650076076000000000e+09
5.482747346553722309e+03 2.785966417000000000e+09
5.508877502512540559e+03 2.581094589000000000e+09
5.491078006344424466e+03 1.580836145000000000e+09
5.487207708420845847e+03 2.870801726000000000e+09
5.543040664703355105e+03 3.289786898000000000e+09
5.523913821242702397e+03 4.019709161000000000e+09
5.507154743781887191e+03 3.948509434000000000e+09
5.498185968806219535e+03 2.888169524000000000e+09
5.515982123500256421e+03 1.195969797000000000e+09
5.543075637810155058e+03 1.082725650000000000e+09
5.490964485251194674e+03 2.000288883000000000e+09
5.506108686065585971e+03 1.434270260000000000e+09
5.507657413610681033e+03 1.477982355000000000e+09
5.547902884987203834e+03 2.239265840000000000e+09
5.504955038683930979e+03 4.261077419000000000e+09
5.489472222648601928e+03 3.123733193000000000e+09
5.491394698040638104e+03 2.524438699000000000e+09
5.522379117377498915e+03 1.715793070000000000e+08
5.528403652238235736e+03 1.594526417000000000e+09
5.512435975530011092e+03 1.288788304000000000e+09
5.524669629728797190e+03 3.774408790000000000e+09
5.484767543941086842e+03 2.272524131000000000e+09
5.525220549833169571e+03 1.716682327000000000e+09
5.532424319676196319e+03 1.967439049000000000e+09
5.518284441059829987e+03 1.597463369000000000e+09
5.499230984555627401e+03 2.776278201000000000e+09
5.512088323661388131e+03 3.140025583000000000e+09
5.523399469280046105e+03 3.733767640000000000e+08
5.544237229374294657e+03 1.021868148000000000e+09
5.523577796716779631e+03 3.104729298000000000e+09
5.543155069825076680e+03 2.928874980000000000e+08
5.523490292366661379e+03 2.531717187000000000e+09
5.546322326205131503e+03 3.602818585000000000e+09
5.512388530398869989e+03 2.472661563000000000e+09
5.463603191446924029e+03 2.356503335000000000e+09
5.504582003449368131e+03 1.527322296000000000e+09
5.535802157566550704e+03 3.517758843000000000e+09
5.536488811557250301e+03 1.496549731000000000e+09
5.525577253372623090e+03 2.209644945000000000e+09
5.505086740753256890e+03 3.186475845000000000e+09
5.514441055707803571e+03 1.271840840000000000e+09
5.513174045159891648e+03 2.356167398000000000e+09
5.528812573378630077e+03 1.763002373000000000e+09
5.544217164240667444e+03 4.044861526000000000e+09
5.533679127918540871e+03 1.899123541000000000e+09
5.523787892445558100e+03 1.348788216000000000e+09
5.536657967016437397e+03 1.097725270000000000e+08
5.477713196380558657e+03 5.991111300000000000e+07
5.527082448537148593e+03 1.339975560000000000e+08
5.540568494918967190e+03 1.733776877000000000e+09
5.524306902302631897e+03 2.671567701000000000e+09
5.513875158161607942e+03 1.653073188000000000e+09
5.540320553718275733e+03 5.647849030000000000e+08
5.518997710676467250e+03 4.255668893000000000e+09
5.493917567798375785e+03 4.180070268000000000e+09
5.511339142107184671e+03 3.682243595000000000e+09
5.506950091919807164e+03 3.004820760000000000e+08
5.515277864805188074e+03 2.060932723000000000e+09
5.516735075096374203e+03 3.598290617000000000e+09
5.529757625095280673e+03 3.099666254000000000e+09
5.534079467962780654e+03 2.612433175000000000e+09
5.527807434670396106e+03 2.072201845000000000e+09
5.539356537145635230e+03 3.940979367000000000e+09
5.528634833605692620e+03 2.988787820000000000e+08
5.547861361945990211e+03 3.995484202000000000e+09
5.517207971987387282e+03 2.822086859000000000e+09
5.526793074055427496e+03 7.143890270000000000e+08
5.512299704118571753e+03 8.095968830000000000e+08
5.522375987879800959e+03 9.968602700000000000e+07
5.543949185681630297e+03 3.423892497000000000e+09
5.530027297878188620e+03 2.200074565000000000e+09
5.510680002723252073e+03 3.951791442000000000e+09
5.489240386440597831e+03 2.209845970000000000e+08
5.528175935566463522e+03 4.040631160000000000e+09
5.508627895402965805e+03 3.163642676000000000e+09
5.533896034422182311e+03 1.320595198000000000e+09
5.518084162986264346e+03 1.803155829000000000e+09
5.476315517003766217e+03 1.006640971000000000e+09
5.481567839781613657e+03 3.625927034000000000e+09
5.518870864707051624e+03 3.180202289000000000e+09
5.514940353934747691e+03 2.455536430000000000e+08
5.507075921693843156e+03 8.876260510000000000e+08
5.544933422418839655e+03 3.568044666000000000e+09
5.506984284476977336e+03 1.180700488000000000e+09
5.533660698611553016e+03 7.561748460000000000e+08
5.499608506645841771e+03 1.219476082000000000e+09
5.518210795715531276e+03 2.590588882000000000e+09
5.519576386424583688e+03 1.061163143000000000e+09
5.538021645278432516e+03 3.358556901000000000e+09
5.527226044190801986e+03 8.534613030000000000e+08
5.513138875342611755e+03 4.246234767000000000e+09
5.523059766930999103e+03 2.819976208000000000e+09
5.539006425374875107e+03 3.158692189000000000e+09
5.515255319852001776e+03 1.585061608000000000e+09
5.486265551163456621e+03 1.454998866000000000e+09
5.498183004552199236e+03 3.018436015000000000e+09
5.531468764897370420e+03 3.849810027000000000e+09
5.488783155342778628e+03 3.637313295000000000e+09
5.503766339346348104e+03 1.456497437000000000e+09
5.511031367161562230e+03 3.745641145000000000e+09
5.551025112222145253e+03 3.019426028000000000e+09
5.509364532079574019e+03 3.818009551000000000e+09
5.534660594331533503e+03 2.692942230000000000e+09
5.533722136527270777e+03 3.165252634000000000e+09
5.508004211248790853e+03 4.850304110000000000e+08
5.514289185102399642e+03 3.934318868000000000e+09
5.549084887834885194e+03 4.214792809000000000e+09
5.543455011655647468e+03 3.238074344000000000e+09
5.522079727564068889e+03 1.924948039000000000e+09
5.520798404141907668e+03 5.520943780000000000e+08
5.500782045604370978e+03 1.407472878000000000e+09
5.567224978940515030e+03 8.215783860000000000e+08
5.519693091645844106e+03 2.620804391000000000e+09
5.514110786039083905e+03 2.759970377000000000e+09
5.538494264667750031e+03 2.612774611000000000e+09
5.537366238087490274e+03 1.170525634000000000e+09
5.514376290886414608e+03 2.812950187000000000e+09
5.534594840373076295e+03 4.092961986000000000e+09
5.527979261076737203e+03 4.223147851000000000e+09
5.535887201025127979e+03 1.507215091000000000e+09
5.503057495052300510e+03 1.058287509000000000e+09
5.525288633648878204e+03 2.774257078000000000e+09
5.489533291349754109e+03 1.927750380000000000e+09
5.528254824936313526e+03 1.712339990000000000e+08
5.531799320540516419e+03 1.480904407000000000e+09
5.505298454146910444e+03 4.018822074000000000e+09
5.469378221297550226e+03 1.832024733000000000e+09
5.506050348666252830e+03 4.093186800000000000e+09
5.511650564915008545e+03 5.554052970000000000e+08
5.522237622457600082e+03 5.673653490000000000e+08
5.535411089300317144e+03 4.676534480000000000e+08
5.536250113756811515e+03 2.252505961000000000e+09
5.521698471450592479e+03 3.519193771000000000e+09
5.507282127013460922e+03 3.149893917000000000e+09
5.519536846737718406e+03 2.336394378000000000e+09
5.493314480265700695e+03 4.083624335000000000e+09
5.545746622665650648e+03 6.893191680000000000e+08
5.526806620460733029e+03 2.213731022000000000e+09
5.488883950683488365e+03 1.426130283000000000e+09
5.498802057113276533e+03 1.265725122000000000e+09
5.458365799171596336e+03 3.397817702000000000e+09
5.521631278981913965e+03 2.813335930000000000e+09
5.490356030800233384e+03 1.106050982000000000e+09
5.535897680155209855e+03 2.928523417000000000e+09
5.487788937090546824e+03 3.126571362000000000e+09
5.520473654688144052e+03 2.418301397000000000e+09
5.532878966037246755e+03 3.629451240000000000e+09
5.491853211921277762e+03 3.208572802000000000e+09
5.548381960872426134e+03 3.572523103000000000e+09
5.484967066587483714e+03 7.484696060000000000e+08
5.491460114562656599e+03 2.455223000000000000e+07
5.479422341512445200e+03 3.311916121000000000e+09
5.512188040036976417e+03 1.765293768000000000e+09
5.514465511951732879e+03 2.640813533000000000e+09
5.533787861207074457e+03 1.444654028000000000e+09
5.522794777966732909e+03 2.290302607000000000e+09
5.484637481523618590e+03 2.893934937000000000e+09
5.507211305840125533e+03 3.444760129000000000e+09
5.515216967002517777e+03 1.580384429000000000e+09
5.477472903035169111e+03 5.709493990000000000e+08
5.541912231963259728e+03 1.475273815000000000e+09
5.519796344926280653e+03 4.448632370000000000e+08
5.507608069329453429e+03 3.793327345000000000e+09
5.518246352105998085e+03 4.095891547000000000e+09
5.534865726173564326e+03 9.737343640000000000e+08
5.532238696585260186e+03 1.582252681000000000e+09
5.517609957924980336e+03 4.139751097000000000e+09
5.503487471838323472e+03 3.388064490000000000e+08
5.486476040813035979e+03 2.778712675000000000e+09
5.524539436977907826e+03 4.201635770000000000e+08
5.542450780030174428e+03 1.799907770000000000e+09
5.521932358703215868e+03 2.195290771000000000e+09
5.531596463577827308e+03 4.077297495000000000e+09
5.537391095042727102e+03 2.257631521000000000e+09
5.507550864559781985e+03 3.244442347000000000e+09
5.527242488855312331e+03 8.989976580000000000e+08
5.517923692133022996e+03 3.132264336000000000e+09
5.522537568236733932e+03 1.230686484000000000e+09
5.548752170252888391e+03 4.202278106000000000e+09
5.524392673177777397e+03 3.656890670000000000e+09
5.528125484209496790e+03 3.683957507000000000e+09
5.543905824507296529e+03 3.230403561000000000e+09
5.498907081626231047e+03 1.860545570000000000e+09
5.536058037578805852e+03 3.407624500000000000e+09
5.511904791768240102e+03 6.906417270000000000e+08
5.506484616984640525e+03 1.542378954000000000e+09
5.538656806655329092e+03 1.114645575000000000e+09
5.526469451866619238e+03 3.391885640000000000e+09
5.510149179795595046e+03 3.750411009000000000e+09
5.516952914635071465e+03 7.323666240000000000e+08
5.508974690814082351e+03 3.758500339000000000e+09
5.483409475091852073e+03 9.560218380000000000e+08
5.513414772015445124e+03 4.279399556000000000e+09
5.529535751020777752e+03 3.610942897000000000e+09
5.518518377266191237e+03 2.535973707000000000e+09
5.440628826002375718e+03 4.010819090000000000e+09
5.524948208551551943e+03 2.755243041000000000e+09
5.513828797974470945e+03 2.091508494000000000e+09
5.516437616379769679e+03 1.495586800000000000e+08
5.527278698854565846e+03 2.966285274000000000e+09
5.542086589731708955e+03 3.172706110000000000e+08
5.516484112042279776e+03 5.968235370000000000e+08
5.520765177884120021e+03 3.733832842000000000e+09
5.529624556987959295e+03 4.001397844000000000e+09
5.511733138268235052e+03 2.267381745000000000e+09
5.490872219779232182e+03 1.807768386000000000e+09
5.515096343141285615e+03 3.751177368000000000e+09
5.526019891491132512e+03 4.805950000000000000e+07
5.550205107286002203e+03 1.126696906000000000e+09
5.511322421667393428e+03 1.716804487000000000e+09
5.522946367500183442e+03 1.112897200000000000e+09
5.490215702391374180e+03 3.551903750000000000e+08
5.489033184188822815e+03 2.758812856000000000e+09
5.498262491549125116e+03 3.528019724000000000e+09
5.537237246182087802e+03 5.305015990000000000e+08
5.510987710286880429e+03 9.448698610000000000e+08
5.525063388893458068e+03 2.433482245000000000e+09
5.527674018905032426e+03 2.068080255000000000e+09
5.464426095578153763e+03 2.698506253000000000e+09
5.511162285007900209e+03 4.188221005000000000e+09
5.498087786385247455e+03 2.547135357000000000e+09
5.515717945919553131e+03 6.508923570000000000e+08
5.515846585801083165e+03 4.125070015000000000e+09
5.542993677360294896e+03 2.156794058000000000e+09
5.509616847349408999e+03 2.484763767000000000e+09
5.519257940574830172e+03 3.000631502000000000e+09
5.514572752048279654e+03 1.785541540000000000e+08
5.546599477591403229e+03 2.916727204000000000e+09
5.532395203999290970e+03 2.846503259000000000e+09
5.548739841749665175e+03 4.254250735000000000e+09
5.517586560652043772e+03 2.423731357000000000e+09
5.534147864988519359e+03 7.706389850000000000e+08
5.492641631728743050e+03 1.217302287000000000e+09
5.515879073596430317e+03 2.759354352000000000e+09
5.500868052719751176e+03 1.342102691000000000e+09
5.500707042931301658e+03 1.815095675000000000e+09
5.522362174710951876e+03 3.453716670000000000e+09
5.496977824996257368e+03 2.060883939000000000e+09
5.496009376961696034e+03 3.499859662000000000e+09
5.533237004025635542e+03 3.159155107000000000e+09
5.531539598201624358e+03 2.652276042000000000e+09
5.524124388711924439e+03 3.188919838000000000e+09
5.516192370581274190e+03 1.391754304000000000e+09
5.474469257695911438e+03 3.154219296000000000e+09
5.542410297314949275e+03 1.319853340000000000e+08
5.530919913060646650e+03 1.010729843000000000e+09
5.530057533864962352e+03 4.099136566000000000e+09
5.543084104868940813e+03 7.043608600000000000e+07
5.509304695901689229e+03 3.151204473000000000e+09
5.490348040185574064e+03 3.168523951000000000e+09
5.533158312875968477e+03 1.008452500000000000e+09
5.525137774005817846e+03 4.906682000000000000e+06
5.496298436878829307e+03 2.486119099000000000e+09
5.496461058471583783e+03 3.211092443000000000e+09
5.508939642858606021e+03 2.961510829000000000e+09
5.512141391273900808e+03 8.908636940000000000e+08
