# Lens_likelihood 	 seed
6.655299275119748927e+03 2.462374704000000000e+09
6.656352407817854328e+03 2.186050412000000000e+09
6.650248761516711966e+03 1.285765920000000000e+08
6.673374600468327117e+03 4.232077157000000000e+09
6.656744914816984419e+03 1.984064011000000000e+09
6.639660970116263343e+03 1.535490540000000000e+09
6.652480476844294571e+03 4.002863066000000000e+09
6.656706449789145154e+03 4.121985759000000000e+09
6.641181043321330435e+03 6.955629700000000000e+08
6.661413053034255427e+03 3.574947880000000000e+08
6.647782594511398202e+03 1.814861266000000000e+09
6.644471489018361353e+03 3.567159012000000000e+09
6.654792712507594842e+03 3.830819132000000000e+09
6.659308742690274812e+03 1.605498550000000000e+08
6.646246530288190115e+03 1.186541767000000000e+09
6.648214170236827158e+03 3.163072592000000000e+09
6.666583705845345321e+03 3.106648225000000000e+09
6.651588048002618962e+03 3.303917270000000000e+09
6.656962194099029148e+03 2.976087204000000000e+09
6.658813865926368635e+03 3.059399223000000000e+09
6.670011258726239248e+03 2.437931943000000000e+09
6.659492399747856325e+03 4.678819800000000000e+07
6.650726052208487090e+03 2.143968295000000000e+09
6.652961853323383366e+03 1.607006951000000000e+09
6.652588335540984190e+03 2.454043634000000000e+09
6.658370565144236025e+03 1.437575940000000000e+08
6.654305252179585295e+03 4.027794068000000000e+09
6.646144492395890666e+03 7.743246430000000000e+08
6.645678814392784261e+03 2.690852687000000000e+09
6.649569064897317730e+03 3.394990071000000000e+09
6.656270757908806445e+03 4.146210810000000000e+08
6.655335075890026928e+03 2.482342427000000000e+09
6.640782408747416412e+03 2.451056516000000000e+09
6.650733370090227254e+03 2.095061576000000000e+09
6.642888322257123946e+03 4.162935205000000000e+09
6.653013253767625429e+03 5.728810580000000000e+08
6.642520335210112535e+03 3.132822005000000000e+09
6.651938638405792517e+03 2.615492829000000000e+09
6.662137951972887095e+03 1.367894790000000000e+09
6.649723808203320004e+03 2.118426510000000000e+09
6.650212774519918639e+03 2.608713058000000000e+09
6.657915998113035130e+03 2.432613056000000000e+09
6.653324405080882570e+03 1.831105100000000000e+09
6.654078852688697225e+03 3.241016924000000000e+09
6.660971807141579120e+03 2.787612352000000000e+09
6.672400725654627422e+03 3.057807675000000000e+09
6.647805350946620820e+03 1.997133253000000000e+09
6.656324006200228723e+03 1.221935529000000000e+09
6.644769685985338583e+03 3.778491090000000000e+09
6.647261769113672017e+03 1.229024198000000000e+09
6.652468586354225408e+03 3.313054170000000000e+09
6.645823600609974164e+03 3.843597543000000000e+09
6.661761314604759718e+03 1.479888520000000000e+08
6.655226339575065140e+03 1.922441388000000000e+09
6.648324224039082765e+03 3.570294103000000000e+09
6.681577629726124542e+03 3.931749710000000000e+08
6.643319031601678944e+03 3.650292919000000000e+09
6.654678219372305648e+03 2.364542870000000000e+09
6.653796810703342999e+03 3.209252800000000000e+07
6.661902406567834078e+03 1.305141662000000000e+09
6.656962735017867089e+03 1.075442676000000000e+09
6.658302430528607147e+03 2.854128020000000000e+09
6.654133728123028050e+03 2.981884650000000000e+09
6.654289881798905299e+03 8.093166800000000000e+08
6.648236323418239408e+03 3.960051793000000000e+09
6.655897739093987184e+03 1.861980374000000000e+09
6.655914319709667325e+03 2.804387544000000000e+09
6.659194415416463016e+03 3.983415234000000000e+09
6.650329406991603719e+03 1.821584420000000000e+08
6.648776605323032527e+03 3.579202289000000000e+09
6.662544138156532426e+03 1.724502132000000000e+09
6.665532432789326776e+03 2.639546962000000000e+09
6.660165170647488594e+03 1.432702326000000000e+09
6.647612298782907601e+03 6.338645470000000000e+08
6.647254303677421376e+03 3.314213187000000000e+09
6.640316410834085218e+03 3.360647382000000000e+09
6.649846776504506124e+03 2.011118010000000000e+09
6.633940591089361988e+03 3.207785224000000000e+09
6.661235051558182931e+03 6.244346470000000000e+08
6.666652889122471606e+03 4.124322955000000000e+09
6.666295351935430517e+03 2.188619591000000000e+09
6.637891071918167654e+03 2.063928410000000000e+09
6.660740922500008310e+03 2.092569543000000000e+09
6.650091601118461767e+03 2.516770560000000000e+09
6.652664331466256044e+03 1.398093732000000000e+09
6.655840976335807682e+03 3.286164973000000000e+09
6.653594785968358337e+03 1.870301088000000000e+09
6.656077183126629279e+03 1.907645291000000000e+09
6.651886729387601008e+03 3.336209496000000000e+09
6.661654056241570288e+03 8.522411910000000000e+08
6.653640024882062789e+03 4.781443500000000000e+07
6.650116853649497898e+03 2.740264172000000000e+09
6.647228232714355727e+03 1.434221799000000000e+09
6.637263225935254923e+03 1.475940399000000000e+09
6.643944877297768471e+03 2.285111007000000000e+09
6.669108769642920379e+03 1.920799347000000000e+09
6.636238805831086211e+03 3.123805121000000000e+09
6.641999850521182452e+03 2.968881867000000000e+09
6.648796880410402082e+03 3.917234200000000000e+08
6.637769383366228794e+03 2.008515802000000000e+09
6.662893945130542306e+03 2.161932531000000000e+09
6.647075359787125308e+03 9.841235880000000000e+08
6.644670427096113599e+03 3.774090830000000000e+08
6.639064619883377418e+03 3.091043023000000000e+09
6.649623287261636506e+03 2.238244270000000000e+09
6.648563479525237199e+03 3.852153856000000000e+09
6.653554623781414193e+03 2.527806856000000000e+09
6.644471679539257821e+03 9.027004140000000000e+08
6.649299808572870461e+03 1.688726650000000000e+09
6.643920992300857506e+03 1.402394940000000000e+08
6.642023561672576761e+03 2.121297755000000000e+09
6.648472217376069239e+03 2.496206636000000000e+09
6.654789926808251039e+03 7.393130530000000000e+08
6.676549012666395356e+03 2.387650896000000000e+09
6.656263512546707716e+03 3.701389519000000000e+09
6.658796847074513607e+03 1.685003338000000000e+09
6.651784566750438898e+03 2.113154990000000000e+08
6.648337855228941407e+03 7.692555920000000000e+08
6.652341597979968356e+03 2.814643318000000000e+09
6.649449721453023813e+03 6.483727250000000000e+08
6.661679024153989303e+03 9.205497020000000000e+08
6.647141121363571074e+03 3.904692664000000000e+09
6.655466689709108323e+03 2.323273795000000000e+09
6.639276548408038252e+03 1.461645516000000000e+09
6.651684470576028616e+03 2.536935567000000000e+09
6.656931897418844528e+03 2.096028440000000000e+09
6.661751766609554579e+03 1.945157304000000000e+09
6.651466544114792669e+03 2.691976290000000000e+09
6.647292719899772237e+03 3.334195241000000000e+09
6.639351776748154407e+03 2.305924753000000000e+09
6.655551824993935952e+03 3.735629641000000000e+09
6.637108063716339529e+03 3.718470225000000000e+09
6.653456390189188824e+03 3.029923310000000000e+09
6.660702846644097008e+03 4.256297291000000000e+09
6.662947057229748680e+03 2.609085576000000000e+09
6.641494012367076721e+03 3.684599939000000000e+09
6.661007170308366767e+03 3.919817500000000000e+07
6.658106347748091139e+03 2.382625050000000000e+09
6.646733319137936633e+03 7.762847500000000000e+07
6.632706652472561473e+03 2.345110873000000000e+09
6.666858118895015650e+03 3.771801530000000000e+09
6.641804693887749636e+03 1.052691145000000000e+09
6.665739749143640438e+03 1.864596013000000000e+09
6.629930918594787727e+03 2.529743675000000000e+09
6.671286423071373974e+03 3.744166748000000000e+09
6.652273802597117538e+03 1.374890700000000000e+08
6.649654081078124364e+03 1.853172596000000000e+09
6.661759444136440834e+03 4.136609121000000000e+09
6.656968861018497591e+03 1.848259440000000000e+08
6.669887910795684547e+03 2.041855027000000000e+09
6.648633332589876773e+03 2.528266080000000000e+08
6.675508579962277508e+03 8.431484300000000000e+07
6.649380392943407060e+03 3.715905458000000000e+09
6.650580281627102522e+03 2.565436173000000000e+09
6.647917637778937205e+03 4.019561546000000000e+09
6.656850528052755180e+03 4.134170232000000000e+09
6.656571360096065291e+03 7.292499020000000000e+08
6.651158942776916774e+03 1.582384232000000000e+09
6.648175031127168040e+03 2.086869700000000000e+09
6.671725474292325089e+03 3.333098793000000000e+09
6.641598501958869747e+03 9.668306470000000000e+08
6.673620471834460659e+03 1.749718000000000000e+06
6.662732236322493009e+03 3.286586420000000000e+09
6.637383226318685047e+03 2.339581529000000000e+09
6.650286638138041781e+03 2.280823739000000000e+09
6.642947227129866405e+03 1.039366500000000000e+07
6.663198543801742744e+03 1.144828825000000000e+09
6.653639190702222550e+03 1.267317645000000000e+09
6.667869236719573564e+03 1.569826948000000000e+09
6.670720086294631983e+03 2.319876305000000000e+09
6.654548643019037627e+03 5.930240080000000000e+08
6.649620561473546331e+03 2.659187532000000000e+09
6.662890835526652154e+03 2.361076400000000000e+07
6.647867920029733796e+03 2.034042270000000000e+08
6.626470323626386744e+03 1.854465693000000000e+09
6.659804847420080478e+03 4.054159440000000000e+09
6.648015612861157933e+03 5.803869150000000000e+08
6.665330944611652740e+03 1.417147609000000000e+09
6.664709935450850026e+03 5.324898910000000000e+08
6.661231345677915670e+03 2.729896660000000000e+09
6.666144910485818400e+03 1.207454337000000000e+09
6.658194734086856442e+03 3.777682177000000000e+09
6.666719954940641401e+03 4.400330260000000000e+08
6.646074893635090120e+03 3.420560945000000000e+09
6.641360400149565976e+03 3.838462856000000000e+09
6.647241447375877215e+03 2.892463250000000000e+09
6.656714776753839942e+03 6.930493920000000000e+08
6.658126304676854488e+03 3.805701164000000000e+09
6.653089997954117280e+03 1.322829950000000000e+08
6.669011723479011380e+03 4.513039710000000000e+08
6.651966441418982868e+03 4.100648270000000000e+08
6.650344069222192047e+03 2.243447230000000000e+08
6.661764404607449251e+03 9.245259630000000000e+08
6.656711367916050222e+03 1.719172920000000000e+08
6.670108907370109591e+03 1.686975244000000000e+09
6.636515361399140602e+03 1.836422625000000000e+09
6.652306785201001730e+03 3.989151357000000000e+09
6.660060559474204638e+03 1.115014158000000000e+09
6.639630450800937069e+03 3.349732949000000000e+09
6.647628634109061750e+03 2.084560304000000000e+09
6.653423387036802524e+03 5.571962850000000000e+08
6.656378589228374949e+03 8.366293780000000000e+08
6.649926459949318996e+03 3.485242821000000000e+09
6.652847638953253409e+03 3.726119800000000000e+09
6.649928776576390192e+03 1.847787774000000000e+09
6.654546717116874788e+03 3.257027517000000000e+09
6.667216370506361272e+03 5.379908710000000000e+08
6.636034500662131904e+03 3.469022262000000000e+09
6.636193598105892306e+03 2.696463658000000000e+09
6.630008639819961900e+03 2.549742426000000000e+09
6.673723784274377977e+03 2.898122459000000000e+09
6.658635894444367295e+03 2.135749809000000000e+09
6.646946201347603164e+03 3.945688768000000000e+09
6.653316641923629504e+03 1.128428521000000000e+09
6.644410860238727764e+03 1.810130740000000000e+09
6.644704930299912121e+03 6.153933870000000000e+08
6.647576192610620637e+03 3.294014977000000000e+09
6.647418097231286083e+03 2.005373556000000000e+09
6.653685531697079568e+03 1.983680461000000000e+09
6.648184019326957241e+03 4.272736115000000000e+09
6.676461663357524230e+03 3.782606725000000000e+09
6.632544978518091739e+03 1.075334414000000000e+09
6.659226613517519581e+03 1.642293050000000000e+09
6.650243956655485817e+03 1.082322526000000000e+09
6.644707622003641518e+03 3.108364666000000000e+09
6.622782315765275598e+03 2.201726025000000000e+09
6.653310482826125735e+03 3.270232297000000000e+09
6.670570707513788875e+03 2.905660800000000000e+08
6.636524144040986357e+03 1.425691486000000000e+09
6.666787097961843756e+03 2.479534019000000000e+09
6.643496224073368467e+03 3.595681395000000000e+09
6.646521767262054709e+03 3.696220935000000000e+09
6.642650996279451647e+03 2.972013627000000000e+09
6.635100571149112511e+03 2.369802994000000000e+09
6.649709232860210250e+03 3.185513743000000000e+09
6.648396133207964340e+03 3.664369969000000000e+09
6.659035933237939389e+03 4.712969360000000000e+08
6.635850370404431487e+03 3.643080962000000000e+09
6.636059276782251800e+03 2.484399476000000000e+09
6.656976702172578371e+03 4.072723968000000000e+09
6.660293264458364320e+03 1.190926261000000000e+09
6.652877696049335100e+03 6.000436550000000000e+08
6.657694426450451829e+03 8.219334920000000000e+08
6.646983537447524213e+03 3.079290019000000000e+09
6.657745807728073487e+03 2.058888980000000000e+09
6.669241974139900776e+03 9.798242200000000000e+08
6.641419527509398904e+03 2.686524446000000000e+09
6.648217490795030244e+03 1.521212338000000000e+09
6.657791138747446894e+03 1.316988482000000000e+09
6.657406323170925134e+03 2.442119004000000000e+09
6.669147374237923941e+03 1.438208486000000000e+09
6.665659505117628214e+03 1.339475793000000000e+09
6.645401412817072014e+03 4.269169071000000000e+09
6.658247362394917218e+03 4.003611965000000000e+09
6.660006245988255614e+03 6.267305800000000000e+08
6.650576717525264030e+03 3.627332434000000000e+09
6.654753528011173330e+03 1.085173032000000000e+09
6.648630632442821479e+03 1.637863486000000000e+09
6.646975215811991802e+03 2.814374459000000000e+09
6.647467853911950442e+03 2.608360210000000000e+08
6.656680618401569518e+03 1.248318921000000000e+09
6.641896471836283126e+03 1.866856840000000000e+08
6.650406412627136888e+03 3.894874660000000000e+09
6.654399420789029136e+03 3.749246792000000000e+09
6.656227201263961433e+03 1.991211070000000000e+08
6.658899756466760664e+03 2.794174670000000000e+09
6.648085592824440027e+03 2.850249610000000000e+09
6.659705278460641239e+03 3.920238078000000000e+09
6.648628570340373699e+03 1.523762906000000000e+09
6.652253486119655463e+03 1.789193190000000000e+08
6.640642411514525520e+03 1.829109482000000000e+09
6.659641247363713774e+03 3.732983300000000000e+09
6.638540825792559190e+03 5.722182830000000000e+08
6.663453188846109697e+03 2.139757963000000000e+09
6.655167601413887496e+03 1.269206972000000000e+09
6.655386131620873130e+03 2.968312126000000000e+09
6.650289101047793338e+03 5.188347580000000000e+08
6.657851238473413105e+03 2.130211041000000000e+09
6.651084859439961292e+03 1.483319887000000000e+09
6.637120742471424819e+03 1.681109034000000000e+09
6.659210833030604590e+03 2.437896287000000000e+09
6.645115726486101266e+03 1.331308591000000000e+09
6.658347945338320642e+03 2.965705243000000000e+09
6.656932432296699517e+03 3.203178989000000000e+09
6.641730242644121972e+03 3.021153416000000000e+09
6.646188169628119795e+03 2.592620036000000000e+09
6.657640007640040494e+03 3.072327922000000000e+09
6.656465693841924804e+03 3.463979922000000000e+09
6.641525414380179427e+03 3.560091888000000000e+09
6.668179150609124918e+03 3.131679210000000000e+08
6.663835444396224375e+03 4.706837270000000000e+08
6.658394541445702998e+03 1.170898337000000000e+09
6.652870962998196774e+03 1.062652882000000000e+09
6.645355379800821538e+03 2.215173378000000000e+09
6.658874097632365192e+03 8.083228720000000000e+08
6.673304339443069694e+03 1.714501690000000000e+08
6.645429760112120675e+03 2.880253987000000000e+09
6.661877794705074848e+03 3.852528742000000000e+09
6.650676898213401728e+03 3.533629871000000000e+09
6.640745771562036680e+03 2.276960843000000000e+09
6.649365533678648717e+03 2.161171160000000000e+09
6.648196407006139452e+03 3.710713640000000000e+08
6.631837163170640451e+03 7.494312620000000000e+08
6.662142051779781468e+03 3.589368843000000000e+09
6.668034078116201272e+03 2.747421270000000000e+09
6.652957371319875165e+03 1.168164040000000000e+09
6.648386677744370900e+03 2.312560768000000000e+09
6.653747912291494686e+03 3.013267899000000000e+09
6.659091637608504243e+03 3.300881953000000000e+09
6.648599399511937918e+03 2.198618628000000000e+09
6.667162518355085922e+03 5.192560800000000000e+07
6.654879883374444034e+03 4.512858130000000000e+08
6.653899183350225940e+03 2.726563828000000000e+09
6.643578645426621733e+03 3.039480383000000000e+09
6.663414047049282090e+03 1.364564312000000000e+09
6.655643596701971546e+03 4.363680090000000000e+08
6.637668437055436698e+03 7.365873610000000000e+08
6.657727628809290763e+03 1.264019006000000000e+09
6.667101621769292251e+03 2.606190910000000000e+09
6.656567864217156057e+03 2.132194026000000000e+09
6.659586827479468411e+03 3.446141101000000000e+09
6.662107727057829834e+03 2.835828464000000000e+09
6.652166167463184138e+03 1.171309798000000000e+09
6.643819892148718282e+03 1.663364608000000000e+09
6.632026784450288687e+03 3.506711655000000000e+09
6.657657989113558870e+03 4.668511800000000000e+07
6.654525952948117265e+03 2.783196728000000000e+09
6.650712737714221475e+03 3.114705435000000000e+09
6.663542077623689693e+03 1.452861442000000000e+09
6.667232084735842363e+03 1.144541506000000000e+09
6.659552446624988988e+03 2.511643623000000000e+09
6.640488225568227790e+03 9.431693050000000000e+08
6.665499022728914497e+03 3.841814157000000000e+09
6.640310889132659213e+03 1.819688945000000000e+09
6.638828602511520330e+03 1.357081923000000000e+09
6.646458105262648132e+03 1.838038790000000000e+09
6.644928582646898576e+03 3.378292855000000000e+09
6.660422435601008146e+03 2.123374442000000000e+09
6.651113882106998062e+03 2.161900750000000000e+09
6.657576016014547349e+03 6.522722120000000000e+08
6.667226884623185470e+03 1.014248554000000000e+09
6.656374059966188725e+03 3.227593560000000000e+09
6.657624385763858299e+03 9.061593570000000000e+08
6.652332472992792646e+03 3.492816930000000000e+09
6.672698890530191420e+03 2.721130761000000000e+09
6.659311659572344070e+03 2.598198985000000000e+09
6.647140324530245380e+03 2.905668909000000000e+09
6.640363546776038675e+03 2.756605634000000000e+09
6.641222434306404466e+03 1.216861094000000000e+09
6.662881826727825683e+03 2.706453908000000000e+09
