# Lens_likelihood 	 seed
5.462924626492316747e+03 2.364097832000000000e+09
5.442741441419213515e+03 1.093129278000000000e+09
5.456895382568327477e+03 3.438113777000000000e+09
5.460312057799134891e+03 6.218228600000000000e+07
5.458855487347053895e+03 2.907007048000000000e+09
5.419375237954487602e+03 2.820220676000000000e+09
5.440299740252767151e+03 2.029408606000000000e+09
5.454187960912063318e+03 5.201734960000000000e+08
5.443655977264502326e+03 1.522359456000000000e+09
5.454899672072483554e+03 4.207627252000000000e+09
5.463391492487157848e+03 1.876564950000000000e+08
5.423746131904707909e+03 8.709259270000000000e+08
5.443549291557382276e+03 4.197868138000000000e+09
5.446007365189911070e+03 5.542577710000000000e+08
5.442282571740271123e+03 2.696562574000000000e+09
5.458209727440593269e+03 3.270954900000000000e+08
5.454387230987676048e+03 3.678314285000000000e+09
5.433900252985624320e+03 1.826611031000000000e+09
5.450113254830556798e+03 1.507917692000000000e+09
5.461961621930643560e+03 1.418786550000000000e+08
5.440757719275411546e+03 2.816901878000000000e+09
5.474198902806103433e+03 4.053436210000000000e+08
5.454758721535850782e+03 1.404280438000000000e+09
5.436713056835856150e+03 1.985189824000000000e+09
5.453220227553041696e+03 2.220426020000000000e+09
5.466564454749725883e+03 4.193552939000000000e+09
5.463409965163060406e+03 1.477430838000000000e+09
5.453894434683815234e+03 2.975682336000000000e+09
5.418176925694769125e+03 2.865941644000000000e+09
5.469796710816005543e+03 3.831705530000000000e+08
5.453383659315694786e+03 1.315053757000000000e+09
5.444567670514844394e+03 5.056044750000000000e+08
5.450706718004951654e+03 3.046751993000000000e+09
5.458219377893119599e+03 2.940360580000000000e+09
5.441616879652528951e+03 3.646277180000000000e+09
5.440369972533688269e+03 5.161495360000000000e+08
5.443627559841783295e+03 3.421152466000000000e+09
5.429010246850170915e+03 3.759463269000000000e+09
5.457734364966599060e+03 4.264404750000000000e+09
5.477391725382717595e+03 3.952927628000000000e+09
5.467995855759346341e+03 3.487889968000000000e+09
5.461979354215347485e+03 6.156809840000000000e+08
5.461442811273511325e+03 2.231322589000000000e+09
5.432283377726893377e+03 4.105851872000000000e+09
5.456068068563243287e+03 1.719727668000000000e+09
5.428470695327367139e+03 4.793676820000000000e+08
5.455748236656607332e+03 4.228222584000000000e+09
5.433835291039720687e+03 2.552667393000000000e+09
5.452943101218468655e+03 5.947537200000000000e+08
5.462454468921533589e+03 3.348175834000000000e+09
5.470773953330079166e+03 5.015291640000000000e+08
5.410893530640868448e+03 2.285731142000000000e+09
5.452620474033565188e+03 3.834030650000000000e+08
5.444440503931825333e+03 3.439094329000000000e+09
5.472915525973125114e+03 4.852866690000000000e+08
5.454760476555542482e+03 3.703990671000000000e+09
5.441467791147320895e+03 2.657620862000000000e+09
5.438206685826196917e+03 3.455300710000000000e+09
5.458356007652691005e+03 7.292555980000000000e+08
5.454871439146672856e+03 2.953263447000000000e+09
5.435770808336566915e+03 6.726856560000000000e+08
5.468984615492445300e+03 1.065589800000000000e+09
5.428663843493915010e+03 3.728958204000000000e+09
5.457960180731895889e+03 5.842754070000000000e+08
5.436004822087974389e+03 6.668711660000000000e+08
5.441885211943598733e+03 1.639434810000000000e+08
5.446684272822643834e+03 2.975752660000000000e+08
5.480575363645985817e+03 2.883028081000000000e+09
5.458912295198566426e+03 3.411483504000000000e+09
5.465120274809446528e+03 1.689553461000000000e+09
5.471756965595204747e+03 3.303682415000000000e+09
5.464741036834197075e+03 3.095492512000000000e+09
5.468586088419635416e+03 3.937428440000000000e+08
5.424215657974675196e+03 3.541015201000000000e+09
5.440561976410293028e+03 3.722602460000000000e+09
5.444768580202369776e+03 2.892340100000000000e+07
5.444994223679726019e+03 1.852778891000000000e+09
5.460065269661404272e+03 1.410834829000000000e+09
5.454287692803560276e+03 1.803076810000000000e+08
5.432982030905611282e+03 3.288027819000000000e+09
5.471859425573367844e+03 2.789966867000000000e+09
5.459180447323366025e+03 1.126100847000000000e+09
5.450035041045671278e+03 4.130049434000000000e+09
5.439207463156501944e+03 2.234999003000000000e+09
5.425324758151157766e+03 9.899992890000000000e+08
5.448552196441656633e+03 4.268656845000000000e+09
5.449713507716002823e+03 2.308201544000000000e+09
5.451685155000643135e+03 2.057571640000000000e+08
5.461126245357165317e+03 1.994892500000000000e+07
5.448499702957305999e+03 2.981839883000000000e+09
5.465451763264643887e+03 3.929355868000000000e+09
5.457178258186615494e+03 2.724330044000000000e+09
5.473147530547851602e+03 3.889446924000000000e+09
5.481243015506315714e+03 2.148335624000000000e+09
5.455375906329226382e+03 2.592651996000000000e+09
5.446695980099364533e+03 2.061086321000000000e+09
5.453849239988587215e+03 4.002067233000000000e+09
5.446941895316588671e+03 1.967844359000000000e+09
5.457650022317968251e+03 3.220884809000000000e+09
5.456982127566308009e+03 2.493225067000000000e+09
5.428432705525313395e+03 8.641058470000000000e+08
5.457061345646901827e+03 1.591833171000000000e+09
5.432882951576344567e+03 3.997127680000000000e+08
5.444136242977451730e+03 9.697771700000000000e+08
5.450363326533124564e+03 6.508494230000000000e+08
5.457739097461641904e+03 2.695179617000000000e+09
5.460680622905418204e+03 6.763678060000000000e+08
5.448793497751240466e+03 3.488616086000000000e+09
5.448841590691892634e+03 8.440426110000000000e+08
5.452885096167266965e+03 2.350874310000000000e+08
5.436721486245328379e+03 4.100965970000000000e+09
5.443673349727506320e+03 1.758987568000000000e+09
5.452061544285050331e+03 4.272711684000000000e+09
5.445650042672968084e+03 1.587186006000000000e+09
5.418626041640252879e+03 3.504596924000000000e+09
5.436498626070929276e+03 1.123668080000000000e+09
5.464390740504027235e+03 3.990140043000000000e+09
5.441799648694639473e+03 1.139417765000000000e+09
5.455351760704564185e+03 1.651366342000000000e+09
5.435525688277306472e+03 3.094311640000000000e+08
5.443362753393683306e+03 2.033533942000000000e+09
5.471757435983479809e+03 1.390311110000000000e+09
5.463810204382531083e+03 4.076820116000000000e+09
5.436610935573466122e+03 3.183584576000000000e+09
5.417141545556136407e+03 1.359865782000000000e+09
5.461671025405443288e+03 2.506419027000000000e+09
5.463804934630297794e+03 2.252155600000000000e+08
5.463462917535106499e+03 2.188579268000000000e+09
5.464902061129374488e+03 3.243388006000000000e+09
5.471470020023234611e+03 3.854598637000000000e+09
5.459126526395075416e+03 1.434761536000000000e+09
5.445163729302204956e+03 9.123242760000000000e+08
5.450366142818572371e+03 2.512501910000000000e+08
5.429898373386438834e+03 7.807495170000000000e+08
5.447852265805946445e+03 2.540399958000000000e+09
5.441794144742547360e+03 3.690465534000000000e+09
5.455811032568070914e+03 7.651261940000000000e+08
5.456501748334639160e+03 3.581205936000000000e+09
5.459027178229757737e+03 1.950123070000000000e+08
5.442669381053397046e+03 3.723930295000000000e+09
5.458067047197666398e+03 1.129656488000000000e+09
5.465626312059196607e+03 1.924087494000000000e+09
5.456245197974820258e+03 3.046276748000000000e+09
5.474241579496773738e+03 2.240847850000000000e+09
5.453287105576917384e+03 2.767104397000000000e+09
5.424934752373872470e+03 3.130759863000000000e+09
5.450765752764374156e+03 3.382060194000000000e+09
5.434443496657410833e+03 4.205402971000000000e+09
5.422488170591532253e+03 1.228282796000000000e+09
5.466447002393898401e+03 3.374952952000000000e+09
5.455080117554924072e+03 5.639682620000000000e+08
5.466028520956702778e+03 4.176504170000000000e+08
5.446978306900235111e+03 1.045778583000000000e+09
5.425203354543987189e+03 1.660773970000000000e+09
5.454574352114801513e+03 3.363648636000000000e+09
5.477476797456662098e+03 1.582969544000000000e+09
5.470983147836640455e+03 3.175987515000000000e+09
5.451440568953963520e+03 1.699879124000000000e+09
5.463124391941664726e+03 3.564037740000000000e+08
5.436256772857766919e+03 3.568676964000000000e+09
5.458678043675854497e+03 3.903940622000000000e+09
5.430749076318381412e+03 1.438421667000000000e+09
5.457809955074800200e+03 4.144454403000000000e+09
5.458344426212261169e+03 4.821343170000000000e+08
5.461631701187628096e+03 1.405328486000000000e+09
5.467546804511635855e+03 2.096022101000000000e+09
5.487177434552031627e+03 3.724952694000000000e+09
5.402259206882721628e+03 1.305882980000000000e+08
5.466906309238427639e+03 9.816679490000000000e+08
5.426640690539908064e+03 1.803155488000000000e+09
5.464243032712813147e+03 7.646009040000000000e+08
5.424879632334517737e+03 1.214105615000000000e+09
5.441129815443919142e+03 4.250097543000000000e+09
5.455583890725218225e+03 1.838147801000000000e+09
5.452710802747117668e+03 4.537481440000000000e+08
5.469213613091399566e+03 3.365022383000000000e+09
5.435219214612794531e+03 2.249944708000000000e+09
5.450704405636478441e+03 4.108401330000000000e+09
5.478112538730179949e+03 1.214730830000000000e+08
5.458323091726041639e+03 6.513960990000000000e+08
5.457734587496775930e+03 3.307582502000000000e+09
5.448670422474062434e+03 2.419810230000000000e+08
5.439581003519354454e+03 3.716333074000000000e+09
5.459483038562515503e+03 5.333504380000000000e+08
5.499434052627212623e+03 1.030253316000000000e+09
5.453565410735709520e+03 7.968987000000000000e+08
5.466433037520436301e+03 1.798792655000000000e+09
5.443592331547303729e+03 5.139995870000000000e+08
5.438840604974594498e+03 1.786143094000000000e+09
5.427985024439269182e+03 3.846396744000000000e+09
5.454442160933717787e+03 3.893196592000000000e+09
5.445972433703651404e+03 3.151562956000000000e+09
5.424182716292190889e+03 1.992028849000000000e+09
5.468986101683835841e+03 8.674385860000000000e+08
5.435490187741655973e+03 7.608996950000000000e+08
5.471387827992632083e+03 2.793675231000000000e+09
5.455659835519169064e+03 1.826361495000000000e+09
5.440818894735651156e+03 4.913896390000000000e+08
5.462026902873746621e+03 4.087214197000000000e+09
5.475581875869662326e+03 2.717696437000000000e+09
5.467096112366325542e+03 3.835882743000000000e+09
5.471740534124563055e+03 2.422555740000000000e+09
5.457969524940217525e+03 2.080257002000000000e+09
5.445597876781060222e+03 2.703512043000000000e+09
5.459196675278069051e+03 2.157677555000000000e+09
5.433445983632915159e+03 4.165708388000000000e+09
5.423246639128344214e+03 1.497780843000000000e+09
5.450057437997163106e+03 1.649841386000000000e+09
5.436863687719495829e+03 8.504581970000000000e+08
5.455420356841697867e+03 1.527872346000000000e+09
5.467273347700871454e+03 1.742364819000000000e+09
5.455400183071031279e+03 3.611258561000000000e+09
5.458996331537317019e+03 2.431272660000000000e+08
5.471181423593503496e+03 1.195854424000000000e+09
5.397591283908322112e+03 3.371551930000000000e+09
5.452234857017556351e+03 3.304316557000000000e+09
5.447855419635110593e+03 4.278483244000000000e+09
5.448996511594918047e+03 1.871789889000000000e+09
5.485704829623407022e+03 1.956771271000000000e+09
5.460662233566261420e+03 1.704547449000000000e+09
5.445101963969736062e+03 1.465787355000000000e+09
5.440689135321839785e+03 4.085327868000000000e+09
5.463254444608147423e+03 3.276813458000000000e+09
5.450860526254602519e+03 1.562112049000000000e+09
5.457786673785171843e+03 8.581823260000000000e+08
5.438202439638111173e+03 3.660938728000000000e+09
5.428210065709282389e+03 4.568635000000000000e+08
5.444776914005929029e+03 2.273675616000000000e+09
5.445334546258047340e+03 3.648369489000000000e+09
5.467498548297820889e+03 2.781868267000000000e+09
5.448636578342553548e+03 3.787201223000000000e+09
5.458156722441883176e+03 1.592072908000000000e+09
5.471863696160156906e+03 8.656474600000000000e+07
5.453865221873372320e+03 2.557403758000000000e+09
5.430442234895607726e+03 1.441103073000000000e+09
5.465665720092176343e+03 2.559823939000000000e+09
5.441593879967862449e+03 3.512467757000000000e+09
5.469852937535969431e+03 3.281220065000000000e+09
5.428374330849099351e+03 9.551741800000000000e+07
5.449177920991947758e+03 1.481605397000000000e+09
5.448533295421147159e+03 4.273836235000000000e+09
5.456308316458181253e+03 2.692150143000000000e+09
5.454096005315948787e+03 2.095209470000000000e+09
5.475898857164199399e+03 1.904592032000000000e+09
5.455181535073440500e+03 3.960524500000000000e+07
5.455372376256071220e+03 1.866476203000000000e+09
5.451336587857011182e+03 2.134343113000000000e+09
5.431691971478992855e+03 1.291719687000000000e+09
5.451664181397832181e+03 3.812361090000000000e+09
5.457801050163572654e+03 6.355228740000000000e+08
5.447521263470263875e+03 2.049895390000000000e+09
5.466769862882719281e+03 4.722293720000000000e+08
5.452855706421333707e+03 1.717578361000000000e+09
5.477364600696528214e+03 2.731691758000000000e+09
5.457581266718650113e+03 2.119878020000000000e+08
5.438146199328836701e+03 1.572554630000000000e+09
5.442426134837632162e+03 2.013655238000000000e+09
5.467977218599711705e+03 2.500288750000000000e+09
5.447700075403667142e+03 8.878190800000000000e+08
5.444318529756738826e+03 3.731976234000000000e+09
5.469958500108356930e+03 2.601801708000000000e+09
5.434196451465845712e+03 1.796401177000000000e+09
5.453828414132828584e+03 2.434611935000000000e+09
5.450759314760174675e+03 2.168547515000000000e+09
5.471366345769198233e+03 4.667208070000000000e+08
5.416942450325783284e+03 4.116488680000000000e+09
5.485890503215555327e+03 2.832043434000000000e+09
5.465163727607003239e+03 2.676330723000000000e+09
5.473189662064813092e+03 1.833541878000000000e+09
5.477448760161114478e+03 1.543658770000000000e+08
5.472393387254724985e+03 1.958266361000000000e+09
5.450820737773801739e+03 2.019011298000000000e+09
5.457579502456068440e+03 2.916461830000000000e+09
5.447593583820083950e+03 2.047093081000000000e+09
5.463516464487109261e+03 3.240201832000000000e+09
5.444349185996774395e+03 3.528405294000000000e+09
5.433991553490031947e+03 1.423652003000000000e+09
5.435515183381648967e+03 7.084843370000000000e+08
5.466036341103368613e+03 1.264262036000000000e+09
5.465777016610101782e+03 3.395975080000000000e+09
5.447052163160165946e+03 8.758460710000000000e+08
5.481636643902262222e+03 1.406262760000000000e+08
5.453705192387655188e+03 3.837965730000000000e+09
5.448906231338021826e+03 1.370712228000000000e+09
5.435500318954649629e+03 3.990718606000000000e+09
5.454737169733096380e+03 2.520570446000000000e+09
5.426095259429110229e+03 3.242888839000000000e+09
5.438104305834624029e+03 3.312383596000000000e+09
5.442138913475983827e+03 1.633298046000000000e+09
5.466390801400877535e+03 2.084595517000000000e+09
5.462252706812666474e+03 2.853890387000000000e+09
5.463540513491740057e+03 2.343355752000000000e+09
5.451585682318211184e+03 1.635538211000000000e+09
5.435167798879107977e+03 1.181024314000000000e+09
5.436890208500728477e+03 1.878771134000000000e+09
5.461651289341292795e+03 3.383691718000000000e+09
5.451249832641987268e+03 3.911856349000000000e+09
5.432501554062382638e+03 3.387424708000000000e+09
5.467099357908553429e+03 5.867240210000000000e+08
5.458500334954222126e+03 1.343119938000000000e+09
5.472522737395730474e+03 2.474118630000000000e+09
5.448317892859966378e+03 4.077809373000000000e+09
5.442417525974840828e+03 1.418372342000000000e+09
5.476580240777338986e+03 2.184711604000000000e+09
5.457946750844054804e+03 3.033420156000000000e+09
5.463253575494863071e+03 3.718040581000000000e+09
5.455714387482397797e+03 2.531864792000000000e+09
5.450119024514506236e+03 1.058347167000000000e+09
5.464778820539586377e+03 2.789369963000000000e+09
5.461080935605268678e+03 1.121899912000000000e+09
5.465320619131201966e+03 1.353437867000000000e+09
5.443788538996248462e+03 2.908383200000000000e+09
5.436059641977855790e+03 4.085140968000000000e+09
5.432648075040730873e+03 2.379129543000000000e+09
5.444949697787954392e+03 2.291874576000000000e+09
5.449668328692486284e+03 3.397524413000000000e+09
5.446310628015729890e+03 3.166130955000000000e+09
5.446482724290165606e+03 2.688252993000000000e+09
5.473353414685450844e+03 3.064544072000000000e+09
5.474788144859392560e+03 4.046080390000000000e+08
5.443880964680869511e+03 2.946996254000000000e+09
5.450506653551658928e+03 2.114457280000000000e+09
5.460834695448474122e+03 3.396434101000000000e+09
5.441789269603649700e+03 3.287303820000000000e+09
5.454042088910138773e+03 2.785813141000000000e+09
5.454593172054946990e+03 3.568422800000000000e+08
5.479607533560243610e+03 4.665237250000000000e+08
5.440099816971407563e+03 2.328428524000000000e+09
5.445277493652971316e+03 4.035395286000000000e+09
5.462560054462324842e+03 6.106172260000000000e+08
5.436590588607416066e+03 1.483494103000000000e+09
5.460680717660517985e+03 4.456458470000000000e+08
5.474928053720918797e+03 1.949720981000000000e+09
5.465435954378011957e+03 2.363406755000000000e+09
5.448657025159405748e+03 2.325522536000000000e+09
5.458179053549771197e+03 3.329955667000000000e+09
5.441600162406262825e+03 3.677061937000000000e+09
5.442127136417119800e+03 1.674792322000000000e+09
5.427548183960243477e+03 1.906538435000000000e+09
5.435389774870919609e+03 2.622442813000000000e+09
5.463498534183054289e+03 2.471236412000000000e+09
5.473326822966546388e+03 3.021223757000000000e+09
5.461347404431409814e+03 2.003404762000000000e+09
5.476875871687064318e+03 2.616981389000000000e+09
5.410683910249739711e+03 1.552761000000000000e+07
5.447688978782617596e+03 5.998718870000000000e+08
5.453183196899622089e+03 2.005972240000000000e+09
5.462470019403695915e+03 1.591623226000000000e+09
5.433040930828237833e+03 3.444790791000000000e+09
5.483275097177656789e+03 3.699667407000000000e+09
