# Lens_likelihood 	 seed
6.998351475605017185e+03 2.233184200000000000e+09
6.987138964447569379e+03 1.268984759000000000e+09
6.984064295318581571e+03 3.977688025000000000e+09
6.991219572065768261e+03 4.140181643000000000e+09
7.002799292391372546e+03 3.814317361000000000e+09
6.981543697795193111e+03 1.846295590000000000e+08
6.975439349138066063e+03 1.018728604000000000e+09
7.004654736092693383e+03 1.110187369000000000e+09
6.996451438865518867e+03 5.352678320000000000e+08
6.970037612047450239e+03 4.387754880000000000e+08
6.978337337947499691e+03 7.037844460000000000e+08
6.972288253243152212e+03 1.372960064000000000e+09
6.978845285567798783e+03 3.469003616000000000e+09
6.986798513522400754e+03 3.663538819000000000e+09
6.969931424130174491e+03 4.020635978000000000e+09
6.997060156828241816e+03 1.634596313000000000e+09
6.996068955769957029e+03 1.727509981000000000e+09
6.962218897347380334e+03 1.876677736000000000e+09
6.993547331012818177e+03 1.592881486000000000e+09
6.952630855326166966e+03 3.632924489000000000e+09
6.976067131214746041e+03 1.565151045000000000e+09
6.986961065645967210e+03 1.295281881000000000e+09
6.959423733739572526e+03 3.561506179000000000e+09
6.971687623729500956e+03 3.616165443000000000e+09
6.970224325016906732e+03 2.220588425000000000e+09
6.962168798900527690e+03 1.419403051000000000e+09
6.967157244121526674e+03 4.052238852000000000e+09
6.945686755475604514e+03 9.239718800000000000e+07
6.964431331914501243e+03 2.893972664000000000e+09
6.992675593065164321e+03 1.898726734000000000e+09
6.997825185515572230e+03 3.187869181000000000e+09
6.959781825534557356e+03 1.177557243000000000e+09
6.973206058800176834e+03 7.509830150000000000e+08
6.984073993969921503e+03 2.256932193000000000e+09
6.977526783342379531e+03 1.091500887000000000e+09
6.989216177080566013e+03 3.406352522000000000e+09
6.981314451365336936e+03 6.978225600000000000e+07
6.973406338466195848e+03 3.527915900000000000e+07
6.985993407483809278e+03 3.045874371000000000e+09
6.978012258213704627e+03 1.032745222000000000e+09
6.980396687583224775e+03 1.993985995000000000e+09
6.987970359284608094e+03 3.763236860000000000e+09
6.957397448081715083e+03 3.662630151000000000e+09
6.993543517051654817e+03 2.140911557000000000e+09
6.989581269106395666e+03 7.599301310000000000e+08
6.959125009765632967e+03 2.029527523000000000e+09
6.991790908642768045e+03 1.866772058000000000e+09
6.984755408635552158e+03 1.154874295000000000e+09
6.995444793014374227e+03 3.179759875000000000e+09
6.974385994749645761e+03 3.672350903000000000e+09
6.984942607555500217e+03 3.899513913000000000e+09
6.980021154862532967e+03 7.216051980000000000e+08
6.979958014937135886e+03 1.532376943000000000e+09
6.988013652130399350e+03 1.908703207000000000e+09
6.988981424412038905e+03 3.583067903000000000e+09
6.977129911620564599e+03 1.471393430000000000e+09
6.984994943487112323e+03 2.749241429000000000e+09
6.972240609098080313e+03 1.562495978000000000e+09
6.975285459016560708e+03 1.468760368000000000e+09
6.995157282978987496e+03 4.288010615000000000e+09
7.000954845412006762e+03 2.805393008000000000e+09
6.972412475875402379e+03 3.922636083000000000e+09
6.987132837261275199e+03 8.802017020000000000e+08
6.986221373803926326e+03 3.296943280000000000e+08
6.994841671975076679e+03 1.885846238000000000e+09
6.973103787069103419e+03 2.312130350000000000e+08
6.984149987699287522e+03 3.212926518000000000e+09
6.977087174684318597e+03 3.117991997000000000e+09
6.990024460507845106e+03 3.914891013000000000e+09
6.981820242356768176e+03 1.726011322000000000e+09
6.983884396736613780e+03 2.241274490000000000e+08
6.991267182743777994e+03 1.753738550000000000e+09
6.972405070251259531e+03 2.909990410000000000e+09
6.992915172606923079e+03 3.715630454000000000e+09
6.993506046807498933e+03 9.717298230000000000e+08
6.977143508287877012e+03 6.450768790000000000e+08
6.964866317891648578e+03 4.202285014000000000e+09
6.982466015962649180e+03 7.918421990000000000e+08
6.982942464912379364e+03 1.126086098000000000e+09
6.974080932920714986e+03 7.508679010000000000e+08
6.974213773380261955e+03 4.079824900000000000e+08
6.980274090379486552e+03 2.194904621000000000e+09
6.979224205696878926e+03 1.008480193000000000e+09
6.987099262392952369e+03 3.385562936000000000e+09
6.988656470228965190e+03 2.937245077000000000e+09
6.975472273207627950e+03 6.315900630000000000e+08
7.005690839916865116e+03 4.287775830000000000e+09
6.989331046587018136e+03 5.943637910000000000e+08
6.991440295864869768e+03 3.584472347000000000e+09
7.004253463328217549e+03 1.888580857000000000e+09
6.963934090266669045e+03 3.936609356000000000e+09
6.978329627133471149e+03 1.919415272000000000e+09
6.952647822293029094e+03 4.037156436000000000e+09
6.979358070592152217e+03 2.081884241000000000e+09
7.026228391935440413e+03 2.908551284000000000e+09
6.981242491991605675e+03 3.666336987000000000e+09
6.990231604785056334e+03 3.136945900000000000e+07
6.980928450143775990e+03 1.224264267000000000e+09
6.981801003753292207e+03 8.840321970000000000e+08
6.999735487978370656e+03 3.437876852000000000e+09
6.983096647074006796e+03 1.214955284000000000e+09
6.961479097135810662e+03 1.579323782000000000e+09
6.985049132815091980e+03 1.241857410000000000e+08
6.981273108980155484e+03 4.082855555000000000e+09
6.991827794734141207e+03 3.027035579000000000e+09
6.982676068889647468e+03 3.516356632000000000e+09
6.980986042304397415e+03 3.057817940000000000e+08
6.978555084330713726e+03 2.858239340000000000e+09
6.990432948728604060e+03 1.238117837000000000e+09
6.970142897159435961e+03 2.963662888000000000e+09
6.996270092327997190e+03 2.698074851000000000e+09
6.982724548329195386e+03 2.364372961000000000e+09
6.982230939917691103e+03 3.474106519000000000e+09
6.974170259596930919e+03 5.196379390000000000e+08
6.992531059702032508e+03 2.079196349000000000e+09
6.998669763679758944e+03 3.733728920000000000e+09
6.942709138935013470e+03 4.068498953000000000e+09
6.982808903404565172e+03 1.466947440000000000e+08
6.971187865406564015e+03 1.609772287000000000e+09
6.973770090659664675e+03 3.345403801000000000e+09
6.971423517463218559e+03 3.040351417000000000e+09
6.975927763236828469e+03 1.538584725000000000e+09
6.991774119932087160e+03 2.054254687000000000e+09
6.993030006851152393e+03 1.089649694000000000e+09
6.995433219491581440e+03 1.289126208000000000e+09
6.979033495068610137e+03 3.223330057000000000e+09
6.952300624568490093e+03 3.990440186000000000e+09
6.992570428920492304e+03 1.307381551000000000e+09
6.981519636087501567e+03 3.717452807000000000e+09
6.970142056505999790e+03 8.195257460000000000e+08
6.994368692340269263e+03 2.976063027000000000e+09
6.973962466547195618e+03 2.429079579000000000e+09
6.992492663998184071e+03 3.659506395000000000e+09
6.987791744669748368e+03 4.094089954000000000e+09
6.981055746496438587e+03 2.981801980000000000e+08
6.981081384218759922e+03 1.907911793000000000e+09
6.992824695030927614e+03 2.312665329000000000e+09
6.991907751958035988e+03 2.916133583000000000e+09
6.999258965431838988e+03 2.972271063000000000e+09
6.979269636193242150e+03 5.281997300000000000e+07
6.979209191642593396e+03 3.592837927000000000e+09
6.969148568632212118e+03 1.221649294000000000e+09
6.966267047564217137e+03 5.463341150000000000e+08
6.970813310343525700e+03 1.220908008000000000e+09
6.980919968500912546e+03 1.343328961000000000e+09
6.985883749260094191e+03 2.209882752000000000e+09
6.986460728454851051e+03 3.723395959000000000e+09
6.993465743933433259e+03 2.565845310000000000e+08
6.993419036614365723e+03 7.167848930000000000e+08
6.960362395802292667e+03 4.140467275000000000e+09
6.993908112123805040e+03 1.712691499000000000e+09
6.980383276905401544e+03 3.927071134000000000e+09
6.974759588604451892e+03 3.262026364000000000e+09
6.966926321230754183e+03 1.577535856000000000e+09
6.989506376286615705e+03 3.827310786000000000e+09
6.966233294416179888e+03 4.271516414000000000e+09
6.991449549186562763e+03 1.073731782000000000e+09
6.984400976258862102e+03 3.150221009000000000e+09
6.990500516896315276e+03 4.375816540000000000e+08
6.972597474211072949e+03 2.097235755000000000e+09
6.989896887102124310e+03 3.270427472000000000e+09
6.980153930813001352e+03 6.245925020000000000e+08
6.962413229391198911e+03 1.323616084000000000e+09
6.994564101175072210e+03 7.539091490000000000e+08
6.998498138300593382e+03 8.206014120000000000e+08
6.986801035099346336e+03 3.854181808000000000e+09
6.984438993517353083e+03 3.515215068000000000e+09
6.985003250575877246e+03 1.765556145000000000e+09
6.979995255994879699e+03 1.243546966000000000e+09
6.979084391659575886e+03 2.212801494000000000e+09
6.992479844817436970e+03 6.619985320000000000e+08
6.992076941174036619e+03 1.927784429000000000e+09
6.968352186529305072e+03 2.369032041000000000e+09
6.981795753962057461e+03 3.632183532000000000e+09
6.977153233183538759e+03 2.756659508000000000e+09
6.999905449977484750e+03 2.571881713000000000e+09
6.975768679890219573e+03 5.678741990000000000e+08
6.990672656273271059e+03 1.491302961000000000e+09
6.983132448580272467e+03 5.292341340000000000e+08
6.990291228522411984e+03 2.251617040000000000e+08
6.963318811813876891e+03 3.090010105000000000e+09
6.964180448448714742e+03 2.261358751000000000e+09
6.998265236762556015e+03 2.779940980000000000e+09
6.992153581075344846e+03 1.165176159000000000e+09
6.985126621862846150e+03 2.847345093000000000e+09
6.987553341892878962e+03 8.674545450000000000e+08
7.000225413882581051e+03 2.047368874000000000e+09
6.999367505347257065e+03 3.510017450000000000e+08
6.969855735054740762e+03 9.223602040000000000e+08
6.943151471685637262e+03 2.681832322000000000e+09
7.012353629450071821e+03 3.606827659000000000e+09
7.000330333837562648e+03 9.026438080000000000e+08
6.978470365404587028e+03 4.001336264000000000e+09
6.992890557453615656e+03 4.253208867000000000e+09
6.980086096674109285e+03 2.697688930000000000e+08
6.984586533054761276e+03 1.336375442000000000e+09
6.986932101120362859e+03 2.867304830000000000e+09
6.977926706033748815e+03 2.709263870000000000e+08
6.978874970473186295e+03 2.080003183000000000e+09
6.972024147490603355e+03 4.124457478000000000e+09
6.966876712534229227e+03 2.263142086000000000e+09
6.997301778775673483e+03 3.029982423000000000e+09
6.980625645071063445e+03 3.345264409000000000e+09
6.990221014881645715e+03 8.697339110000000000e+08
7.000063494510390228e+03 2.514132582000000000e+09
6.979228039031557273e+03 4.125812134000000000e+09
6.984728426851649601e+03 1.026201798000000000e+09
6.984426230177754405e+03 4.135970957000000000e+09
6.989885335248753108e+03 2.232364982000000000e+09
6.986098166817990204e+03 2.695256279000000000e+09
6.960846722159156343e+03 8.105526290000000000e+08
6.992315912900927287e+03 1.284703041000000000e+09
6.994652426482222836e+03 4.917421380000000000e+08
6.958199659885406618e+03 2.380237303000000000e+09
6.979915536189349950e+03 3.157579270000000000e+08
6.995767189757942106e+03 3.783876457000000000e+09
6.996247692894913598e+03 4.289459788000000000e+09
6.990823835491971295e+03 1.033943881000000000e+09
6.980370809143322731e+03 2.096737144000000000e+09
6.993632313049269214e+03 4.127279584000000000e+09
6.957029625545177623e+03 2.496698272000000000e+09
6.987356378164384296e+03 2.703918900000000000e+09
6.999996601434479089e+03 6.248211060000000000e+08
6.981232284682982026e+03 6.547946000000000000e+07
6.969434266970108183e+03 3.581311154000000000e+09
6.983315546031914892e+03 3.972848039000000000e+09
6.969396225287241577e+03 9.045774150000000000e+08
6.963904245364123199e+03 1.231793007000000000e+09
6.969114379356848076e+03 1.932050097000000000e+09
6.939117614550750659e+03 8.157780270000000000e+08
6.982297102523330977e+03 1.181169755000000000e+09
6.981033413669910260e+03 1.038107063000000000e+09
6.963224213582828270e+03 1.043512227000000000e+09
6.983867506182414218e+03 1.394943030000000000e+08
6.993058003791637020e+03 2.293492580000000000e+09
6.974797457849720558e+03 2.153937056000000000e+09
6.984435695934488649e+03 2.506702959000000000e+09
6.982630161058957128e+03 3.991339260000000000e+09
6.990554676893425494e+03 2.378814899000000000e+09
6.973589736312211244e+03 3.337535200000000000e+08
6.987519251964846262e+03 1.497396953000000000e+09
6.991803413298189298e+03 4.200868708000000000e+09
6.976712904592585801e+03 1.161970440000000000e+09
6.968727210129551167e+03 3.557705683000000000e+09
6.986761439652576883e+03 4.883392180000000000e+08
6.986391681198306287e+03 3.496706059000000000e+09
6.987462303382995742e+03 1.721951730000000000e+09
6.989070556188659793e+03 2.402950201000000000e+09
6.988160586897130997e+03 1.695014473000000000e+09
6.988770643705214752e+03 1.642600536000000000e+09
6.968673875192693231e+03 3.800152610000000000e+08
6.979680648909224146e+03 3.169071850000000000e+08
6.980431953119623358e+03 3.832772380000000000e+08
6.990986357574682188e+03 2.960086533000000000e+09
6.965277903530160074e+03 2.041459646000000000e+09
6.970195741260590694e+03 6.174520560000000000e+08
6.977441190501303026e+03 2.910578853000000000e+09
6.986030077232102485e+03 1.461754278000000000e+09
6.971819558001531732e+03 4.034957489000000000e+09
6.962660664373613145e+03 1.877169391000000000e+09
6.985032100842230648e+03 3.785925583000000000e+09
6.965979322025288639e+03 1.032574533000000000e+09
6.970874497865194826e+03 2.095913986000000000e+09
6.992937282032461553e+03 1.438318503000000000e+09
6.991801275142554914e+03 1.565266526000000000e+09
6.972870166994533065e+03 3.977616808000000000e+09
6.957651033821475721e+03 1.132805715000000000e+09
6.994198386368126194e+03 2.700945987000000000e+09
6.982475434470258733e+03 2.200483365000000000e+09
6.976007973467207194e+03 4.486489160000000000e+08
6.996065827735013045e+03 3.002744420000000000e+09
6.988282270592138957e+03 2.278227757000000000e+09
6.954254044304403578e+03 1.248280049000000000e+09
6.955227904076999039e+03 1.541726703000000000e+09
6.966884161915395453e+03 3.785235610000000000e+08
6.980435520510040078e+03 1.906766603000000000e+09
6.966204511674166497e+03 2.946272694000000000e+09
6.986369905725296121e+03 3.580830765000000000e+09
6.972233943999397525e+03 3.838157614000000000e+09
6.990395167973975731e+03 2.596369096000000000e+09
6.985247731288843170e+03 1.948782043000000000e+09
6.971294527822622513e+03 1.518420218000000000e+09
6.973465184395452525e+03 1.056706748000000000e+09
6.987227614171674759e+03 4.032595354000000000e+09
6.955366853690644348e+03 8.932970450000000000e+08
7.001164895405625430e+03 4.250983984000000000e+09
7.000618812817379876e+03 3.081528511000000000e+09
6.987926926039159298e+03 2.648161417000000000e+09
6.976095736382889299e+03 7.683130090000000000e+08
6.964156254416870070e+03 2.285940432000000000e+09
6.984938716816027409e+03 1.868032554000000000e+09
7.003579625399780525e+03 1.913239942000000000e+09
6.995603582003837801e+03 1.141741083000000000e+09
6.984257400174191389e+03 3.838686745000000000e+09
6.972308241652336619e+03 4.294652905000000000e+09
6.961873658597099165e+03 7.295383610000000000e+08
6.995403249527962544e+03 4.061906334000000000e+09
6.988243651755498831e+03 8.056307250000000000e+08
6.978376748446259626e+03 7.490066020000000000e+08
6.988136165140109370e+03 4.046829290000000000e+08
6.973321664251500806e+03 1.386411134000000000e+09
6.976859425643380746e+03 3.164962071000000000e+09
6.994994949897196420e+03 3.563042911000000000e+09
7.003820177866348786e+03 3.199044014000000000e+09
6.973949105935646003e+03 1.341673925000000000e+09
6.970944299619872254e+03 2.021555223000000000e+09
7.000613198678595836e+03 1.303123325000000000e+09
6.956752200833621828e+03 3.555797566000000000e+09
6.979476541893596732e+03 4.122351240000000000e+08
6.985350428753141387e+03 1.534637992000000000e+09
6.961177565250551197e+03 3.136807636000000000e+09
6.987998932965581844e+03 9.972012090000000000e+08
6.986190613442913673e+03 1.680172490000000000e+08
6.994625243697088081e+03 6.552665910000000000e+08
7.007618000569293145e+03 1.855222770000000000e+08
6.969988861354317123e+03 1.856799447000000000e+09
6.986014496687954306e+03 4.186761996000000000e+09
6.962830648463953366e+03 2.246594603000000000e+09
6.970648800643841241e+03 2.172597500000000000e+07
6.999348615004564635e+03 1.284178766000000000e+09
6.973082780852366341e+03 8.487927040000000000e+08
6.969737665732000096e+03 1.024658163000000000e+09
6.966217296998098391e+03 3.057446266000000000e+09
6.988620959481451791e+03 2.682257741000000000e+09
6.966747480696593811e+03 5.969293310000000000e+08
6.973037959755717566e+03 1.051963326000000000e+09
6.988172490962089796e+03 6.873139480000000000e+08
6.986150493005894532e+03 6.947588820000000000e+08
6.982875068922920036e+03 4.177879860000000000e+08
6.938042633328725060e+03 1.420962076000000000e+09
6.986247463549285385e+03 3.933975660000000000e+08
6.995036890759070047e+03 2.159797114000000000e+09
6.963357362685675071e+03 4.216185087000000000e+09
7.002737970428155677e+03 2.401728556000000000e+09
6.991914786639813428e+03 2.177317350000000000e+09
6.958260346677230700e+03 4.119909490000000000e+09
6.955301573804719737e+03 3.897917730000000000e+09
6.981403143646475655e+03 2.204615907000000000e+09
6.945568555640208615e+03 1.876009005000000000e+09
6.977034685587088461e+03 2.185355670000000000e+08
6.963329241980547522e+03 4.963049020000000000e+08
6.959958868831964537e+03 3.927906402000000000e+09
6.985444776890467438e+03 2.995395562000000000e+09
6.972625005423573384e+03 1.511661453000000000e+09
6.965143330550824430e+03 2.538544501000000000e+09
6.981983918484124843e+03 1.637884204000000000e+09
6.975488701324713475e+03 9.753328830000000000e+08
6.977447800566313163e+03 2.102096184000000000e+09
6.985387632082925847e+03 3.765557384000000000e+09
6.993160825927021506e+03 3.867963141000000000e+09
