# Lens_likelihood 	 seed
6.348496590127469972e+03 2.547800110000000000e+09
6.309677099984855886e+03 2.459725572000000000e+09
6.315979756895259015e+03 7.768025460000000000e+08
6.323829369534427315e+03 2.241370640000000000e+08
6.325003125237839413e+03 4.016601053000000000e+09
6.343136582561927753e+03 6.681691100000000000e+08
6.307227228241743433e+03 2.721509053000000000e+09
6.340713743047936077e+03 1.510578563000000000e+09
6.337409079426102835e+03 1.439074018000000000e+09
6.323146395477840997e+03 3.807301649000000000e+09
6.307740628017251765e+03 9.698456460000000000e+08
6.316011502624854074e+03 3.393516690000000000e+09
6.327690003987239834e+03 2.768969900000000000e+09
6.353221555348754919e+03 4.015350440000000000e+08
6.358302224379081963e+03 1.939277192000000000e+09
6.317245451447767664e+03 3.700373047000000000e+09
6.347618578929595969e+03 3.816358579000000000e+09
6.309054463146414491e+03 2.018135335000000000e+09
6.314799773170188018e+03 1.865710841000000000e+09
6.319241650843048774e+03 1.083316230000000000e+09
6.333309102603644533e+03 3.582569413000000000e+09
6.357020678402292106e+03 3.380193920000000000e+08
6.360289195519460009e+03 2.481759135000000000e+09
6.353643816529389369e+03 1.658071316000000000e+09
6.319641976162601168e+03 3.678696993000000000e+09
6.314594259574106218e+03 1.859710157000000000e+09
6.327055677868026578e+03 2.723309641000000000e+09
6.333048180438038798e+03 1.114383785000000000e+09
6.332506745721891093e+03 2.786542915000000000e+09
6.343017717397029628e+03 4.197587456000000000e+09
6.339580956297373632e+03 6.091475430000000000e+08
6.320813466807612713e+03 1.215963265000000000e+09
6.299698058358166236e+03 3.352807105000000000e+09
6.314002351996159632e+03 3.576061303000000000e+09
6.337221406039150679e+03 2.470413773000000000e+09
6.325107708205441668e+03 3.442465787000000000e+09
6.341434831558908627e+03 2.356248246000000000e+09
6.341247004499451577e+03 9.399154650000000000e+08
6.304695081162483802e+03 2.413008918000000000e+09
6.323558757385221725e+03 2.459113513000000000e+09
6.353412145377092202e+03 2.877207356000000000e+09
6.314966658773033487e+03 1.189416436000000000e+09
6.303385246707329316e+03 8.664891040000000000e+08
6.342724434722526894e+03 2.504231950000000000e+09
6.328864556479458770e+03 2.568263576000000000e+09
6.317653615237481972e+03 4.195273380000000000e+08
6.307462691857419486e+03 2.554645734000000000e+09
6.342764706211968587e+03 1.597440570000000000e+08
6.314292323814395786e+03 7.437025700000000000e+08
6.329519826017627565e+03 1.330741226000000000e+09
6.319042179614965789e+03 1.599081602000000000e+09
6.356191837493858657e+03 3.092591851000000000e+09
6.326983816752223902e+03 1.191855970000000000e+08
6.291380633810176732e+03 3.462876771000000000e+09
6.332899792767137114e+03 9.990504010000000000e+08
6.323628937773462894e+03 3.758297632000000000e+09
6.323623468179945121e+03 3.862851475000000000e+09
6.328457858605267575e+03 2.123319733000000000e+09
6.330382939112250824e+03 2.660260253000000000e+09
6.350459645394254039e+03 4.292021081000000000e+09
6.311740020497155456e+03 1.078458809000000000e+09
6.332656711039875518e+03 4.169088697000000000e+09
6.339837783970861892e+03 1.926922904000000000e+09
6.331146442304883749e+03 5.628813650000000000e+08
6.328701405827647250e+03 9.679991280000000000e+08
6.300967109677120789e+03 1.958277510000000000e+09
6.302609055507020457e+03 9.279117600000000000e+08
6.333378202998350389e+03 3.957454594000000000e+09
6.333803745097842693e+03 3.363215590000000000e+09
6.350578686658031984e+03 7.597722190000000000e+08
6.320193892091294401e+03 1.188939281000000000e+09
6.297051082302982650e+03 2.398603859000000000e+09
6.353664248408388630e+03 6.533251200000000000e+08
6.346597439013215080e+03 2.626573348000000000e+09
6.342794055979124096e+03 4.031289376000000000e+09
6.316591585756073982e+03 3.024658393000000000e+09
6.313705737056006910e+03 8.885785650000000000e+08
6.334539037200596795e+03 2.533652869000000000e+09
6.333674663755099573e+03 2.369891782000000000e+09
6.318521909124852755e+03 2.154015080000000000e+08
6.331454030746564968e+03 2.118665369000000000e+09
6.328222695465608922e+03 3.347704711000000000e+09
6.348264223637623218e+03 3.502823118000000000e+09
6.319819906534625261e+03 3.285178146000000000e+09
6.327210065548748389e+03 1.811546597000000000e+09
6.336453908572373621e+03 1.536433551000000000e+09
6.334540841613888915e+03 3.663073987000000000e+09
6.346810026791928976e+03 3.573790482000000000e+09
6.322573563290594393e+03 8.455148700000000000e+07
6.324843252283456422e+03 2.659054774000000000e+09
6.306770514578303846e+03 3.517735089000000000e+09
6.292313867941991703e+03 3.558073597000000000e+09
6.323231772858371187e+03 4.190966946000000000e+09
6.331446050709775591e+03 4.094397543000000000e+09
6.313998378385718752e+03 1.353327134000000000e+09
6.338298553161501331e+03 9.229416250000000000e+08
6.306582133526586404e+03 7.866521090000000000e+08
6.334336063738444864e+03 1.575274465000000000e+09
6.353936366875008389e+03 3.249383889000000000e+09
6.343168917813305598e+03 2.181342024000000000e+09
6.339151098609860128e+03 2.879086259000000000e+09
6.332367218322144254e+03 3.802823933000000000e+09
6.330554821098981847e+03 3.211416047000000000e+09
6.319179146340798070e+03 3.670404078000000000e+09
6.291673522924581448e+03 1.440662856000000000e+09
6.332595633626666313e+03 2.032450831000000000e+09
6.338170273145220563e+03 3.323202760000000000e+08
6.340233791370203107e+03 2.778193360000000000e+09
6.319784961675490194e+03 3.175759870000000000e+08
6.313759155835257843e+03 1.553192572000000000e+09
6.322110737503923701e+03 3.344847996000000000e+09
6.299177150603168229e+03 3.658982170000000000e+08
6.321176595483872006e+03 3.682666694000000000e+09
6.319594245179788231e+03 3.515503899000000000e+09
6.339486063001784714e+03 2.261605410000000000e+09
6.305372111646380290e+03 3.836497992000000000e+09
6.356509407059684236e+03 1.005724742000000000e+09
6.324376038602365043e+03 8.764337530000000000e+08
6.333221892364412270e+03 1.153246933000000000e+09
6.330374658915141481e+03 3.127317360000000000e+09
6.345541057416347030e+03 2.471547860000000000e+08
6.330164651051102737e+03 3.318349131000000000e+09
6.313771584960121800e+03 3.365420967000000000e+09
6.327660381726102059e+03 1.404996204000000000e+09
6.343769499832284055e+03 1.240856503000000000e+09
6.345652739338121137e+03 1.402851901000000000e+09
6.313750586967211348e+03 3.018649184000000000e+09
6.335392767591400116e+03 1.787231610000000000e+09
6.312775071943152398e+03 1.479288301000000000e+09
6.322531661879949752e+03 2.285309550000000000e+08
6.317810144342514832e+03 9.788338000000000000e+07
6.332691566272628734e+03 3.416472229000000000e+09
6.321217451199092466e+03 3.539705640000000000e+09
6.341315325991894497e+03 2.398860790000000000e+09
6.328342923478612647e+03 3.022639900000000000e+09
6.313598247126470596e+03 3.016873934000000000e+09
6.327393018283039055e+03 3.516335370000000000e+08
6.334404019463301665e+03 2.861590005000000000e+09
6.354597553670212619e+03 1.641236399000000000e+09
6.318163900307114091e+03 3.927840672000000000e+09
6.336924011461527698e+03 3.456640467000000000e+09
6.334649012432618292e+03 3.070383077000000000e+09
6.332002606212799037e+03 3.229215260000000000e+09
6.305401032458037662e+03 2.319426257000000000e+09
6.326831940493060756e+03 1.412485913000000000e+09
6.354842022167628784e+03 6.765356450000000000e+08
6.326720430547717115e+03 7.055876270000000000e+08
6.339867436027632721e+03 7.429204810000000000e+08
6.335504101146343601e+03 3.168675399000000000e+09
6.340801240436047010e+03 2.136152384000000000e+09
6.334493499539698860e+03 2.088866273000000000e+09
6.336010096290754518e+03 2.388298568000000000e+09
6.327939878928724283e+03 2.813562039000000000e+09
6.335434574321545369e+03 8.479753100000000000e+07
6.327029748742141237e+03 1.961517763000000000e+09
6.348297661734895883e+03 3.428132788000000000e+09
6.318652452755616650e+03 4.014554360000000000e+08
6.339058147393772742e+03 3.078714466000000000e+09
6.317045766987237585e+03 1.101578702000000000e+09
6.349849038200265568e+03 3.252646927000000000e+09
6.337223779239160649e+03 3.702787630000000000e+09
6.338246744626226246e+03 1.202225776000000000e+09
6.327166308146373012e+03 1.500279057000000000e+09
6.351513048715447439e+03 4.254035638000000000e+09
6.333201123829520839e+03 2.257820067000000000e+09
6.331230934653420263e+03 8.114347380000000000e+08
6.349385687489837437e+03 2.580757177000000000e+09
6.354347004750545238e+03 2.298072590000000000e+08
6.339672947553704944e+03 1.413800235000000000e+09
6.334289943080282683e+03 4.268337358000000000e+09
6.338173865376338654e+03 2.483577760000000000e+09
6.344878837535122329e+03 4.022219980000000000e+09
6.340946426300271014e+03 2.781970770000000000e+09
6.314747864445190316e+03 2.380800743000000000e+09
6.340413243705999776e+03 3.841775100000000000e+09
6.314049708742139046e+03 3.390929652000000000e+09
6.313192116670096766e+03 2.148484740000000000e+09
6.320346653382228396e+03 1.252273160000000000e+08
6.327080811690137125e+03 1.725429505000000000e+09
6.342168857056314664e+03 3.324643372000000000e+09
6.334178167844747804e+03 2.718122299000000000e+09
6.340226997541590208e+03 2.415206163000000000e+09
6.318672359694553961e+03 1.160469564000000000e+09
6.354962614554105130e+03 6.732300360000000000e+08
6.325647422576976169e+03 3.754140670000000000e+08
6.328048531479555095e+03 1.060171015000000000e+09
6.337939669567531382e+03 1.081519076000000000e+09
6.358593246415699468e+03 4.053765368000000000e+09
6.328358596156980639e+03 2.093845914000000000e+09
6.340411998272489654e+03 1.683511484000000000e+09
6.323457798178497796e+03 2.041983992000000000e+09
6.338894871976619470e+03 1.675466050000000000e+08
6.314909413020087413e+03 2.613231113000000000e+09
6.323937705053085665e+03 7.047104590000000000e+08
6.348573481003330926e+03 3.372124495000000000e+09
6.316490125464571975e+03 1.050322666000000000e+09
6.315803840038543967e+03 3.334077186000000000e+09
6.320292427641372342e+03 9.244137900000000000e+07
6.314096296779087425e+03 5.577746340000000000e+08
6.343072233651399074e+03 3.027794451000000000e+09
6.302266717479294130e+03 1.464530769000000000e+09
6.324388128395828971e+03 2.234329698000000000e+09
6.339219360215038250e+03 3.401100897000000000e+09
6.326149615055810500e+03 2.377717170000000000e+08
6.290266031493765695e+03 3.112958902000000000e+09
6.307577310176784522e+03 2.440375163000000000e+09
6.318781991291887607e+03 6.901064730000000000e+08
6.337805689910563160e+03 3.065499043000000000e+09
6.322826689061727848e+03 1.062703839000000000e+09
6.310310690766616972e+03 3.469416154000000000e+09
6.309100826769324158e+03 2.203884813000000000e+09
6.331368006863285700e+03 4.007975654000000000e+09
6.345902281753105854e+03 2.316065512000000000e+09
6.324128290195593763e+03 2.129744031000000000e+09
6.336358457253900269e+03 1.869478185000000000e+09
6.338547152137272860e+03 2.164163900000000000e+09
6.339776015063205705e+03 1.437960126000000000e+09
6.317520076711558431e+03 2.841654466000000000e+09
6.358536136342461759e+03 3.371283281000000000e+09
6.303652034227726290e+03 1.089701425000000000e+09
6.318327883781958008e+03 2.586755984000000000e+09
6.334208065305431774e+03 3.569848614000000000e+09
6.317868077242299478e+03 4.774576950000000000e+08
6.348030047498906242e+03 3.768937159000000000e+09
6.348080668313410570e+03 3.572130458000000000e+09
6.327657036226271885e+03 2.293831665000000000e+09
6.329676602662024379e+03 7.248262190000000000e+08
6.289592634798533254e+03 3.953977222000000000e+09
6.350631517671682559e+03 3.272344106000000000e+09
6.312746165150504567e+03 4.044926055000000000e+09
6.340168188169527639e+03 7.360270050000000000e+08
6.321243549895808428e+03 4.035216277000000000e+09
6.335562194000777708e+03 3.812250331000000000e+09
6.332959323354489243e+03 1.235190904000000000e+09
6.331034221457563035e+03 5.963042070000000000e+08
6.343761874316752255e+03 4.133969240000000000e+08
6.322163264875269306e+03 4.212748057000000000e+09
6.311815942106722105e+03 2.958469868000000000e+09
6.312234953909719479e+03 1.797317823000000000e+09
6.346640230786721986e+03 7.459006010000000000e+08
6.307780603998781771e+03 3.111079631000000000e+09
6.344033154236674818e+03 1.257115463000000000e+09
6.344024417960761639e+03 3.991208489000000000e+09
6.300799892296904545e+03 4.274673999000000000e+09
6.350006726678472660e+03 1.011502910000000000e+09
6.333778052621500137e+03 3.435890924000000000e+09
6.367335983586223847e+03 3.254998888000000000e+09
6.355047109631469539e+03 2.840531212000000000e+09
6.345248536283130306e+03 1.120427798000000000e+09
6.357810597867961405e+03 2.033486229000000000e+09
6.311201330404870532e+03 2.171712000000000000e+09
6.322050704555127595e+03 1.648271812000000000e+09
6.313745916809166374e+03 1.628321513000000000e+09
6.312770731215504384e+03 1.812616660000000000e+08
6.345487251728063711e+03 1.316875879000000000e+09
6.328196470253556981e+03 2.709681993000000000e+09
6.299311859284258389e+03 4.903215700000000000e+07
6.333847560252359472e+03 3.525340526000000000e+09
6.332686819031395316e+03 3.319356007000000000e+09
6.342834275114224511e+03 3.771790478000000000e+09
6.329854857272131994e+03 3.334643253000000000e+09
6.334007522377883106e+03 9.896007690000000000e+08
6.331627623855436468e+03 3.446754665000000000e+09
6.330451066137194175e+03 4.036058260000000000e+09
6.347819993125845031e+03 2.373183802000000000e+09
6.345380164612739463e+03 2.927989810000000000e+09
6.352681746605413537e+03 4.128230065000000000e+09
6.331206265670080029e+03 1.785450350000000000e+09
6.320548844497886421e+03 3.376469472000000000e+09
6.336417568386269522e+03 1.320240775000000000e+09
6.323724423203477272e+03 1.479706065000000000e+09
6.344987800124452406e+03 2.002335510000000000e+09
6.315696502395348944e+03 3.922036160000000000e+09
6.355633662660178743e+03 1.323748451000000000e+09
6.334407318810564902e+03 2.782572569000000000e+09
6.329903566576481353e+03 1.541477618000000000e+09
6.340332563724447937e+03 4.266879552000000000e+09
6.323520731122197503e+03 1.116833316000000000e+09
6.343762645955943299e+03 6.450166980000000000e+08
6.324557858589960233e+03 1.981877400000000000e+08
6.318504748691291752e+03 2.643895096000000000e+09
6.326997551118400224e+03 2.623043170000000000e+09
6.343348497874129862e+03 1.282997905000000000e+09
6.327147834856363261e+03 1.196350610000000000e+09
6.305380918203471992e+03 1.048810396000000000e+09
6.332921330100190971e+03 7.386759290000000000e+08
6.322980718775209425e+03 4.097128347000000000e+09
6.325159496317042795e+03 3.304399485000000000e+09
6.322591772834725816e+03 1.948767603000000000e+09
6.313982514363039627e+03 3.123032180000000000e+09
6.309151015599642960e+03 4.103258436000000000e+09
6.326671564672840759e+03 3.365900637000000000e+09
6.347516487901695655e+03 3.959728266000000000e+09
6.309243216623160151e+03 8.617705630000000000e+08
6.346437308975108863e+03 2.374301193000000000e+09
6.331853187167187571e+03 2.006422725000000000e+09
6.309127629018695188e+03 2.633365200000000000e+08
6.341506106419954449e+03 2.782151440000000000e+08
6.349763633067562296e+03 4.043245490000000000e+09
6.349276483464065677e+03 4.007527324000000000e+09
6.317887645031309148e+03 9.842034390000000000e+08
6.324977755811197312e+03 1.882879082000000000e+09
6.315865704425370495e+03 9.068357080000000000e+08
6.336817212300574283e+03 5.594679630000000000e+08
6.350009214555983817e+03 3.784442198000000000e+09
6.338606994609119283e+03 9.931517580000000000e+08
6.331949326327876406e+03 2.718632331000000000e+09
6.305449606394106013e+03 5.494152700000000000e+07
6.337510573376601315e+03 1.624655864000000000e+09
6.293280405652818445e+03 2.393500398000000000e+09
6.346567628613538545e+03 3.086332175000000000e+09
6.320652128225648994e+03 2.646098919000000000e+09
6.292572389492722323e+03 3.066412382000000000e+09
6.304930302586168182e+03 1.431047933000000000e+09
6.347656153319731857e+03 2.608735892000000000e+09
6.343069896726610750e+03 1.266872672000000000e+09
6.342363627535646629e+03 2.487672935000000000e+09
6.348692324217860914e+03 1.202618214000000000e+09
6.320280737174358364e+03 2.051737547000000000e+09
6.331273790724248101e+03 2.238414590000000000e+09
6.346183596582631253e+03 1.841201043000000000e+09
6.315053317322055591e+03 7.796048880000000000e+08
6.295785210453796935e+03 7.847195970000000000e+08
6.316892919279087437e+03 2.150913386000000000e+09
6.302205187217698040e+03 5.929703450000000000e+08
6.348467889981363442e+03 2.220909690000000000e+08
6.336808905913728267e+03 6.856730090000000000e+08
6.304030529467814631e+03 2.803081998000000000e+09
6.344545446533287759e+03 3.016513746000000000e+09
6.318793856000882442e+03 7.141863460000000000e+08
6.333377347192521484e+03 2.392811491000000000e+09
6.319389709101351400e+03 6.741333530000000000e+08
6.335132741317478576e+03 3.186751310000000000e+09
6.341462860936426296e+03 3.395503376000000000e+09
6.314600732945566051e+03 7.167119040000000000e+08
6.352771329309630346e+03 1.747641873000000000e+09
6.311203056914489935e+03 1.688966251000000000e+09
6.329672188267663842e+03 2.688968232000000000e+09
6.315451879028881194e+03 5.730205720000000000e+08
6.330586625895397447e+03 7.557881000000000000e+08
6.344163887019634785e+03 3.193809185000000000e+09
6.324316542992045470e+03 5.635400200000000000e+08
6.342341831361121876e+03 3.886725086000000000e+09
6.307880048749500929e+03 4.197124140000000000e+08
6.353265995893794752e+03 1.220423752000000000e+09
6.328615046999626429e+03 1.257230038000000000e+09
6.341059187979184571e+03 2.511518380000000000e+09
6.315201436936074970e+03 5.428263620000000000e+08
6.336441443079706005e+03 1.879264060000000000e+08
6.346071747627571312e+03 2.784990575000000000e+09
