# Lens_likelihood 	 seed
4.255535061150319962e+03 1.623110591000000000e+09
4.281786994580790633e+03 6.456530860000000000e+08
4.230663345892865436e+03 2.569970666000000000e+09
4.278399933250894719e+03 1.179154150000000000e+09
4.225457514707101836e+03 1.308891723000000000e+09
4.265115798836879549e+03 2.195512534000000000e+09
4.241913359975175808e+03 3.502070448000000000e+09
4.202491697230710088e+03 3.868014008000000000e+09
4.253493350548369563e+03 8.594587150000000000e+08
4.217401641222073522e+03 1.663844911000000000e+09
4.258250113281605081e+03 4.164730424000000000e+09
4.206193563963806810e+03 2.642311604000000000e+09
4.366755264096530482e+03 2.123696878000000000e+09
4.270695331630167857e+03 2.208077429000000000e+09
4.305430253052329135e+03 3.633358279000000000e+09
4.256610308836772674e+03 2.338135245000000000e+09
4.237169911967267581e+03 4.740297400000000000e+08
4.267193551295204998e+03 2.317695160000000000e+09
4.199360208348468404e+03 1.019928020000000000e+09
4.327594159022893109e+03 4.293373393000000000e+09
4.186679355866232072e+03 2.347459330000000000e+09
4.244687859857342119e+03 4.045201890000000000e+08
4.312506835663352831e+03 3.371234315000000000e+09
4.357388575237106124e+03 1.088569929000000000e+09
4.294147246249531236e+03 3.152734811000000000e+09
4.336790384271933362e+03 1.432142760000000000e+09
4.269075013183712144e+03 1.602151565000000000e+09
4.339963874233601018e+03 1.673352230000000000e+08
4.324168938379445535e+03 2.393394940000000000e+08
4.240440224441239479e+03 1.955600017000000000e+09
4.269829662461875159e+03 1.309379930000000000e+08
4.255812541509689254e+03 2.358746351000000000e+09
4.205420048808884530e+03 8.804079130000000000e+08
4.175159880722313574e+03 1.681161790000000000e+09
4.214013331162756003e+03 1.626564610000000000e+08
4.214457417633118894e+03 2.996087949000000000e+09
4.268953865382977710e+03 2.114893300000000000e+07
4.282766347199929442e+03 2.824420079000000000e+09
4.311234575451293495e+03 1.967823784000000000e+09
4.254322300146637645e+03 4.177463631000000000e+09
4.256700523499898736e+03 1.948321672000000000e+09
4.258811358523376839e+03 3.889146580000000000e+08
4.180427871752605824e+03 9.385790200000000000e+07
4.233777364828251848e+03 2.800427534000000000e+09
4.285531224149850459e+03 1.208320478000000000e+09
4.260528408346837750e+03 1.391675090000000000e+08
4.222239847490007378e+03 3.473385659000000000e+09
4.227249218161286990e+03 3.675963794000000000e+09
4.268130456051798319e+03 5.619654140000000000e+08
4.227098495571615786e+03 3.175292655000000000e+09
4.223962781450472903e+03 9.581182660000000000e+08
4.209021597674200166e+03 1.300581201000000000e+09
4.202370520880918775e+03 1.882954417000000000e+09
4.218327844719073255e+03 2.415163126000000000e+09
4.275127391949332377e+03 4.109035796000000000e+09
4.252626773330934157e+03 1.798057065000000000e+09
4.262437539809158807e+03 3.407810614000000000e+09
4.209093650503272329e+03 3.700874972000000000e+09
4.274603839409034663e+03 1.592355941000000000e+09
4.243174780981551521e+03 2.383727958000000000e+09
4.370226373589098330e+03 2.034901824000000000e+09
4.326980806586395374e+03 4.075712771000000000e+09
4.333522719842971128e+03 3.531461183000000000e+09
4.226723913949143025e+03 1.091869564000000000e+09
4.174752381310684541e+03 3.741205669000000000e+09
4.275032703981184568e+03 9.245083520000000000e+08
4.306095630634197732e+03 2.320087827000000000e+09
4.239945040692100520e+03 1.538349714000000000e+09
4.257975311540138136e+03 3.186939710000000000e+09
4.267350771692512353e+03 3.417660892000000000e+09
4.218481933800000661e+03 4.200752033000000000e+09
4.151373405636089046e+03 3.627989193000000000e+09
4.314238004728296801e+03 4.120784095000000000e+09
4.286072277293498701e+03 2.360704595000000000e+09
4.285779727977223956e+03 4.284604572000000000e+09
4.319328583021519989e+03 2.697822907000000000e+09
4.248233815305609824e+03 8.639084590000000000e+08
4.284416668581060549e+03 5.701800610000000000e+08
4.338596329356994829e+03 2.288861433000000000e+09
4.279429642571698423e+03 1.132450153000000000e+09
4.163820529189930312e+03 3.004244601000000000e+09
4.274191623985288970e+03 8.010834880000000000e+08
4.267388430243225230e+03 7.563161320000000000e+08
4.271209848375259753e+03 7.990981410000000000e+08
4.286765676886951951e+03 2.528667829000000000e+09
4.195826817400084110e+03 2.301969910000000000e+09
4.307168330529677405e+03 2.561131659000000000e+09
4.192577798843190976e+03 1.008251308000000000e+09
4.361432479065705593e+03 1.783165800000000000e+08
4.233918340426471332e+03 2.528059647000000000e+09
4.175183251068467143e+03 1.055743098000000000e+09
4.166923344293898481e+03 2.937236285000000000e+09
4.281937742473230173e+03 2.716171994000000000e+09
4.288877038295575403e+03 2.088499062000000000e+09
4.214252707475890929e+03 3.140702764000000000e+09
4.330829832558316411e+03 4.278908140000000000e+08
4.281013507788868083e+03 2.248239670000000000e+08
4.270568307889121570e+03 2.208896530000000000e+09
4.352595197315695259e+03 2.310058455000000000e+09
4.262596684017288680e+03 3.916973628000000000e+09
4.297237383471418070e+03 3.067292533000000000e+09
4.255745781421572246e+03 2.909529980000000000e+08
4.266716573747697112e+03 1.642184828000000000e+09
4.284387557250336613e+03 1.634432011000000000e+09
4.325744546384567911e+03 3.690851884000000000e+09
4.240604654834922258e+03 1.041179450000000000e+09
4.248855089690226123e+03 5.223275510000000000e+08
4.256995890506326759e+03 4.200346874000000000e+09
4.316449126901617092e+03 2.554432920000000000e+09
4.332274137945499206e+03 3.602062809000000000e+09
4.352216569165442706e+03 2.095725230000000000e+08
4.276770806856353374e+03 3.727507381000000000e+09
4.196806606781332448e+03 2.587532566000000000e+09
4.172482341249797173e+03 2.214285044000000000e+09
4.237543039058640716e+03 1.295633573000000000e+09
4.235899641209573929e+03 1.339673479000000000e+09
4.301254372412844532e+03 3.999193558000000000e+09
4.235441172567125250e+03 2.335266221000000000e+09
4.214927677969886645e+03 2.806408568000000000e+09
4.298357049960177392e+03 4.223129851000000000e+09
4.268514635335954154e+03 1.032136370000000000e+09
4.251925713429425741e+03 2.748473471000000000e+09
4.264728671769466018e+03 1.028456751000000000e+09
4.271077462112105422e+03 9.178955400000000000e+07
4.319554806664909847e+03 1.772491324000000000e+09
4.356473542323261427e+03 3.652262590000000000e+08
4.393151670509052565e+03 3.780456356000000000e+09
4.297900103139480052e+03 1.807771805000000000e+09
4.322457140475961751e+03 1.525564731000000000e+09
4.242147493345913063e+03 1.033326361000000000e+09
4.313602911402187601e+03 3.251659197000000000e+09
4.263142908111356519e+03 2.604832872000000000e+09
4.225946743010244063e+03 2.140414560000000000e+09
4.243807801905872111e+03 4.246212126000000000e+09
4.205406894181539428e+03 2.040924685000000000e+09
4.244381620375571401e+03 1.282365625000000000e+09
4.301470273079463368e+03 5.455377380000000000e+08
4.271454983872038611e+03 1.176652434000000000e+09
4.381972276858047735e+03 1.732364891000000000e+09
4.227348673223919832e+03 1.495075349000000000e+09
4.185121378951394945e+03 2.029078579000000000e+09
4.099779125141897566e+03 1.443518033000000000e+09
4.290928881866297161e+03 1.651505308000000000e+09
4.196723378613733985e+03 3.546874292000000000e+09
4.402231678560037835e+03 1.265643459000000000e+09
4.201321149319814140e+03 6.655896500000000000e+08
4.267551806023720928e+03 2.501461703000000000e+09
4.252963758972464348e+03 1.013418587000000000e+09
4.277110084555264621e+03 2.075832115000000000e+09
4.235214255093513202e+03 1.759127607000000000e+09
4.247884616470006222e+03 8.395465840000000000e+08
4.215059394812738901e+03 3.423932872000000000e+09
4.283325911772793916e+03 3.143155200000000000e+09
4.246972480584110599e+03 3.716253081000000000e+09
4.234161881998285935e+03 1.469682519000000000e+09
4.260499710619038524e+03 2.876761856000000000e+09
4.154789312920865996e+03 4.880841700000000000e+07
4.281415158651841921e+03 2.335434938000000000e+09
4.272616929650150269e+03 4.126498916000000000e+09
4.223529862363820939e+03 1.892606181000000000e+09
4.260083337299842242e+03 1.139283071000000000e+09
4.365707376609883795e+03 8.900234610000000000e+08
4.219683665964887041e+03 2.832730913000000000e+09
4.265749329657306589e+03 3.467296958000000000e+09
4.240535387564430494e+03 1.385765378000000000e+09
4.289897394482968593e+03 3.700713029000000000e+09
4.247251295639070122e+03 3.778758560000000000e+09
4.319129240723357725e+03 3.283939361000000000e+09
4.235623455258295508e+03 5.514187900000000000e+07
4.263236416745936367e+03 3.299753246000000000e+09
4.340814464899043742e+03 2.909688302000000000e+09
4.243742218822519135e+03 2.413452716000000000e+09
4.216995989502627708e+03 3.936164762000000000e+09
4.204278596344380276e+03 1.320641495000000000e+09
4.275574257306685467e+03 7.396605840000000000e+08
4.289685422299045968e+03 1.918835134000000000e+09
4.201474982594625544e+03 2.826660233000000000e+09
4.304667544364462628e+03 3.288295006000000000e+09
4.265405736703187358e+03 2.866625526000000000e+09
4.245392616049670323e+03 2.964819702000000000e+09
4.251072277933015357e+03 2.342316022000000000e+09
4.248424167970553754e+03 2.297876179000000000e+09
4.250568431797508310e+03 3.517959221000000000e+09
4.259455396543170536e+03 1.990577285000000000e+09
4.271721638463193813e+03 8.305375490000000000e+08
4.281672610499377697e+03 5.426245000000000000e+07
4.388229712307262162e+03 3.669592969000000000e+09
4.226956576749713349e+03 3.120282555000000000e+09
4.271271604499052046e+03 1.297927107000000000e+09
4.226519568411879845e+03 3.209845396000000000e+09
4.258898598728213074e+03 3.393867467000000000e+09
4.178285786300471955e+03 3.824210129000000000e+09
4.217243956519820131e+03 3.047377616000000000e+09
4.347116244665196064e+03 1.005449876000000000e+09
4.283330774039916832e+03 1.285664615000000000e+09
4.290012872968458396e+03 2.221444160000000000e+09
4.251133575041456425e+03 8.279739900000000000e+07
4.217117490061369608e+03 4.109016661000000000e+09
4.261974012821006909e+03 4.238383004000000000e+09
4.272371278506256203e+03 1.404765490000000000e+08
4.301294762529185391e+03 2.535046826000000000e+09
4.261621138472983148e+03 1.293154813000000000e+09
4.267402369850279683e+03 2.933467777000000000e+09
4.263409364229188213e+03 2.100247749000000000e+09
4.375479292405943852e+03 2.064746379000000000e+09
4.248302390431545064e+03 1.019134920000000000e+08
4.257095610799029600e+03 3.624608914000000000e+09
4.185062881323237889e+03 1.832032302000000000e+09
4.306372046873562795e+03 4.580637110000000000e+08
4.296008515143204932e+03 2.000301273000000000e+09
4.225902736346189158e+03 6.742729550000000000e+08
4.333011522693308507e+03 3.033679299000000000e+09
4.239338183268799185e+03 2.168165315000000000e+09
4.227894280445864752e+03 1.759910259000000000e+09
4.249812310106290170e+03 1.667021110000000000e+08
4.290206152915450730e+03 1.691925833000000000e+09
4.227696062079812691e+03 3.550214764000000000e+09
4.200196989977174781e+03 1.328049489000000000e+09
4.307816434488737286e+03 9.629412690000000000e+08
4.400936078342001565e+03 2.297126139000000000e+09
4.375825366191948888e+03 3.541216873000000000e+09
4.187064521155101829e+03 1.871899103000000000e+09
4.274747599991940660e+03 3.767849194000000000e+09
4.267515703600860434e+03 1.139411950000000000e+08
4.261668699876439860e+03 2.325856928000000000e+09
4.248207513851917611e+03 2.736250730000000000e+09
4.286405937539433580e+03 3.793904754000000000e+09
4.344438530047464155e+03 7.629764790000000000e+08
4.247532499047834790e+03 5.111800240000000000e+08
4.347329868229162457e+03 4.200519060000000000e+08
4.256719881018043452e+03 1.645738940000000000e+09
4.252832727467945915e+03 2.110724840000000000e+09
4.264321211957825653e+03 1.198469663000000000e+09
4.249636874609654114e+03 6.886095480000000000e+08
4.292585847867852863e+03 2.040569550000000000e+09
4.176635284074093761e+03 3.068341248000000000e+09
4.226293936534146269e+03 1.997847010000000000e+08
4.217400384328173459e+03 3.143074108000000000e+09
4.340489703063742127e+03 2.756905383000000000e+09
4.239613847654558413e+03 3.469685997000000000e+09
4.329439762650560624e+03 1.587148237000000000e+09
4.230982942883802025e+03 3.373627719000000000e+09
4.274907728394280639e+03 1.333117751000000000e+09
4.246455773078819220e+03 3.931553455000000000e+09
4.201700794141459482e+03 3.385480772000000000e+09
4.382376136516830229e+03 7.277092220000000000e+08
4.252224418791043718e+03 1.144141996000000000e+09
4.256447904263077362e+03 2.102268851000000000e+09
4.191906315257374445e+03 1.957658080000000000e+09
4.346523560930185340e+03 3.363036831000000000e+09
4.258469975464157869e+03 2.429465016000000000e+09
4.157892349024888063e+03 9.846024350000000000e+08
4.277081987609562930e+03 2.290003684000000000e+09
4.298357375113466333e+03 1.403387895000000000e+09
4.114739777988028436e+03 1.612506167000000000e+09
4.208049464104496110e+03 1.483743538000000000e+09
4.229173123768167898e+03 4.638025850000000000e+08
4.249353714042485080e+03 3.028867072000000000e+09
4.288743925877055517e+03 2.084739641000000000e+09
4.218513774766328424e+03 4.078298082000000000e+09
4.237127795458207402e+03 2.533930339000000000e+09
4.267390708425411503e+03 3.621974019000000000e+09
4.225140813065720067e+03 2.469548892000000000e+09
4.253290271307259900e+03 2.130895000000000000e+08
4.250746337183378273e+03 2.944799518000000000e+09
4.222313845794004010e+03 2.182963830000000000e+09
4.284429668924880389e+03 1.621830138000000000e+09
4.212411138642155493e+03 4.060137635000000000e+09
4.152196398724972823e+03 8.012953550000000000e+08
4.188190016486021705e+03 2.770003069000000000e+09
4.268461454008036526e+03 3.074213368000000000e+09
4.235892697102025522e+03 3.959537172000000000e+09
4.341774481996277245e+03 1.379978700000000000e+09
4.344012349307025033e+03 6.720834160000000000e+08
4.246081460081217301e+03 1.792487318000000000e+09
4.293470237110985181e+03 1.373489947000000000e+09
4.323768365408161117e+03 3.757237788000000000e+09
4.340127546508820160e+03 1.470240462000000000e+09
4.203482154075538347e+03 2.267653639000000000e+09
4.169606738748803764e+03 5.114153480000000000e+08
4.244324751129244760e+03 1.620190745000000000e+09
4.407652344776603059e+03 2.284181374000000000e+09
4.321063713193006151e+03 4.735648070000000000e+08
4.344045604208792611e+03 3.874904385000000000e+09
4.368145302133285441e+03 2.593308538000000000e+09
4.305340588319264498e+03 1.642214548000000000e+09
4.367922765633116796e+03 3.628555303000000000e+09
4.400552060314619666e+03 4.080792443000000000e+09
4.219997622424214569e+03 1.650798710000000000e+09
4.180921723354155802e+03 6.241064110000000000e+08
4.241804718653931559e+03 3.614914361000000000e+09
4.329438871791025122e+03 2.846234746000000000e+09
4.273415316349570276e+03 6.495510400000000000e+08
4.342663340701214111e+03 1.374770000000000000e+06
4.266146072165558508e+03 3.826775800000000000e+07
4.380230197048176706e+03 1.521342596000000000e+09
4.340857764094713275e+03 2.255672987000000000e+09
4.262236202798347222e+03 3.405385772000000000e+09
4.231192106477708876e+03 3.767903820000000000e+08
4.243963953666354428e+03 1.392374634000000000e+09
4.236178090152185177e+03 1.140003914000000000e+09
4.315270617488674361e+03 2.919764247000000000e+09
4.258511905760151421e+03 3.455279794000000000e+09
4.299368310002601902e+03 3.591905588000000000e+09
4.234365004650569972e+03 2.374771621000000000e+09
4.262565140482689458e+03 9.554970070000000000e+08
4.261771758091138508e+03 2.609711865000000000e+09
4.312697370243333353e+03 8.189215490000000000e+08
4.294537912420044449e+03 2.079708980000000000e+08
4.325031160926617304e+03 6.448941960000000000e+08
4.260679736571657486e+03 5.732255900000000000e+07
4.297741771274476378e+03 2.485970150000000000e+08
4.355073047367396612e+03 3.863822724000000000e+09
4.321650471529962488e+03 3.281299915000000000e+09
4.252456643221277773e+03 3.093877691000000000e+09
4.278777819077124150e+03 1.123953704000000000e+09
4.314028589537310836e+03 1.021826117000000000e+09
4.229060461978748208e+03 2.230052321000000000e+09
4.333849342665196673e+03 2.990049666000000000e+09
4.326930294814017543e+03 2.495811790000000000e+08
4.248575827538634258e+03 2.119146878000000000e+09
4.285151990046536412e+03 3.109767384000000000e+09
4.294361672755150721e+03 5.877225050000000000e+08
4.297635765767747216e+03 2.260663030000000000e+08
4.337824121153525994e+03 3.150378820000000000e+09
4.246264155990103973e+03 3.926337860000000000e+09
4.326254379062032967e+03 1.880795993000000000e+09
4.345267417169611690e+03 4.243463448000000000e+09
4.411610405476946653e+03 2.987203921000000000e+09
4.166296001844875718e+03 3.347670700000000000e+08
4.195631544384359586e+03 2.119695975000000000e+09
4.300355582652813609e+03 2.065889579000000000e+09
4.248478014938857086e+03 4.152194266000000000e+09
4.215111615098569018e+03 3.105933891000000000e+09
4.395284811017739230e+03 8.063811140000000000e+08
4.371603817998491650e+03 2.157042195000000000e+09
4.274935286429704320e+03 5.652179900000000000e+08
4.310310482723263704e+03 1.036668562000000000e+09
4.282492927177218007e+03 1.634029779000000000e+09
4.250724456672835004e+03 1.769189463000000000e+09
4.413885859363883355e+03 8.961399730000000000e+08
4.233852163599947744e+03 2.698181181000000000e+09
4.317301838310509083e+03 2.220267646000000000e+09
4.340038948423913098e+03 1.051656939000000000e+09
4.259789193617969431e+03 4.217120933000000000e+09
4.263652403651725763e+03 4.185459825000000000e+09
4.281854621361874706e+03 2.871760859000000000e+09
4.237929761123368735e+03 3.366845138000000000e+09
4.306713508870303485e+03 1.684909189000000000e+09
4.265658304795999356e+03 2.474690312000000000e+09
