# Lens_likelihood 	 seed
6.525003041443752409e+03 1.962739126000000000e+09
6.514112596256853976e+03 3.738636480000000000e+08
6.559692180102502789e+03 2.083353030000000000e+08
6.570393952885432554e+03 4.054547358000000000e+09
6.510517319557417068e+03 4.174991030000000000e+08
6.458746905766982309e+03 1.134795351000000000e+09
6.568477162851850153e+03 3.364964032000000000e+09
6.576033344280149322e+03 3.982965751000000000e+09
6.477550468013046157e+03 1.063069697000000000e+09
6.510003485042649118e+03 2.604666755000000000e+09
6.513207375793238498e+03 4.088964259000000000e+09
6.435918978847594190e+03 2.318038010000000000e+08
6.532664359808412883e+03 3.228508159000000000e+09
6.554856227669110012e+03 2.063167820000000000e+08
6.515621003399243818e+03 2.676306600000000000e+08
6.480074865184510600e+03 4.019735753000000000e+09
6.475268239358960273e+03 1.941592490000000000e+08
6.448984999891878033e+03 3.449348064000000000e+09
6.458106768743316024e+03 3.075902421000000000e+09
6.533447359432164376e+03 1.373230160000000000e+08
6.536362199140529810e+03 2.392433281000000000e+09
6.521612853576744783e+03 1.747711759000000000e+09
6.532000049880991355e+03 9.843153060000000000e+08
6.540411686328431642e+03 1.578411309000000000e+09
6.533494989260436341e+03 2.635264075000000000e+09
6.549705098843582164e+03 4.062910885000000000e+09
6.484540711563439800e+03 4.214588053000000000e+09
6.516047836808422289e+03 3.667138309000000000e+09
6.521063061063717214e+03 3.944482257000000000e+09
6.399791366115639903e+03 2.847025676000000000e+09
6.570781234646605299e+03 1.932809288000000000e+09
6.553019708206426913e+03 3.852262246000000000e+09
6.514319561414669806e+03 2.044673018000000000e+09
6.538142556094551765e+03 1.414952582000000000e+09
6.492628915482890079e+03 4.227256361000000000e+09
6.512890665751858251e+03 1.454485328000000000e+09
6.536404696124549446e+03 1.334488269000000000e+09
6.541130604820954431e+03 3.292868764000000000e+09
6.481879892389907582e+03 1.764715610000000000e+09
6.525349548635385872e+03 1.327164739000000000e+09
6.556886331951155626e+03 2.831834542000000000e+09
6.427724488137020671e+03 6.164068590000000000e+08
6.559152699380705599e+03 4.280046628000000000e+09
6.542768190153232354e+03 1.718862096000000000e+09
6.526068024163965674e+03 3.349850521000000000e+09
6.514077752426605002e+03 8.023171900000000000e+07
6.516927101934740676e+03 4.066188109000000000e+09
6.514219649442428818e+03 6.542987640000000000e+08
6.529412779783792757e+03 3.057326181000000000e+09
6.546309996437013979e+03 3.482694466000000000e+09
6.514131405188509234e+03 3.453780465000000000e+09
6.548234046329509511e+03 1.866102284000000000e+09
6.474343096175853134e+03 1.475451965000000000e+09
6.530114233944186708e+03 9.744396050000000000e+08
6.497057701686584551e+03 4.162905667000000000e+09
6.584122938291538048e+03 1.827775688000000000e+09
6.475848552595974979e+03 3.777219615000000000e+09
6.536676944301492767e+03 3.848814638000000000e+09
6.587688396943209227e+03 2.739378076000000000e+09
6.568449321628213511e+03 3.029830324000000000e+09
6.474328689713720451e+03 2.921694960000000000e+09
6.460540546222622652e+03 2.120195494000000000e+09
6.545402663975897667e+03 3.079595162000000000e+09
6.529069574620851199e+03 3.630449914000000000e+09
6.517491276787034622e+03 8.561154430000000000e+08
6.490017086059391659e+03 3.553137515000000000e+09
6.499182447537101325e+03 1.536104907000000000e+09
6.573325259417743837e+03 3.777874913000000000e+09
6.480398141837145886e+03 1.285545446000000000e+09
6.464843503951316052e+03 2.160401628000000000e+09
6.479211152119494727e+03 3.078633508000000000e+09
6.522621114698959900e+03 2.271618293000000000e+09
6.455387089867389477e+03 4.002045507000000000e+09
6.507077487867920354e+03 2.865041035000000000e+09
6.499360483562240006e+03 2.268760022000000000e+09
6.557872806015074275e+03 3.422077175000000000e+09
6.492397880451588208e+03 1.216237520000000000e+08
6.523814122269714971e+03 4.165684158000000000e+09
6.500123955161026970e+03 4.160774389000000000e+09
6.482161592190022020e+03 3.235740336000000000e+09
6.471265859879332311e+03 2.146377985000000000e+09
6.514978590491242358e+03 2.113349574000000000e+09
6.528321056882583434e+03 1.080260180000000000e+08
6.441880641156045385e+03 1.208055228000000000e+09
6.500740459410789299e+03 3.306163884000000000e+09
6.473010474493393303e+03 1.027269632000000000e+09
6.526982289880796088e+03 2.134248687000000000e+09
6.521948154395405254e+03 3.203774529000000000e+09
6.524002709000194045e+03 3.453153646000000000e+09
6.543823257154019302e+03 1.085041827000000000e+09
6.536244857545358173e+03 4.123665425000000000e+09
6.589094520113212639e+03 1.024935650000000000e+09
6.490571358168329425e+03 4.631007200000000000e+08
6.526905758659948333e+03 1.647147743000000000e+09
6.452764361269868459e+03 2.432426290000000000e+08
6.487163919707505556e+03 3.070483668000000000e+09
6.537769434036155872e+03 7.714109180000000000e+08
6.442352001898127128e+03 4.109510231000000000e+09
6.623467847745747349e+03 3.252182800000000000e+08
6.560143528802561377e+03 1.788030333000000000e+09
6.493847793003008519e+03 2.475113187000000000e+09
6.466514369601007274e+03 1.339250320000000000e+09
6.454081504033809324e+03 3.751633651000000000e+09
6.475255826442476973e+03 1.375491329000000000e+09
6.568756679460354462e+03 2.768827160000000000e+08
6.604709127601056935e+03 1.257636451000000000e+09
6.514779003735162405e+03 3.771793050000000000e+08
6.564470614800182375e+03 1.693242504000000000e+09
6.553379420646331710e+03 5.837534190000000000e+08
6.524361867214214726e+03 2.419811977000000000e+09
6.462953269562772221e+03 1.354847484000000000e+09
6.529539801374190574e+03 7.273545700000000000e+08
6.519124884062841375e+03 2.701561225000000000e+09
6.615892796119079321e+03 3.365283508000000000e+09
6.462841420099823154e+03 1.447541568000000000e+09
6.558658424250273129e+03 2.589511242000000000e+09
6.519964294977859026e+03 3.978077896000000000e+09
6.521899103736178404e+03 6.448415420000000000e+08
6.520003802155135418e+03 3.459635110000000000e+09
6.541519801373855444e+03 2.345347089000000000e+09
6.456205167832842562e+03 8.881106280000000000e+08
6.527478478091390571e+03 2.130802208000000000e+09
6.548361065562051408e+03 1.393267129000000000e+09
6.496766099840919196e+03 1.913859581000000000e+09
6.547844265312372954e+03 3.791708197000000000e+09
6.532797700674677799e+03 3.465536174000000000e+09
6.439949247026666853e+03 3.312424065000000000e+09
6.516160377325887566e+03 2.994153263000000000e+09
6.485296656572400934e+03 1.075268681000000000e+09
6.454660913003761380e+03 2.765216559000000000e+09
6.465978574095179283e+03 3.121210644000000000e+09
6.552302422603155719e+03 8.835082200000000000e+08
6.567594450972930645e+03 3.467015486000000000e+09
6.457949439251220610e+03 1.018642716000000000e+09
6.476191251374016247e+03 4.260203093000000000e+09
6.479476334657088046e+03 4.091304807000000000e+09
6.524745439380708376e+03 3.004315157000000000e+09
6.477721312114414104e+03 1.904595715000000000e+09
6.548433248171429113e+03 1.209903732000000000e+09
6.473134173648820251e+03 4.881095380000000000e+08
6.543905261105329373e+03 2.693960287000000000e+09
6.608890260335268067e+03 1.776145662000000000e+09
6.532419720109562149e+03 2.255343050000000000e+09
6.508588735902542794e+03 7.962808400000000000e+08
6.514353095588630822e+03 2.302297516000000000e+09
6.424089028085000791e+03 2.202409201000000000e+09
6.437999176351075221e+03 2.343630873000000000e+09
6.550203476159944330e+03 1.218390316000000000e+09
6.533934944050673948e+03 1.880125834000000000e+09
6.513329036077894671e+03 3.145361364000000000e+09
6.485905588331563195e+03 1.606091413000000000e+09
6.562556891525746323e+03 1.601165696000000000e+09
6.536012769551977726e+03 2.735116665000000000e+09
6.508986614887668111e+03 1.062097083000000000e+09
6.525658828144739346e+03 5.926511900000000000e+07
6.453408132511672193e+03 4.238467284000000000e+09
6.480299401065685743e+03 8.888070830000000000e+08
6.572167021014935017e+03 4.124681135000000000e+09
6.514976050932745238e+03 1.414033924000000000e+09
6.553240034462216499e+03 4.182217730000000000e+09
6.487313787102514652e+03 3.314113379000000000e+09
6.515718994128313170e+03 1.677416246000000000e+09
6.550987051183977201e+03 3.507587825000000000e+09
6.539374104408801941e+03 3.931344809000000000e+09
6.485887664474728808e+03 1.977905123000000000e+09
6.505030048457473640e+03 5.468559130000000000e+08
6.551639725417439877e+03 9.064795000000000000e+08
6.438733972641129185e+03 6.586423460000000000e+08
6.537289322689310211e+03 1.316200870000000000e+08
6.515572828236598070e+03 1.936291710000000000e+09
6.497294771039354600e+03 2.634437230000000000e+08
6.473228750807529650e+03 5.458506020000000000e+08
6.533079659446297228e+03 2.293315691000000000e+09
6.459915040430896624e+03 1.217363003000000000e+09
6.495049820655394797e+03 3.610360230000000000e+09
6.546579061524194913e+03 2.954352944000000000e+09
6.552336453501337019e+03 2.247021064000000000e+09
6.431930009474371218e+03 2.292596963000000000e+09
6.566260794513818837e+03 2.179990969000000000e+09
6.439878133554961096e+03 4.202258880000000000e+08
6.485622492949545631e+03 3.978547170000000000e+09
6.567805847753708804e+03 3.969704106000000000e+09
6.463051032135290370e+03 2.310258138000000000e+09
6.508864585435257140e+03 6.977157400000000000e+08
6.544391305509261656e+03 1.412776459000000000e+09
6.427230574924667962e+03 2.586387148000000000e+09
6.509533269453209869e+03 2.400562438000000000e+09
6.433082947113001865e+03 1.981440504000000000e+09
6.493146471807054695e+03 8.547878620000000000e+08
6.526528076245296688e+03 3.889002811000000000e+09
6.531437069132722172e+03 3.345965083000000000e+09
6.462137461798306504e+03 2.154776670000000000e+08
6.561018098049119544e+03 3.092530476000000000e+09
6.605630395934884291e+03 2.550954602000000000e+09
6.581805544121332787e+03 2.444034560000000000e+08
6.501463187220959298e+03 4.799486000000000000e+08
6.491498352637509925e+03 2.105655377000000000e+09
6.483535804688384815e+03 2.896534116000000000e+09
6.567028871249581243e+03 1.467558099000000000e+09
6.519661553720059601e+03 4.031515384000000000e+09
6.517761504751688335e+03 8.312029090000000000e+08
6.480459912013946450e+03 3.778713529000000000e+09
6.432880757880293459e+03 2.774975668000000000e+09
6.520845276719424874e+03 1.408520700000000000e+08
6.530313624159333813e+03 3.222165457000000000e+09
6.481313424023948755e+03 1.474483390000000000e+09
6.523781363986611723e+03 2.455255752000000000e+09
6.410382098649989530e+03 9.171385770000000000e+08
6.521173956826374706e+03 2.470274181000000000e+09
6.498589610527498735e+03 4.017235358000000000e+09
6.494821758594923267e+03 3.168438167000000000e+09
6.481526055350096613e+03 1.522880045000000000e+09
6.586418036755722824e+03 2.335711488000000000e+09
6.471954664294948088e+03 3.956682426000000000e+09
6.481496561186208055e+03 3.418941410000000000e+08
6.501279208198106062e+03 1.280467048000000000e+09
6.505682945656833908e+03 1.851862502000000000e+09
6.424051477252554832e+03 4.157661927000000000e+09
6.527034749064316202e+03 1.315378180000000000e+08
6.488541662863523015e+03 1.242994459000000000e+09
6.542286348960318719e+03 6.113713190000000000e+08
6.439888503854968803e+03 2.538228827000000000e+09
6.472055247511500056e+03 1.827615232000000000e+09
6.408271851063655959e+03 2.984850234000000000e+09
6.562247971916096503e+03 3.575900510000000000e+08
6.482292371016569632e+03 1.827515840000000000e+09
6.486725989905953611e+03 1.705214586000000000e+09
6.449270022316650284e+03 1.675112181000000000e+09
6.482391118327032018e+03 1.804838025000000000e+09
6.484292984320025425e+03 3.826503414000000000e+09
6.520831702879060686e+03 4.056031011000000000e+09
6.485046598300628830e+03 2.722714204000000000e+09
6.497810279465054919e+03 2.363489459000000000e+09
6.549030043575530726e+03 3.066778958000000000e+09
6.491091028566186651e+03 4.285750660000000000e+09
6.510621823375939130e+03 3.974702214000000000e+09
6.401384345620047498e+03 4.038419130000000000e+09
6.487973207576696950e+03 9.673113450000000000e+08
6.480625458973686364e+03 3.815072817000000000e+09
6.542558898810553728e+03 9.353456380000000000e+08
6.494266679174674209e+03 2.444115957000000000e+09
6.531003711924448908e+03 4.249698877000000000e+09
6.555415266462451655e+03 2.372082200000000000e+08
6.503681237172396322e+03 1.050940780000000000e+08
6.601915786742422824e+03 3.485221595000000000e+09
6.469962801683512225e+03 4.054705902000000000e+09
6.489968242954573725e+03 2.800779075000000000e+09
6.453418016151855227e+03 2.677760606000000000e+09
6.389645715682516311e+03 1.345238386000000000e+09
6.499879428329166331e+03 2.433322909000000000e+09
6.532332235507673431e+03 3.948621010000000000e+08
6.451656147167061135e+03 1.166911039000000000e+09
6.543521682093258278e+03 2.173635375000000000e+09
6.573582292042948211e+03 4.171554002000000000e+09
6.559335141040246526e+03 2.714766176000000000e+09
6.505011186313794497e+03 3.554290210000000000e+09
6.526418594092464446e+03 3.083630695000000000e+09
6.524633057750361331e+03 7.671426990000000000e+08
6.540216923567726553e+03 2.853442927000000000e+09
6.405122800614160951e+03 2.897567388000000000e+09
6.517246699686047577e+03 1.481082739000000000e+09
6.522616005418371969e+03 2.285512998000000000e+09
6.511917592718865308e+03 1.681038442000000000e+09
6.541129841852018217e+03 1.970055237000000000e+09
6.533692126154320249e+03 1.419507177000000000e+09
6.504828096097859088e+03 2.998413304000000000e+09
6.503088364918956358e+03 3.638112440000000000e+09
6.525812691925474610e+03 1.811230101000000000e+09
6.545475336919564143e+03 3.997027499000000000e+09
6.489147202521186955e+03 4.068672629000000000e+09
6.555796503650921295e+03 5.115716840000000000e+08
6.458109146929205963e+03 3.523402204000000000e+09
6.512563048569420062e+03 2.743153341000000000e+09
6.454495132872413706e+03 2.489060046000000000e+09
6.496756519760307128e+03 5.169298700000000000e+07
6.511212673929850098e+03 3.351023303000000000e+09
6.544366238773682198e+03 3.803289718000000000e+09
6.530903288862778936e+03 4.293416120000000000e+08
6.594935406692062315e+03 1.454645511000000000e+09
6.499483053293807643e+03 1.442284464000000000e+09
6.507754963793036950e+03 8.414080590000000000e+08
6.479701887056622581e+03 2.804159198000000000e+09
6.414984991538666691e+03 2.715553333000000000e+09
6.533256783779608668e+03 8.678021220000000000e+08
6.501917693176017565e+03 3.323306580000000000e+08
6.570296942204418883e+03 2.786716733000000000e+09
6.529154518175986595e+03 3.520348711000000000e+09
6.551386158510455061e+03 1.156326741000000000e+09
6.499996973209775206e+03 6.365290490000000000e+08
6.498952721011607537e+03 6.713473840000000000e+08
6.545735565710398987e+03 8.996077600000000000e+07
6.506806457008609868e+03 4.359417930000000000e+08
6.568466149587135078e+03 1.050875232000000000e+09
6.527848904127426067e+03 2.328733517000000000e+09
6.448051253045406156e+03 1.050645786000000000e+09
6.411500518874117915e+03 3.516758271000000000e+09
6.520036854312014839e+03 1.763687055000000000e+09
6.550373000223777126e+03 2.911322790000000000e+09
6.581056057605253045e+03 4.049958720000000000e+09
6.508413214301591324e+03 3.777476685000000000e+09
6.464594056554179588e+03 2.973546538000000000e+09
6.478885630540409693e+03 2.058461369000000000e+09
6.507118886439951893e+03 1.125866428000000000e+09
6.461028480015129389e+03 7.782344630000000000e+08
6.518896462367078129e+03 3.115885884000000000e+09
6.484610709710422270e+03 8.581928260000000000e+08
6.531190403515392973e+03 3.839934043000000000e+09
6.564872077302336038e+03 6.739147880000000000e+08
6.510237285600656833e+03 7.549614430000000000e+08
6.552349427793547875e+03 3.942817315000000000e+09
6.495888823571402099e+03 2.144341541000000000e+09
6.500772205647356714e+03 1.009712927000000000e+09
6.472708257861268976e+03 2.372093697000000000e+09
6.541115926056350872e+03 1.787269452000000000e+09
6.511856737841821086e+03 1.956502516000000000e+09
6.487778743413095071e+03 2.989571240000000000e+08
6.456427210479423593e+03 1.374838064000000000e+09
6.544218895446781971e+03 2.516336784000000000e+09
6.507041168678275426e+03 4.065990666000000000e+09
6.466023104046653316e+03 1.942800070000000000e+09
6.567044669902229543e+03 2.453862531000000000e+09
6.513972251907813188e+03 7.899550050000000000e+08
6.407441017664265019e+03 7.914162390000000000e+08
6.504814003227284957e+03 4.232863986000000000e+09
6.374317061243317767e+03 2.937862327000000000e+09
6.486948576613411205e+03 3.203596872000000000e+09
6.523200007722167356e+03 1.464102397000000000e+09
6.468090137993176540e+03 2.165405827000000000e+09
6.526923003386054916e+03 4.279100874000000000e+09
6.540388603796495772e+03 5.060906940000000000e+08
6.497619224417076111e+03 4.192173847000000000e+09
6.586024063224509518e+03 1.248504810000000000e+09
6.505892622935603868e+03 1.235142458000000000e+09
6.442062245556978269e+03 3.417076945000000000e+09
6.410874824500493560e+03 2.622601013000000000e+09
6.506115728212482281e+03 2.051997220000000000e+09
6.471193438121524196e+03 3.267805780000000000e+09
6.475004991409893591e+03 2.072275029000000000e+09
6.497986229993683992e+03 3.608592866000000000e+09
6.511995578498150280e+03 1.978577569000000000e+09
6.476245666006150714e+03 2.539116100000000000e+08
6.475546327417161592e+03 3.153168878000000000e+09
6.504872415232901403e+03 1.063479952000000000e+09
6.579308074119501725e+03 3.528498050000000000e+08
6.491887152071189121e+03 1.970439240000000000e+09
6.574456080692370961e+03 2.575069170000000000e+08
6.539234084130965130e+03 2.561835181000000000e+09
6.509803971560724676e+03 4.409951700000000000e+08
6.471016390257280364e+03 3.368025285000000000e+09
6.510398985782281670e+03 1.790368759000000000e+09
