# Lens_likelihood 	 seed
6.115100678916670404e+03 1.478664354000000000e+09
6.139215548732891875e+03 2.597066500000000000e+08
6.115311631271288206e+03 3.458252847000000000e+09
6.146956775912562080e+03 2.037856775000000000e+09
6.187449178225338983e+03 9.035162540000000000e+08
6.152858754685206804e+03 3.772396457000000000e+09
6.182420322515751650e+03 1.627558170000000000e+09
6.162916826714893432e+03 3.651973910000000000e+08
6.155710143835331110e+03 5.232983630000000000e+08
6.152709028872550334e+03 1.190638816000000000e+09
6.210312792450644338e+03 2.581564330000000000e+09
6.204205053930679242e+03 5.678620990000000000e+08
6.163534835161653973e+03 1.097653617000000000e+09
6.212767071212263545e+03 6.527041440000000000e+08
6.195067567498888820e+03 2.622467259000000000e+09
6.182897030764355804e+03 3.917271344000000000e+09
6.159965752719788725e+03 1.129155068000000000e+09
6.182212730553518668e+03 1.826646630000000000e+08
6.186575717053476183e+03 1.449425858000000000e+09
6.155800874528044005e+03 8.138310260000000000e+08
6.131271902824722929e+03 1.928965157000000000e+09
6.185841548516836156e+03 1.704771717000000000e+09
6.166593063769107175e+03 8.894025750000000000e+08
6.189991821092344253e+03 3.108753079000000000e+09
6.167805221531838470e+03 3.644218748000000000e+09
6.176246451096623787e+03 5.380223950000000000e+08
6.175703472866029188e+03 4.382059810000000000e+08
6.147683834075943196e+03 1.165415718000000000e+09
6.167960867554205834e+03 2.008418036000000000e+09
6.133097118683092049e+03 2.507287708000000000e+09
6.179663733072634386e+03 3.935996518000000000e+09
6.167716341975217802e+03 2.787990770000000000e+09
6.143996247864483848e+03 3.131694580000000000e+08
6.174558983086230910e+03 3.520241723000000000e+09
6.159591922362000332e+03 1.204667720000000000e+08
6.117890791733736478e+03 1.999786379000000000e+09
6.177323813757111566e+03 3.228661711000000000e+09
6.118941498730804597e+03 3.274955450000000000e+08
6.137815611325689133e+03 1.352124001000000000e+09
6.210660198895504436e+03 1.996125616000000000e+09
6.194441466985514126e+03 1.364607846000000000e+09
6.198675893003209239e+03 1.445835803000000000e+09
6.165744762254685156e+03 2.818167834000000000e+09
6.195543269065822642e+03 3.499602146000000000e+09
6.139930017021274580e+03 1.231065312000000000e+09
6.168712703894086189e+03 5.460076850000000000e+08
6.138196107144502093e+03 9.777522930000000000e+08
6.152812260305143354e+03 1.115721078000000000e+09
6.111345838176423058e+03 1.072863324000000000e+09
6.205370483229432466e+03 7.848013520000000000e+08
6.186429593805080003e+03 2.268811545000000000e+09
6.192060430004939008e+03 5.122301300000000000e+07
6.219492440025828728e+03 6.786445020000000000e+08
6.160005959706582871e+03 2.174947230000000000e+09
6.146044704574787829e+03 3.593812192000000000e+09
6.191513167857959161e+03 2.637649530000000000e+09
6.231343487430609457e+03 2.792692105000000000e+09
6.140580957669184500e+03 1.989011001000000000e+09
6.170930020380415954e+03 6.776903510000000000e+08
6.191400132017362921e+03 3.986454673000000000e+09
6.169229105659444031e+03 2.297504081000000000e+09
6.186189651165657779e+03 2.790926896000000000e+09
6.189606758243582590e+03 1.195450480000000000e+08
6.155668729884336244e+03 1.769138270000000000e+09
6.173445125418525095e+03 2.412599341000000000e+09
6.188135555219634625e+03 2.769055485000000000e+09
6.124294686674763398e+03 6.749752610000000000e+08
6.171528858088467132e+03 2.139165127000000000e+09
6.100981208997069189e+03 4.076540747000000000e+09
6.101051146692876500e+03 2.409137100000000000e+07
6.202457633420995990e+03 1.188006828000000000e+09
6.200051091048178023e+03 2.326126404000000000e+09
6.132728747890707382e+03 2.825782968000000000e+09
6.191501886984785415e+03 9.168060500000000000e+08
6.177261382458691514e+03 1.391032673000000000e+09
6.201153645924465309e+03 2.821976953000000000e+09
6.174104465545407948e+03 3.211166360000000000e+09
6.158268501521893995e+03 3.962326638000000000e+09
6.208126956773869097e+03 3.992045913000000000e+09
6.171596425191194612e+03 3.838217993000000000e+09
6.174145612882773094e+03 1.864896837000000000e+09
6.199015815636222214e+03 4.186436706000000000e+09
6.162821962066305787e+03 4.176845178000000000e+09
6.156758051721441007e+03 2.854312270000000000e+09
6.157954096689589278e+03 9.188891310000000000e+08
6.170711546248329796e+03 3.283612029000000000e+09
6.118777850633505295e+03 3.171063046000000000e+09
6.190185731838237189e+03 2.872196423000000000e+09
6.132545521058622398e+03 2.158754727000000000e+09
6.156872934737747528e+03 2.235750719000000000e+09
6.138587204366845981e+03 4.270681719000000000e+09
6.213415775019967441e+03 2.311218002000000000e+09
6.151736722445921259e+03 2.357582880000000000e+08
6.171544231408736778e+03 1.117907336000000000e+09
6.172592432579578599e+03 2.227797004000000000e+09
6.137649535838138036e+03 5.387642030000000000e+08
6.163734412497075027e+03 3.067049080000000000e+09
6.140388481301346474e+03 2.330122773000000000e+09
6.142386307720932564e+03 1.923752119000000000e+09
6.069456123985202794e+03 1.588313808000000000e+09
6.207198997554804009e+03 4.265666330000000000e+09
6.178803295826795875e+03 7.228455140000000000e+08
6.149201908028361686e+03 2.201460329000000000e+09
6.113138086339071378e+03 1.574136321000000000e+09
6.115730474128444257e+03 3.960133240000000000e+08
6.217442937274588985e+03 1.039290206000000000e+09
6.171127402554971923e+03 1.713621836000000000e+09
6.188307502232190927e+03 2.656824260000000000e+08
6.163689636737675755e+03 1.673510143000000000e+09
6.159154939285877845e+03 4.098789965000000000e+09
6.155355174744332544e+03 3.467571140000000000e+09
6.144636835372532005e+03 4.074212526000000000e+09
6.106072731425143502e+03 1.984923530000000000e+08
6.176047965318301067e+03 1.637094870000000000e+09
6.159548964609670293e+03 3.469598147000000000e+09
6.164211038098733297e+03 2.575168550000000000e+08
6.149662068626321343e+03 1.526803050000000000e+09
6.190147109352074040e+03 2.861022352000000000e+09
6.173043330549145139e+03 7.257539790000000000e+08
6.118644664022049255e+03 4.058966820000000000e+08
6.114669774224608773e+03 2.520972250000000000e+08
6.108591524835241216e+03 3.414328683000000000e+09
6.146894545846844267e+03 4.692598680000000000e+08
6.186047043831217707e+03 2.343930781000000000e+09
6.159129945692991896e+03 4.128005318000000000e+09
6.161989185811916286e+03 1.836183498000000000e+09
6.183644081681772150e+03 4.266308640000000000e+09
6.206304459995793877e+03 2.522413202000000000e+09
6.098937208053295763e+03 3.017044389000000000e+09
6.166993870562746451e+03 2.123979521000000000e+09
6.180357548712010612e+03 3.087810753000000000e+09
6.167776842347823731e+03 2.500115669000000000e+09
6.135452317541996308e+03 8.328798770000000000e+08
6.156353928676560827e+03 2.290004237000000000e+09
6.149199544895507643e+03 9.698014000000000000e+06
6.188866471990722857e+03 1.493583422000000000e+09
6.168100995471390888e+03 1.653979541000000000e+09
6.191203519075374970e+03 1.611185695000000000e+09
6.154073646907137118e+03 2.877218250000000000e+08
6.186218382002942235e+03 4.237685518000000000e+09
6.086644768363607000e+03 9.956912510000000000e+08
6.158004375045697088e+03 4.283362287000000000e+09
6.191076500087729983e+03 3.807826883000000000e+09
6.171084166749927135e+03 3.303191382000000000e+09
6.154836802245326908e+03 2.381670985000000000e+09
6.133245850092979708e+03 1.133686223000000000e+09
6.142820900628931668e+03 1.414687506000000000e+09
6.188216840443282308e+03 3.202242230000000000e+09
6.183557903819308194e+03 1.668069181000000000e+09
6.174364277211792796e+03 6.195847570000000000e+08
6.125795078172360263e+03 2.358904243000000000e+09
6.213708780801478497e+03 3.833505216000000000e+09
6.184376774564309017e+03 2.149658515000000000e+09
6.177116109616769791e+03 2.787517572000000000e+09
6.187984377328830305e+03 3.623776304000000000e+09
6.083411110233894760e+03 3.610312136000000000e+09
6.207101593116202821e+03 1.821835318000000000e+09
6.160324240432958504e+03 3.450012961000000000e+09
6.157103712723151148e+03 7.854422390000000000e+08
6.189050984360950679e+03 1.482189997000000000e+09
6.150426215766064161e+03 1.386812896000000000e+09
6.142683916957495967e+03 3.795840554000000000e+09
6.132883340552258232e+03 3.045882448000000000e+09
6.183167494286737565e+03 1.525382566000000000e+09
6.157477105276318980e+03 1.036058489000000000e+09
6.179049986576291303e+03 6.836777700000000000e+07
6.195105941960997370e+03 3.428781240000000000e+08
6.101988885045495408e+03 1.940594140000000000e+08
6.159789174896234726e+03 2.387271126000000000e+09
6.193919735032366589e+03 5.460453570000000000e+08
6.161695287053900756e+03 2.457640684000000000e+09
6.199540488803276276e+03 2.006584290000000000e+09
6.139959342170135642e+03 1.084128138000000000e+09
6.177085272840813559e+03 1.322855908000000000e+09
6.171996084517422787e+03 1.528952718000000000e+09
6.144357030574329656e+03 3.348650279000000000e+09
6.211744357906443838e+03 5.414517280000000000e+08
6.204295859851174100e+03 3.632423734000000000e+09
6.153717536496490538e+03 1.797231366000000000e+09
6.161582946538702345e+03 3.404148934000000000e+09
6.188135421380125990e+03 3.382724080000000000e+09
6.183728105561920529e+03 1.849441350000000000e+09
6.192051069504098450e+03 7.338561350000000000e+08
6.140825025060028565e+03 3.194734011000000000e+09
6.149409712350844529e+03 7.882160320000000000e+08
6.177996860445507991e+03 1.789270126000000000e+09
6.143928378360701572e+03 2.354306919000000000e+09
6.148543862220166375e+03 1.100185447000000000e+09
6.158137456051988920e+03 1.196699586000000000e+09
6.155547279260295909e+03 2.115061675000000000e+09
6.185179202085459110e+03 2.774164038000000000e+09
6.167425881912392470e+03 3.321283280000000000e+09
6.153821545480912391e+03 2.383291191000000000e+09
6.168412690494747039e+03 2.289355205000000000e+09
6.132157684910820535e+03 1.787929001000000000e+09
6.196533837993226371e+03 4.105140540000000000e+08
6.170829958921954130e+03 1.070833238000000000e+09
6.185804177009678824e+03 3.180549538000000000e+09
6.159915923887036115e+03 2.042736259000000000e+09
6.186355947202710922e+03 2.024897490000000000e+09
6.153154360151840592e+03 4.022932403000000000e+09
6.194276509262091167e+03 7.770226550000000000e+08
6.187308648076426834e+03 3.389427576000000000e+09
6.165556906840719421e+03 2.356046410000000000e+09
6.075767678445168713e+03 3.517544320000000000e+08
6.194617794157333265e+03 2.931378693000000000e+09
6.146441245535277631e+03 3.977183339000000000e+09
6.219334285824967083e+03 1.760718433000000000e+09
6.144329646982270788e+03 1.847748562000000000e+09
6.117221964304635549e+03 4.784458660000000000e+08
6.181831274787962684e+03 2.620047710000000000e+09
6.180368544700508210e+03 2.352979997000000000e+09
6.166763228965728558e+03 2.657162332000000000e+09
6.125884821848276260e+03 3.200244576000000000e+09
6.201813427001785385e+03 2.765227768000000000e+09
6.123686310636577218e+03 1.090057170000000000e+08
6.177957280090402492e+03 4.041684535000000000e+09
6.153610304606016143e+03 3.017778050000000000e+09
6.174345280605844891e+03 4.148713840000000000e+09
6.174318745991015021e+03 2.310182295000000000e+09
6.181759734619075971e+03 3.048751765000000000e+09
6.210558772463660716e+03 9.493408920000000000e+08
6.164023201568887089e+03 2.409535973000000000e+09
6.184580030946517581e+03 1.672558020000000000e+08
6.163436766488398462e+03 4.207558505000000000e+09
6.169196195963531864e+03 2.973576691000000000e+09
6.165055434704092477e+03 3.949237206000000000e+09
6.157990326019051281e+03 1.425050694000000000e+09
6.126819131462249061e+03 3.079371533000000000e+09
6.159705715922678792e+03 3.477299622000000000e+09
6.202307227936273193e+03 3.919901975000000000e+09
6.154695666350968168e+03 1.797725200000000000e+07
6.156977226639436594e+03 9.309443500000000000e+08
6.208281297435965826e+03 4.504148500000000000e+08
6.197621645168869691e+03 1.909112930000000000e+08
6.161927762371617064e+03 2.773242471000000000e+09
6.206561293126144847e+03 3.184866912000000000e+09
6.123677494787395517e+03 2.864671678000000000e+09
6.185017344671144201e+03 2.243877981000000000e+09
6.135236902606623516e+03 4.229350250000000000e+09
6.183594726595054453e+03 1.764121591000000000e+09
6.169512302924615142e+03 3.015399674000000000e+09
6.100155188106248715e+03 2.873026457000000000e+09
6.195905220492591980e+03 8.582612220000000000e+08
6.130688268775073084e+03 2.230520850000000000e+09
6.137163278743792944e+03 1.855970899000000000e+09
6.129349801086783373e+03 4.192327452000000000e+09
6.147995308276352262e+03 8.957543950000000000e+08
6.127666818093879556e+03 3.591782740000000000e+09
6.247700619356984134e+03 2.850443101000000000e+09
6.153948541649321669e+03 2.912513336000000000e+09
6.172491597397200167e+03 9.290628160000000000e+08
6.141813908720088875e+03 6.832271950000000000e+08
6.149472811292229380e+03 2.527618150000000000e+08
6.149033045486552510e+03 1.316543703000000000e+09
6.172114586007064645e+03 1.234934834000000000e+09
6.123979130119083493e+03 3.396622519000000000e+09
6.141258586629892307e+03 3.197547616000000000e+09
6.128353341994218681e+03 1.091676625000000000e+09
6.160328952847021355e+03 6.756425120000000000e+08
6.185322756141569698e+03 4.268938278000000000e+09
6.120083169934505349e+03 1.303466495000000000e+09
6.162107569564544974e+03 3.286084487000000000e+09
6.137407553644111431e+03 2.616742784000000000e+09
6.139725414717117928e+03 3.498927247000000000e+09
6.148434918651688349e+03 1.363257896000000000e+09
6.194974722742093036e+03 8.060248340000000000e+08
6.225558170366274680e+03 1.265062000000000000e+08
6.116636691761645125e+03 2.894195667000000000e+09
6.172705270434293197e+03 1.703234293000000000e+09
6.153500018949254809e+03 2.115724884000000000e+09
6.176764390719408766e+03 3.066175517000000000e+09
6.156028109118732573e+03 3.872518460000000000e+08
6.165105266775590280e+03 1.005172200000000000e+07
6.190688733288989170e+03 3.064038867000000000e+09
6.159227937601919621e+03 3.816112920000000000e+08
6.175132219914870802e+03 8.113882640000000000e+08
6.141314566259292405e+03 4.095021090000000000e+09
6.158475032555559665e+03 3.940901482000000000e+09
6.164537537268137385e+03 2.870324050000000000e+08
6.153998006731813803e+03 3.177726581000000000e+09
6.177209518524279702e+03 8.945925800000000000e+08
6.153487989039259446e+03 3.385084061000000000e+09
6.194214126268085238e+03 1.240992903000000000e+09
6.194767196584130943e+03 1.366886137000000000e+09
6.205213675190932918e+03 3.274982090000000000e+09
6.170946595574869207e+03 1.544947656000000000e+09
6.137098375525554729e+03 3.219722371000000000e+09
6.173695460683843521e+03 4.026412518000000000e+09
6.134998575302512108e+03 2.944152492000000000e+09
6.185932778676951784e+03 3.221242334000000000e+09
6.157651738659642433e+03 2.218716045000000000e+09
6.115869580627510004e+03 3.829115500000000000e+07
6.184381899205343871e+03 1.405758102000000000e+09
6.186480002516411332e+03 1.302926322000000000e+09
6.117342613097600406e+03 1.879187957000000000e+09
6.172727909026421003e+03 3.709191626000000000e+09
6.107807016118511456e+03 2.491662443000000000e+09
6.157185595053824727e+03 4.185754699000000000e+09
6.152873409058035577e+03 1.688895447000000000e+09
6.143893754021993118e+03 2.812961210000000000e+08
6.189748580115873665e+03 3.711950471000000000e+09
6.137659481870383388e+03 6.860041950000000000e+08
6.127971200703294016e+03 1.020577213000000000e+09
6.162459429179947620e+03 2.888519887000000000e+09
6.211318084815430666e+03 1.113868884000000000e+09
6.161839531026267650e+03 2.140562278000000000e+09
6.175387798667944480e+03 1.129113561000000000e+09
6.162580569580935844e+03 3.762362506000000000e+09
6.151318519806412951e+03 3.671053930000000000e+08
6.147234177043922500e+03 7.879330590000000000e+08
6.151458984420658453e+03 2.318415160000000000e+09
6.174969035805627755e+03 2.307930113000000000e+09
6.175677357862343342e+03 6.216259020000000000e+08
6.119454837793723527e+03 1.727092597000000000e+09
6.159069421881873495e+03 2.560458111000000000e+09
6.188111785158424937e+03 3.617625509000000000e+09
6.179816624225803025e+03 2.875616234000000000e+09
6.151270849816462032e+03 2.487472771000000000e+09
6.245866731770484876e+03 3.194371616000000000e+09
6.127952197784063173e+03 2.141650913000000000e+09
6.161405021191892047e+03 6.636380250000000000e+08
6.178868046078699990e+03 2.428475417000000000e+09
6.151461449975206051e+03 3.699819849000000000e+09
6.152496779638555381e+03 1.173698014000000000e+09
6.182110031850941596e+03 6.101116980000000000e+08
6.179559564774581304e+03 2.871734582000000000e+09
6.147703547161579991e+03 4.224478952000000000e+09
6.221003264188522735e+03 7.867040640000000000e+08
6.206422558665364704e+03 1.440030655000000000e+09
6.178093326098404759e+03 1.170115318000000000e+09
6.193506668678870483e+03 4.069689275000000000e+09
6.157716046866294164e+03 1.195034576000000000e+09
6.169203166736560888e+03 1.002918610000000000e+09
6.190014081229689509e+03 2.063666159000000000e+09
6.111676543119627240e+03 2.425110149000000000e+09
6.204485528539552433e+03 3.603524641000000000e+09
6.147428217323199533e+03 2.379288697000000000e+09
6.150148334860279647e+03 2.975171390000000000e+08
6.192020898001019305e+03 2.265830608000000000e+09
6.175735843900940381e+03 1.970923440000000000e+08
6.182393553863003945e+03 6.786618300000000000e+07
6.165649560489019677e+03 2.083768600000000000e+07
6.214330589140789925e+03 4.132142305000000000e+09
6.188242797629337474e+03 3.700839854000000000e+09
6.136613482656074666e+03 3.309426026000000000e+09
6.163886689559407387e+03 3.795367853000000000e+09
6.205908347149945257e+03 3.725120850000000000e+08
6.133549347516922353e+03 3.387129177000000000e+09
6.199233634767221702e+03 3.636168556000000000e+09
