# Lens_likelihood 	 seed
5.183060687765050716e+03 3.228574147000000000e+09
5.180333829131423045e+03 1.560428361000000000e+09
5.167840903613447153e+03 3.745021056000000000e+09
5.176786906417984937e+03 1.465582894000000000e+09
5.203778012665829010e+03 1.060488048000000000e+09
5.111251876471166725e+03 3.797754756000000000e+09
5.138334413672873779e+03 1.624453700000000000e+08
5.189857000993351903e+03 2.907525567000000000e+09
5.150675246070522917e+03 2.269645136000000000e+09
5.142556236680240545e+03 1.649769298000000000e+09
5.149711895900572927e+03 1.137245963000000000e+09
5.201250414400062255e+03 3.252726509000000000e+09
5.159785205547003898e+03 1.684485134000000000e+09
5.188333431811513947e+03 4.265595860000000000e+08
5.201073738307003623e+03 1.791726082000000000e+09
5.170194947078647601e+03 3.920903683000000000e+09
5.182938429239662582e+03 3.031128526000000000e+09
5.151866284499103131e+03 3.027930659000000000e+09
5.167068163960761922e+03 2.950933155000000000e+09
5.147018543052634413e+03 2.436907521000000000e+09
5.187915732321014730e+03 1.652550166000000000e+09
5.170612612612804696e+03 2.340581300000000000e+08
5.166185680818999572e+03 2.394593516000000000e+09
5.169908908046520082e+03 3.337038118000000000e+09
5.152416700095857777e+03 2.762412352000000000e+09
5.184575550623058007e+03 8.340388800000000000e+08
5.172500483313815494e+03 2.647351959000000000e+09
5.163717033516836636e+03 3.171049989000000000e+09
5.149725806006109451e+03 9.654784810000000000e+08
5.158256548490096066e+03 1.043429483000000000e+09
5.185750051194529078e+03 4.025909839000000000e+09
5.110117865936721500e+03 2.772662631000000000e+09
5.169420993783403901e+03 3.330509985000000000e+09
5.158384937890090441e+03 3.060190892000000000e+09
5.186715562537667211e+03 4.543870910000000000e+08
5.174595512524429978e+03 3.191430220000000000e+08
5.149279368832590990e+03 3.563707657000000000e+09
5.150840344092737723e+03 1.707717060000000000e+08
5.195489204220906686e+03 2.018305602000000000e+09
5.169343554375510394e+03 6.733381200000000000e+07
5.149918750132335845e+03 3.018621902000000000e+09
5.166053184001665613e+03 3.339932198000000000e+09
5.177751557316951221e+03 2.644969641000000000e+09
5.150687958145454104e+03 2.465178746000000000e+09
5.156623526601324556e+03 1.096243936000000000e+09
5.159814317369590754e+03 2.236734410000000000e+09
5.154535933332796048e+03 3.698633118000000000e+09
5.149957202164119735e+03 3.197828580000000000e+08
5.145665706330872126e+03 1.390191140000000000e+08
5.164168768814227406e+03 1.581185175000000000e+09
5.180054496646627740e+03 1.104935721000000000e+09
5.163994040873307313e+03 8.365687690000000000e+08
5.147933184079745843e+03 1.237943975000000000e+09
5.159659948084306052e+03 3.233397701000000000e+09
5.177808261117201255e+03 1.601487109000000000e+09
5.132086467930249455e+03 2.592205175000000000e+09
5.179989365512118638e+03 1.741853619000000000e+09
5.176362182565781040e+03 7.546779240000000000e+08
5.186009978377127482e+03 2.346646900000000000e+08
5.178862035868951352e+03 3.786897370000000000e+08
5.165592610244422758e+03 1.851733044000000000e+09
5.168769540845345546e+03 1.673426732000000000e+09
5.157217102182103190e+03 2.310393450000000000e+09
5.164198396227758167e+03 2.512041350000000000e+08
5.176188419926369534e+03 1.648644176000000000e+09
5.167772766800616409e+03 4.017837617000000000e+09
5.168121241360405293e+03 2.407681964000000000e+09
5.157321780000511353e+03 6.849667070000000000e+08
5.204043995741707477e+03 1.792454494000000000e+09
5.182464498583566638e+03 1.516890886000000000e+09
5.128271084930692268e+03 3.706739619000000000e+09
5.198926690383646928e+03 2.956348072000000000e+09
5.151199961330890801e+03 4.062856691000000000e+09
5.184463614539616174e+03 4.107085610000000000e+09
5.167252655263935594e+03 2.791933887000000000e+09
5.206371974568294718e+03 3.059686230000000000e+08
5.134765235684929394e+03 9.013954530000000000e+08
5.144473816923897175e+03 3.794527879000000000e+09
5.153365856240675384e+03 5.260824710000000000e+08
5.171443007746566764e+03 4.077782303000000000e+09
5.140924356676528987e+03 1.283596390000000000e+09
5.142444693008952527e+03 3.954000134000000000e+09
5.165968703362515953e+03 2.850253350000000000e+09
5.162055791008185224e+03 2.629041026000000000e+09
5.198463914929395287e+03 3.648635659000000000e+09
5.135745864300788526e+03 3.865946960000000000e+08
5.169963400855489454e+03 3.867226653000000000e+09
5.148364149497499966e+03 1.308456286000000000e+09
5.144923629158773110e+03 3.828471970000000000e+09
5.157846471462585214e+03 8.877906000000000000e+07
5.163012921283631840e+03 1.819287250000000000e+09
5.197713566711880048e+03 3.479634145000000000e+09
5.129221006524498080e+03 1.553585356000000000e+09
5.176626200150347358e+03 3.964127543000000000e+09
5.176282792351727039e+03 1.914496202000000000e+09
5.166333333661104916e+03 3.166248893000000000e+09
5.121357487045424023e+03 7.048068330000000000e+08
5.139789408051736245e+03 2.541351422000000000e+09
5.175626555230222039e+03 2.866299111000000000e+09
5.169664578512567459e+03 3.422280823000000000e+09
5.160912801433869390e+03 8.657020570000000000e+08
5.182430148452337562e+03 3.172742089000000000e+09
5.152825844305402825e+03 3.772166286000000000e+09
5.158947008551393083e+03 2.754958604000000000e+09
5.174273143155679463e+03 3.693003743000000000e+09
5.154642290528432568e+03 2.908785772000000000e+09
5.186995412348624996e+03 1.793377904000000000e+09
5.156760384179053290e+03 5.878788580000000000e+08
5.177222612877767460e+03 2.786194637000000000e+09
5.133750149180098560e+03 1.938012201000000000e+09
5.158908781704785724e+03 1.327389531000000000e+09
5.148804577694239015e+03 5.910747660000000000e+08
5.123837456884388303e+03 2.416317911000000000e+09
5.153924385211992558e+03 1.355416777000000000e+09
5.129487184688673551e+03 1.413136734000000000e+09
5.153925029060374072e+03 4.535123390000000000e+08
5.150840344385079334e+03 3.627375404000000000e+09
5.182026800400713910e+03 1.665832326000000000e+09
5.171062847414317730e+03 3.922548770000000000e+09
5.187820645076641995e+03 1.716180164000000000e+09
5.195754008070335658e+03 3.533891194000000000e+09
5.156242188341268047e+03 2.539490067000000000e+09
5.152906554221551232e+03 3.412189105000000000e+09
5.166210700857975098e+03 4.027028790000000000e+08
5.165632014224596787e+03 3.538450065000000000e+09
5.129307577230164497e+03 1.671266535000000000e+09
5.182014224436282348e+03 7.473154080000000000e+08
5.169047942197244993e+03 1.061890083000000000e+09
5.165196115044609542e+03 1.912256530000000000e+08
5.159710073002458557e+03 3.681970677000000000e+09
5.185058868461809652e+03 2.528043384000000000e+09
5.170612315136162579e+03 9.898679920000000000e+08
5.189430172039849822e+03 4.284368417000000000e+09
5.165903201009889017e+03 1.473819338000000000e+09
5.161267723199049215e+03 2.206529515000000000e+09
5.205358350244830945e+03 1.100569899000000000e+09
5.161334414640834439e+03 1.367656254000000000e+09
5.149409875119235949e+03 2.564190850000000000e+08
5.156937101558334689e+03 1.880526961000000000e+09
5.189209401591591813e+03 1.546860540000000000e+09
5.108879837751146624e+03 3.310254343000000000e+09
5.152181120828236999e+03 2.602353865000000000e+09
5.166023190790152512e+03 3.113105128000000000e+09
5.206001726413564029e+03 2.418221288000000000e+09
5.171038608118802586e+03 1.533339769000000000e+09
5.171688125950483482e+03 9.051800430000000000e+08
5.182421678337324920e+03 2.678609005000000000e+09
5.158234635482216618e+03 8.696969770000000000e+08
5.140627977145923069e+03 4.746276200000000000e+08
5.188733580489135420e+03 9.648953520000000000e+08
5.147629572602465487e+03 1.306026565000000000e+09
5.164371618692082848e+03 3.153649790000000000e+09
5.135725795588507935e+03 3.494747160000000000e+09
5.165148688942585068e+03 1.175569324000000000e+09
5.154879801478954505e+03 2.930142170000000000e+08
5.186313824764158198e+03 3.326837842000000000e+09
5.163043288472987115e+03 7.545792250000000000e+08
5.150067291962423042e+03 6.942395920000000000e+08
5.136739087164471130e+03 2.654578779000000000e+09
5.130126964917350051e+03 5.704671350000000000e+08
5.155106094039791969e+03 3.280815381000000000e+09
5.157784928863288769e+03 3.280484567000000000e+09
5.146030208278825739e+03 2.997073536000000000e+09
5.179517139478163699e+03 2.123640067000000000e+09
5.211216751139074404e+03 1.746877755000000000e+09
5.157737366681263666e+03 5.794302650000000000e+08
5.157471013291547933e+03 7.349618300000000000e+07
5.166975056382615549e+03 4.285313814000000000e+09
5.150263613007891763e+03 1.455100996000000000e+09
5.152619676323484782e+03 3.141475424000000000e+09
5.164921206338820411e+03 3.911850381000000000e+09
5.130187181944339500e+03 4.267061287000000000e+09
5.143115061758568118e+03 7.614391390000000000e+08
5.165488144816830754e+03 2.506179431000000000e+09
5.158662271707765285e+03 4.282777889000000000e+09
5.146934057286590360e+03 1.735299366000000000e+09
5.173597789613855639e+03 3.069768063000000000e+09
5.177914428037825019e+03 1.263549842000000000e+09
5.144552071104832066e+03 3.868503196000000000e+09
5.162655211866092941e+03 2.582024791000000000e+09
5.197576572761008720e+03 3.345422024000000000e+09
5.146884861054804787e+03 3.359128805000000000e+09
5.135285660546716827e+03 4.265378105000000000e+09
5.184997530419308532e+03 3.825610251000000000e+09
5.192358043517435362e+03 1.653377032000000000e+09
5.139079788290213401e+03 3.104843574000000000e+09
5.131585030945329891e+03 3.056628128000000000e+09
5.124988061981184728e+03 2.963926780000000000e+08
5.157522372473185897e+03 2.410013068000000000e+09
5.166355892689477514e+03 2.515986280000000000e+08
5.150190068746411271e+03 8.542650680000000000e+08
5.127930652338103755e+03 8.987735180000000000e+08
5.182466236762815242e+03 1.397240158000000000e+09
5.121188126453818768e+03 3.560271702000000000e+09
5.184812689491526726e+03 1.750947800000000000e+08
5.178715475102815617e+03 8.782744430000000000e+08
5.148523882673679509e+03 1.781014097000000000e+09
5.170982813137258745e+03 3.253456657000000000e+09
5.168013983263743285e+03 2.462471306000000000e+09
5.158772020752696335e+03 1.985422561000000000e+09
5.149926247465103188e+03 3.731233955000000000e+09
5.152578714249376389e+03 1.889511813000000000e+09
5.146612620765792599e+03 1.360007107000000000e+09
5.143457675896635010e+03 1.050816125000000000e+09
5.139024951258774308e+03 2.160176794000000000e+09
5.152835979792432227e+03 4.232820713000000000e+09
5.144644686000564434e+03 1.588412125000000000e+09
5.188323140028471244e+03 3.541811279000000000e+09
5.132922887079705106e+03 2.943514989000000000e+09
5.165473719015686584e+03 5.377405470000000000e+08
5.172983101123904817e+03 1.079525285000000000e+09
5.174394302550555039e+03 2.838988600000000000e+09
5.144256013859549967e+03 8.996481600000000000e+07
5.184542397176535815e+03 3.093227436000000000e+09
5.157241401179515378e+03 3.512537196000000000e+09
5.106098905658567674e+03 1.738378239000000000e+09
5.144936047766625961e+03 5.699307430000000000e+08
5.165418053862887973e+03 2.138874410000000000e+09
5.164745581124552700e+03 3.216099863000000000e+09
5.157120818078549746e+03 2.680334880000000000e+08
5.161346910547692460e+03 1.220238991000000000e+09
5.182763464602499880e+03 2.507957507000000000e+09
5.130765003476986749e+03 3.717869474000000000e+09
5.127892420823304747e+03 2.120420510000000000e+08
5.123304064640362412e+03 5.437034940000000000e+08
5.166854457966011978e+03 3.076326150000000000e+09
5.144324702856312797e+03 6.375857190000000000e+08
5.168864521480125404e+03 2.234539734000000000e+09
5.179749449290404300e+03 3.618491788000000000e+09
5.161566806528484449e+03 3.016090057000000000e+09
5.169195185473859055e+03 1.319363965000000000e+09
5.161157157454768821e+03 3.052098687000000000e+09
5.176497752936356846e+03 2.073987860000000000e+08
5.132041034217170818e+03 1.319748355000000000e+09
5.130556763904201944e+03 2.028785495000000000e+09
5.115584439863713669e+03 2.679874422000000000e+09
5.113410754190686930e+03 3.506424554000000000e+09
5.124859838326392492e+03 2.838524468000000000e+09
5.125159765760665323e+03 7.027912860000000000e+08
5.150608770202819869e+03 1.581082160000000000e+09
5.133284490587382606e+03 2.452097482000000000e+09
5.166567244383134494e+03 1.636832550000000000e+08
5.206357123408584812e+03 4.379328760000000000e+08
5.174969833259501684e+03 4.070349114000000000e+09
5.139403831965997597e+03 3.215613318000000000e+09
5.172624895632592597e+03 1.658895352000000000e+09
5.147286991744289480e+03 4.005697047000000000e+09
5.193170066008047797e+03 2.982080274000000000e+09
5.152054103437812955e+03 1.273924935000000000e+09
5.148883861436694133e+03 7.292407790000000000e+08
5.182332275315219704e+03 2.818047701000000000e+09
5.168976962634801566e+03 6.561453320000000000e+08
5.142019181432100595e+03 1.420075327000000000e+09
5.180358223885074040e+03 2.660556195000000000e+09
5.115739647745724142e+03 3.069442613000000000e+09
5.166408514716722493e+03 1.605195635000000000e+09
5.176358186277926507e+03 3.917377300000000000e+08
5.148399874011271095e+03 3.335112684000000000e+09
5.191982289409882469e+03 4.985547860000000000e+08
5.147893383798020295e+03 9.956471150000000000e+08
5.162803754493597808e+03 4.119839989000000000e+09
5.170488079062679390e+03 2.437494058000000000e+09
5.209085567338443980e+03 4.292118226000000000e+09
5.189733716626703426e+03 2.698584292000000000e+09
5.169320055110825706e+03 3.631602237000000000e+09
5.174374117487609510e+03 4.173759551000000000e+09
5.164204973792788223e+03 2.400055645000000000e+09
5.166509292915105107e+03 3.025826632000000000e+09
5.157860356759962997e+03 4.198731870000000000e+09
5.186453255461015942e+03 3.647848645000000000e+09
5.148712132244094391e+03 2.534816649000000000e+09
5.154142634979052673e+03 2.051588781000000000e+09
5.186936008611053694e+03 1.128468553000000000e+09
5.185348891986078343e+03 3.305734573000000000e+09
5.176950933049375635e+03 2.295786281000000000e+09
5.129912569432966848e+03 2.527849984000000000e+09
5.185913202694497159e+03 3.350170308000000000e+09
5.147109141966686366e+03 2.331593970000000000e+08
5.168194695343416242e+03 1.674049857000000000e+09
5.204792120892589082e+03 4.143463566000000000e+09
5.130772774277374083e+03 3.047989631000000000e+09
5.155364595018180808e+03 3.583766093000000000e+09
5.162290403985427474e+03 3.907010113000000000e+09
5.171512947074450494e+03 2.914236056000000000e+09
5.164439646276050553e+03 2.774790245000000000e+09
5.146803983527252058e+03 9.786611600000000000e+08
5.192988588529919070e+03 3.132800882000000000e+09
5.185685424275598962e+03 2.642612661000000000e+09
5.203686792515760317e+03 3.391310981000000000e+09
5.146948020053301661e+03 1.562586058000000000e+09
5.148632712786511547e+03 1.603903096000000000e+09
5.192946293909519227e+03 1.224894587000000000e+09
5.120606418188460339e+03 2.526994900000000000e+07
5.185065777685883404e+03 1.131749267000000000e+09
5.151234253845110288e+03 1.001994336000000000e+09
5.181759570272164638e+03 4.071045964000000000e+09
5.158382806845907908e+03 4.047850666000000000e+09
5.149232260332986698e+03 3.148965901000000000e+09
5.183433408915038854e+03 1.165844158000000000e+09
5.192476448190227529e+03 1.897932484000000000e+09
5.159832249223447434e+03 9.175101050000000000e+08
5.123076811489742795e+03 4.011539470000000000e+09
5.170453872802978367e+03 1.582321230000000000e+08
5.157725636400777148e+03 4.048870632000000000e+09
5.155099052633324391e+03 4.220258365000000000e+09
5.154999681429580960e+03 2.111382014000000000e+09
5.174594128673285013e+03 9.691989780000000000e+08
5.128397344956597408e+03 2.722758641000000000e+09
5.166267834579771261e+03 3.273009145000000000e+09
5.152468486316705821e+03 3.739799679000000000e+09
5.150516723693128370e+03 2.005869547000000000e+09
5.183014827376809990e+03 2.750266404000000000e+09
5.141878642430043328e+03 5.299476780000000000e+08
5.135965524176088365e+03 2.715124523000000000e+09
5.139991457637977874e+03 3.016501400000000000e+08
5.129713023423291816e+03 2.324635693000000000e+09
5.120035949141476522e+03 2.792893877000000000e+09
5.167136557915454432e+03 3.878313668000000000e+09
5.181487977113636589e+03 3.519373525000000000e+09
5.194466237118574099e+03 3.073922759000000000e+09
5.138935999655574051e+03 2.338358892000000000e+09
5.155521390370825429e+03 1.932999096000000000e+09
5.194124366796557297e+03 5.023688330000000000e+08
5.159090566989780200e+03 3.435743662000000000e+09
5.164080317705520429e+03 3.409588812000000000e+09
5.199537815432668140e+03 8.000163120000000000e+08
5.127630707834248824e+03 1.472820604000000000e+09
5.169691611939726499e+03 2.466073256000000000e+09
5.198547284215463151e+03 3.155291343000000000e+09
5.177649758603336522e+03 3.724673240000000000e+09
5.157297103967996009e+03 8.594012510000000000e+08
5.139154707504852922e+03 1.008376326000000000e+09
5.161935842325158774e+03 2.828177784000000000e+09
5.165820384964261393e+03 1.393133958000000000e+09
5.168393118280609997e+03 2.125164626000000000e+09
5.182190857562036399e+03 1.858585770000000000e+09
5.155956656607620971e+03 1.463421357000000000e+09
5.166013215127737567e+03 3.781731401000000000e+09
5.179473412598916184e+03 1.601440124000000000e+09
5.153436453082154003e+03 4.132929310000000000e+09
5.169076174456735316e+03 7.737128000000000000e+07
5.167433227634174727e+03 3.983572509000000000e+09
5.144870434387642490e+03 3.353595418000000000e+09
5.180105347044967857e+03 1.868066796000000000e+09
5.133841602869669259e+03 3.983536554000000000e+09
5.145956370265681471e+03 3.769849810000000000e+09
5.189689325807981731e+03 1.323418273000000000e+09
5.163492788493420449e+03 3.809322442000000000e+09
5.176473139690498101e+03 2.019350510000000000e+09
5.160042773167088853e+03 4.084101124000000000e+09
