# Lens_likelihood 	 seed
8.406339927491100752e+03 2.321158700000000000e+08
8.390286419730393391e+03 7.045367260000000000e+08
8.397034933341212309e+03 3.622267885000000000e+09
8.382114702873081114e+03 3.071999205000000000e+09
8.406465126647493889e+03 1.462250446000000000e+09
8.358951279973516648e+03 3.365589151000000000e+09
8.386621450548800567e+03 1.408821590000000000e+08
8.392032523182566365e+03 2.638646643000000000e+09
8.401273688147575740e+03 1.772744562000000000e+09
8.352273403460696500e+03 3.740983340000000000e+08
8.406513231245553470e+03 5.845250260000000000e+08
8.384233770199014543e+03 1.255629295000000000e+09
8.365768923615740277e+03 8.306326700000000000e+07
8.385792875615272351e+03 3.437613452000000000e+09
8.395200168226456299e+03 3.853391353000000000e+09
8.412182409777147768e+03 1.337595361000000000e+09
8.384090054153231904e+03 1.299401798000000000e+09
8.424546914236090743e+03 6.886738090000000000e+08
8.407069476609465710e+03 1.726746325000000000e+09
8.361261541536070581e+03 3.805223600000000000e+09
8.394818362092637472e+03 2.137030005000000000e+09
8.388466330479455792e+03 6.182269990000000000e+08
8.375130683460971341e+03 2.716971250000000000e+09
8.384066172131353596e+03 1.393686828000000000e+09
8.381211964422442179e+03 3.137847032000000000e+09
8.373678757477569889e+03 1.136313731000000000e+09
8.390355964105827297e+03 1.030058550000000000e+08
8.382435647888883977e+03 2.470659898000000000e+09
8.391810284624885753e+03 1.921248854000000000e+09
8.364160986705461255e+03 1.122907078000000000e+09
8.319760689375227230e+03 1.839569406000000000e+09
8.409005829603007442e+03 7.127352400000000000e+08
8.391329824790731436e+03 3.080677685000000000e+09
8.390861773737700787e+03 1.550332794000000000e+09
8.405945384364084020e+03 2.249219125000000000e+09
8.379210988326587540e+03 1.850844762000000000e+09
8.382058273754017137e+03 3.367509762000000000e+09
8.356213717187636576e+03 1.417091479000000000e+09
8.366441030466290613e+03 9.400765180000000000e+08
8.397147713606673278e+03 3.170565142000000000e+09
8.423276591362498948e+03 6.781397120000000000e+08
8.378242784480422415e+03 1.522574332000000000e+09
8.410952429630669940e+03 7.422080690000000000e+08
8.405877882098056944e+03 1.722435616000000000e+09
8.394267209809324413e+03 3.599547974000000000e+09
8.397019703778263647e+03 1.535290570000000000e+09
8.388406996418822018e+03 2.183060507000000000e+09
8.425969277149128175e+03 3.163354879000000000e+09
8.387312319219385245e+03 2.219679340000000000e+09
8.372308386240893014e+03 3.471777676000000000e+09
8.383135776075385365e+03 2.012606440000000000e+08
8.385683588911555489e+03 2.625343565000000000e+09
8.353008265701391792e+03 2.192135547000000000e+09
8.390814286805496522e+03 1.129688913000000000e+09
8.419651128675759537e+03 3.793727679000000000e+09
8.372462051365859224e+03 2.636967685000000000e+09
8.373549752182272641e+03 9.149528500000000000e+08
8.378280528696901456e+03 4.151718630000000000e+09
8.402776722917635198e+03 4.088358106000000000e+09
8.396187950231811556e+03 1.207583418000000000e+09
8.388861285428391056e+03 1.316361226000000000e+09
8.355787450696938322e+03 1.457215498000000000e+09
8.421371688992716372e+03 4.181401801000000000e+09
8.402861589124877355e+03 1.072304384000000000e+09
8.371390874594857451e+03 3.184081053000000000e+09
8.331923028430230261e+03 2.419448720000000000e+09
8.392911147333274130e+03 2.633489378000000000e+09
8.418563799272960750e+03 2.414264900000000000e+07
8.383433767766384335e+03 3.152798492000000000e+09
8.383880890623639061e+03 1.768803606000000000e+09
8.357692271523490490e+03 3.985004464000000000e+09
8.395448730703519686e+03 1.418092851000000000e+09
8.380655088350333244e+03 2.939688767000000000e+09
8.373316097644827096e+03 3.808587418000000000e+09
8.380768012836357229e+03 3.983194674000000000e+09
8.370428372172626041e+03 6.759059120000000000e+08
8.366423929937329376e+03 4.092926780000000000e+09
8.406949793662755837e+03 3.501652591000000000e+09
8.370583529956158600e+03 1.253991102000000000e+09
8.356448857920806404e+03 4.250390429000000000e+09
8.392540079809152303e+03 4.356242500000000000e+08
8.388845135394722092e+03 8.838234400000000000e+07
8.386220492559055856e+03 3.042559570000000000e+09
8.406710014779935591e+03 2.643575090000000000e+09
8.387287240931895212e+03 3.949404954000000000e+09
8.417872599966594862e+03 1.959820324000000000e+09
8.378358489180827746e+03 3.217800481000000000e+09
8.392862825364634773e+03 1.195326656000000000e+09
8.368065755478985011e+03 1.484764629000000000e+09
8.379380821161048516e+03 8.409321460000000000e+08
8.371723297885400825e+03 1.871481075000000000e+09
8.393821561304212082e+03 3.345987177000000000e+09
8.355635900823086558e+03 2.694766863000000000e+09
8.438294666235990007e+03 4.288805359000000000e+09
8.378527061829794548e+03 3.740009663000000000e+09
8.365283847123964733e+03 1.380708745000000000e+09
8.392685521840463480e+03 3.686247452000000000e+09
8.359694740972670843e+03 3.200896371000000000e+09
8.399376698707832475e+03 2.929427072000000000e+09
8.325087635926514849e+03 1.386195739000000000e+09
8.384086501736115679e+03 3.277184382000000000e+09
8.399756510955090562e+03 1.910878581000000000e+09
8.384300789778748367e+03 3.577630297000000000e+09
8.361396504725267732e+03 1.510089318000000000e+09
8.409620378350977262e+03 2.785721634000000000e+09
8.424242476636003630e+03 4.166398295000000000e+09
8.375370058116963264e+03 2.866420828000000000e+09
8.393450303887106202e+03 2.938514376000000000e+09
8.342013989913250043e+03 1.287347873000000000e+09
8.355329604136133639e+03 4.001647367000000000e+09
8.364415696051162740e+03 2.535969393000000000e+09
8.377254059998624143e+03 2.149951704000000000e+09
8.407656451472135814e+03 4.066679938000000000e+09
8.370902718703300707e+03 2.982894392000000000e+09
8.387318390386599276e+03 3.674530441000000000e+09
8.368319577279964506e+03 3.419541142000000000e+09
8.364565401436731918e+03 3.195724684000000000e+09
8.419751495341433838e+03 2.458434250000000000e+08
8.368460923645663570e+03 3.301876019000000000e+09
8.378442527008415709e+03 3.231005619000000000e+09
8.386226645396227468e+03 2.415341117000000000e+09
8.383355106896093275e+03 2.367219768000000000e+09
8.387769692569368999e+03 3.307477236000000000e+09
8.397635451188027218e+03 7.392251240000000000e+08
8.373738263157189067e+03 7.636984900000000000e+07
8.387423115672321728e+03 3.987721546000000000e+09
8.385252705139269892e+03 1.623684802000000000e+09
8.414426320132381079e+03 2.304109066000000000e+09
8.388091353316069217e+03 3.797578140000000000e+09
8.402886588360606765e+03 1.896880673000000000e+09
8.385737796121204155e+03 3.989969429000000000e+09
8.381790836632242645e+03 2.729570000000000000e+09
8.386044804058106820e+03 2.141522884000000000e+09
8.364935166589853907e+03 4.268107134000000000e+09
8.359030704015596712e+03 2.902964381000000000e+09
8.368148417706868713e+03 1.028879371000000000e+09
8.372641987464507110e+03 2.158241339000000000e+09
8.409140705532514403e+03 1.825274817000000000e+09
8.375524493151298884e+03 4.887734540000000000e+08
8.392659327853336436e+03 5.930689880000000000e+08
8.390187901341714678e+03 7.105527520000000000e+08
8.377879193744385702e+03 3.295871620000000000e+09
8.407684761592972791e+03 8.313372770000000000e+08
8.352088779498473741e+03 2.390084724000000000e+09
8.391699582942554116e+03 3.734237907000000000e+09
8.395295317843441808e+03 1.729636104000000000e+09
8.399316470306432166e+03 3.253103305000000000e+09
8.378747248538342319e+03 2.134203387000000000e+09
8.387490251579007236e+03 2.068329042000000000e+09
8.390729220833611180e+03 2.344249639000000000e+09
8.390752152363655114e+03 2.902709837000000000e+09
8.394422262607378798e+03 3.375069064000000000e+09
8.398229024235930410e+03 6.070575140000000000e+08
8.404648768229388224e+03 3.348563374000000000e+09
8.387720377121078855e+03 3.722126122000000000e+09
8.415273292354821024e+03 1.881792754000000000e+09
8.412208219101588838e+03 1.411516439000000000e+09
8.400358264923823299e+03 3.714464405000000000e+09
8.380130043709024903e+03 3.680243000000000000e+06
8.407748362422240461e+03 2.368187480000000000e+08
8.361454696491460709e+03 8.065076700000000000e+08
8.404514579648690415e+03 8.290554500000000000e+08
8.402475389835466558e+03 1.359554941000000000e+09
8.405290488711500075e+03 2.448561042000000000e+09
8.387798993678961779e+03 8.404207520000000000e+08
8.390935667197276416e+03 3.580232359000000000e+09
8.379222243959358821e+03 2.278073842000000000e+09
8.374117790856344072e+03 3.403334083000000000e+09
8.370634929596508300e+03 3.659761146000000000e+09
8.393411263849193347e+03 3.471833302000000000e+09
8.384424239970834606e+03 2.986402589000000000e+09
8.380372297306288601e+03 2.921093205000000000e+09
8.362823589128358435e+03 1.218537090000000000e+08
8.370789709428276183e+03 2.331785257000000000e+09
8.386774676465394805e+03 9.220948370000000000e+08
8.417115555804837641e+03 4.891994240000000000e+08
8.362407229265339993e+03 1.351530120000000000e+08
8.386395604878438462e+03 3.046369440000000000e+08
8.391052259236686950e+03 3.416834666000000000e+09
8.399472716563002905e+03 2.316343308000000000e+09
8.394793919065892624e+03 4.191804018000000000e+09
8.381377020775007622e+03 1.651630604000000000e+09
8.389266073018614406e+03 2.275384098000000000e+09
8.384241957276350149e+03 1.392309005000000000e+09
8.389110776820594765e+03 1.880692401000000000e+09
8.401210738585750732e+03 1.870452496000000000e+09
8.398815843589596625e+03 1.489437939000000000e+09
8.425851454415360422e+03 3.293184169000000000e+09
8.347464322057665413e+03 3.754374984000000000e+09
8.381999944653813145e+03 3.721831025000000000e+09
8.356753296763292383e+03 5.468290470000000000e+08
8.422537301001462765e+03 1.695588593000000000e+09
8.332991121386281520e+03 1.203183772000000000e+09
8.395787085058585944e+03 1.422184443000000000e+09
8.390751078468805645e+03 4.251566702000000000e+09
8.430321173346535943e+03 1.895686578000000000e+09
8.374322630943857803e+03 1.462084953000000000e+09
8.373133503782202752e+03 7.925875170000000000e+08
8.385497307747120431e+03 4.061994318000000000e+09
8.361951543692646737e+03 2.642359193000000000e+09
8.364804683721875335e+03 3.478753880000000000e+08
8.374068431364928983e+03 4.009914245000000000e+09
8.392099436229666026e+03 3.064253162000000000e+09
8.379709016115783015e+03 2.322331661000000000e+09
8.387746571312572996e+03 3.710140569000000000e+09
8.387475816278481943e+03 2.961480655000000000e+09
8.418003451131942711e+03 2.122273338000000000e+09
8.362965396132112801e+03 1.606925547000000000e+09
8.400420358202485659e+03 1.518002391000000000e+09
8.355656996858524508e+03 1.683042048000000000e+09
8.410083679517221753e+03 2.258123742000000000e+09
8.390878159244171911e+03 2.946330272000000000e+09
8.405484924032900381e+03 3.784975208000000000e+09
8.406376101925317926e+03 3.874459380000000000e+08
8.380386186147174158e+03 3.704243430000000000e+08
8.358667042644729008e+03 2.899162819000000000e+09
8.371476613681013987e+03 4.546596710000000000e+08
8.404261936053197132e+03 1.305208030000000000e+08
8.375094539350384366e+03 2.762816440000000000e+08
8.424468685504532914e+03 7.047859420000000000e+08
8.411127815331215970e+03 3.407573879000000000e+09
8.390625778091154643e+03 1.406503584000000000e+09
8.407706986141012749e+03 5.158873970000000000e+08
8.407783703718352626e+03 2.095742100000000000e+09
8.386761853324609547e+03 3.510094400000000000e+08
8.396555763919684978e+03 3.121929709000000000e+09
8.409296889799548808e+03 7.768376700000000000e+08
8.382208453786293830e+03 3.804924756000000000e+09
8.388005896420421777e+03 3.437478250000000000e+08
8.364234506832330226e+03 4.281062047000000000e+09
8.352397483138169264e+03 1.654316761000000000e+09
8.375823990615854200e+03 1.668233505000000000e+09
8.382786388373921000e+03 3.164138589000000000e+09
8.405637427795263648e+03 1.956164917000000000e+09
8.399989131719454235e+03 3.655286901000000000e+09
8.389174484003970065e+03 2.901391376000000000e+09
8.344872757346722210e+03 1.845930989000000000e+09
8.359766695995574992e+03 2.936744835000000000e+09
8.419837693648234563e+03 2.627040409000000000e+09
8.393783183394061780e+03 1.515272143000000000e+09
8.415495840559282442e+03 1.754438218000000000e+09
8.393933418850614544e+03 2.323866729000000000e+09
8.380144513617033226e+03 3.001631469000000000e+09
8.370811883029344244e+03 1.072857149000000000e+09
8.381981978281653937e+03 1.239790594000000000e+09
8.389948636432216517e+03 9.689965340000000000e+08
8.384890484711188037e+03 1.463705500000000000e+09
8.411966123835391045e+03 3.383890407000000000e+09
8.384665532769848141e+03 4.160519994000000000e+09
8.357664012889490550e+03 3.048105096000000000e+09
8.390090709667923875e+03 2.370660023000000000e+09
8.351836085291070049e+03 2.607373381000000000e+09
8.379661257273359297e+03 2.613109225000000000e+09
8.412833962155227709e+03 3.245260470000000000e+08
8.360248506435125819e+03 3.317901021000000000e+09
8.390145385424470078e+03 2.506394191000000000e+09
8.356142017939240759e+03 3.497853364000000000e+09
8.363264947163464967e+03 1.802973456000000000e+09
8.345733668105542165e+03 2.782207330000000000e+09
8.393756259846561079e+03 3.943538975000000000e+09
8.383232161740424999e+03 2.502390700000000000e+07
8.347724607077761902e+03 5.452247520000000000e+08
8.392588330352564299e+03 5.396938030000000000e+08
8.390733295563630236e+03 2.341752824000000000e+09
8.398046312448115714e+03 3.589065825000000000e+09
8.403841248201417329e+03 3.927847277000000000e+09
8.402566912101458001e+03 1.831240933000000000e+09
8.408243546956999126e+03 2.724246290000000000e+08
8.379683218970112648e+03 3.025132594000000000e+09
8.395445830098875376e+03 2.288195745000000000e+09
8.392460976025098716e+03 4.002790375000000000e+09
8.395636641051851257e+03 2.078842591000000000e+09
8.379119647509898641e+03 2.817920037000000000e+09
8.348535522950118320e+03 3.963130403000000000e+09
8.402946425361547881e+03 1.859942398000000000e+09
8.372379237451410518e+03 1.211257689000000000e+09
8.397271145686409000e+03 3.475423519000000000e+09
8.375890196330734398e+03 1.835932532000000000e+09
8.392723972539282840e+03 2.770854650000000000e+09
8.380898766615700879e+03 1.669216489000000000e+09
8.416280878407367709e+03 1.056071094000000000e+09
8.386841028398595881e+03 2.526254314000000000e+09
8.383284846725196985e+03 1.004347830000000000e+08
8.373861776198296866e+03 2.231785630000000000e+08
8.413030721115557753e+03 2.311155096000000000e+09
8.393391868940478162e+03 4.425748600000000000e+08
8.379418122104967551e+03 2.061233138000000000e+09
8.395061500527102908e+03 3.308455870000000000e+08
8.388561011567297101e+03 1.031961921000000000e+09
8.390335258801191230e+03 3.472701892000000000e+09
8.375060826896395156e+03 2.931906463000000000e+09
8.403122794160912235e+03 5.502219560000000000e+08
8.417579742378144147e+03 1.074268412000000000e+09
8.408221628619838157e+03 3.678878805000000000e+09
8.366471629093783122e+03 1.080678327000000000e+09
8.385118906276518828e+03 3.656770232000000000e+09
8.402658039614090740e+03 1.061738835000000000e+09
8.388160803833479804e+03 1.378514650000000000e+08
8.412495085147191276e+03 3.660079499000000000e+09
8.422330175377828709e+03 3.454860123000000000e+09
8.399416086747325608e+03 2.100501409000000000e+09
8.352863395726995805e+03 1.925505740000000000e+08
8.417271697163092540e+03 3.984403496000000000e+09
8.394993652364548325e+03 2.565609314000000000e+09
8.386805695474140521e+03 3.023262403000000000e+09
8.375708126541812817e+03 1.828312913000000000e+09
8.393054172220447072e+03 7.474861120000000000e+08
8.370227228968695272e+03 3.704519902000000000e+09
8.391069131751895839e+03 2.696087330000000000e+09
8.392854057077907783e+03 2.290510643000000000e+09
8.397351555471446773e+03 4.203379865000000000e+09
8.377091548345790216e+03 3.672694084000000000e+09
8.367424851074414619e+03 1.640562090000000000e+08
8.396679177517757125e+03 9.773179800000000000e+08
8.401938055017788429e+03 2.979139748000000000e+09
8.374952474066587456e+03 3.376226580000000000e+08
8.389530262717757068e+03 3.267689172000000000e+09
8.404440777332361904e+03 9.671884030000000000e+08
8.401179787584096630e+03 2.332325691000000000e+09
8.384908159968043037e+03 1.997481116000000000e+09
8.395505066083127531e+03 3.047837186000000000e+09
8.380434823669040270e+03 3.723042499000000000e+09
8.381504588579276970e+03 3.180927106000000000e+09
8.415260549942195212e+03 5.682246710000000000e+08
8.390835839876306636e+03 3.988569311000000000e+09
8.373000432351507698e+03 2.185642684000000000e+09
8.391897817660046712e+03 3.690369278000000000e+09
8.407921464493376334e+03 9.710542900000000000e+07
8.380285351674989215e+03 3.314142433000000000e+09
8.417896763635442767e+03 2.887723938000000000e+09
8.369528382274920659e+03 1.106709054000000000e+09
8.441456485275293744e+03 1.158990258000000000e+09
8.385777367904704079e+03 6.666350430000000000e+08
8.373276195388734777e+03 1.479648002000000000e+09
8.381734482099531306e+03 4.171242625000000000e+09
8.362356748397956835e+03 3.859408017000000000e+09
8.400693882852285242e+03 3.802301963000000000e+09
8.393933039664118041e+03 3.749555718000000000e+09
8.389814256560914146e+03 3.642615878000000000e+09
8.367656210666484185e+03 1.455128122000000000e+09
8.373654227126204205e+03 2.599437129000000000e+09
8.399455830281252929e+03 1.863041867000000000e+09
8.339375276045491773e+03 1.187126169000000000e+09
8.399143025911980658e+03 1.427894954000000000e+09
8.365642557020239110e+03 2.999548977000000000e+09
8.381999950239387545e+03 3.713738579000000000e+09
8.388908071799698519e+03 3.358397142000000000e+09
8.386023530992437372e+03 2.772023365000000000e+09
8.400593324900797597e+03 3.013938922000000000e+09
8.367907538623812798e+03 1.458276681000000000e+09
