# Lens_likelihood 	 seed
6.657391423837433649e+03 2.907523479000000000e+09
6.666221778840348634e+03 2.772600999000000000e+09
6.675330261410250387e+03 1.523237680000000000e+09
6.671526150153269555e+03 1.024362104000000000e+09
6.678495909524537637e+03 1.343468250000000000e+09
6.676713475451303566e+03 1.538944970000000000e+09
6.682308438755878342e+03 2.801308381000000000e+09
6.667474821927804442e+03 1.199500387000000000e+09
6.665666119127261481e+03 2.132951782000000000e+09
6.682632454414683707e+03 2.240168933000000000e+09
6.677008459770535410e+03 2.485761802000000000e+09
6.678430712721059535e+03 1.333503500000000000e+08
6.685444789231683899e+03 2.837897528000000000e+09
6.675941249583806893e+03 3.738706553000000000e+09
6.679072318932197959e+03 2.438868700000000000e+09
6.673211528847876252e+03 1.252173046000000000e+09
6.678891130070422150e+03 2.836533054000000000e+09
6.666561594424091709e+03 2.758561212000000000e+09
6.660197017976459392e+03 2.062211304000000000e+09
6.684577505615643531e+03 1.267213362000000000e+09
6.676354101961862398e+03 2.817983082000000000e+09
6.671193958116845351e+03 3.733617922000000000e+09
6.671457989478542004e+03 4.014856711000000000e+09
6.676878222749725865e+03 2.666961417000000000e+09
6.678748248154652174e+03 4.127317187000000000e+09
6.681455078039966793e+03 2.400818544000000000e+09
6.679673010748272645e+03 5.816907280000000000e+08
6.672089941446016383e+03 1.920503642000000000e+09
6.670572855020287534e+03 3.397587400000000000e+07
6.664931978805947438e+03 7.263053900000000000e+08
6.676469192784546976e+03 2.308885329000000000e+09
6.667088867835066594e+03 2.072593780000000000e+09
6.674948069597716312e+03 2.836542321000000000e+09
6.669983911755637564e+03 1.859299209000000000e+09
6.673754439315453055e+03 6.781895300000000000e+08
6.661546821953583276e+03 1.586476347000000000e+09
6.688306480153065422e+03 1.568955229000000000e+09
6.679730547526582086e+03 1.054738386000000000e+09
6.682160861224055225e+03 3.445017501000000000e+09
6.672467979467113764e+03 4.014386477000000000e+09
6.686352671241284042e+03 3.169077200000000000e+08
6.674990391667570293e+03 3.645630446000000000e+09
6.673639969475150792e+03 4.348208580000000000e+08
6.671734504403797473e+03 1.722387906000000000e+09
6.681813803656837990e+03 4.948319200000000000e+07
6.670522673417354781e+03 1.057601126000000000e+09
6.667923555321279309e+03 1.436018994000000000e+09
6.671623320274944490e+03 1.084609048000000000e+09
6.673324983335092838e+03 1.409783825000000000e+09
6.676198731119853619e+03 3.606527098000000000e+09
6.659640969208199749e+03 3.996496598000000000e+09
6.675402549160096896e+03 2.450867120000000000e+09
6.688411392458569026e+03 1.983209187000000000e+09
6.674167074682331076e+03 2.442983554000000000e+09
6.669973436936003054e+03 2.484779891000000000e+09
6.678420235320627398e+03 2.103599755000000000e+09
6.673255443191796985e+03 2.392579326000000000e+09
6.679804979303891741e+03 2.117788709000000000e+09
6.672800375577673549e+03 3.208254957000000000e+09
6.671746581898682962e+03 1.438173983000000000e+09
6.674387867618504970e+03 3.454443694000000000e+09
6.661625726822794604e+03 1.918991779000000000e+09
6.672737413670010937e+03 3.320662558000000000e+09
6.676125942723479056e+03 1.731070914000000000e+09
6.688709486575982737e+03 2.089790892000000000e+09
6.671282456953794281e+03 1.567075590000000000e+08
6.660141338915853339e+03 2.744943438000000000e+09
6.681618590345729899e+03 1.700918390000000000e+08
6.682623774836529265e+03 3.799244577000000000e+09
6.673011723750136298e+03 2.025483733000000000e+09
6.671888918266062319e+03 1.143340815000000000e+09
6.677439814581366591e+03 3.427018999000000000e+09
6.688481478193663861e+03 2.775720171000000000e+09
6.684716205587615150e+03 4.207984789000000000e+09
6.668451331934284099e+03 3.865199410000000000e+09
6.677291563710850824e+03 2.307769330000000000e+08
6.675774943010243078e+03 2.234095201000000000e+09
6.671714183681225222e+03 2.417423142000000000e+09
6.677525367856030243e+03 2.450850303000000000e+09
6.666460117145868935e+03 2.736264053000000000e+09
6.682033434520723858e+03 2.397295010000000000e+09
6.671954604190928876e+03 9.978759270000000000e+08
6.668816525549900689e+03 3.953633760000000000e+08
6.683242223833818571e+03 3.638178628000000000e+09
6.666673620196599586e+03 1.472354274000000000e+09
6.668210841047234680e+03 1.440099637000000000e+09
6.677480475425125405e+03 1.650315826000000000e+09
6.681487260532047003e+03 2.325153976000000000e+09
6.667378818213918748e+03 4.076886281000000000e+09
6.685386897728915756e+03 3.129417876000000000e+09
6.661663932378574827e+03 1.201390283000000000e+09
6.666514818902527622e+03 1.561269530000000000e+08
6.668765996315783013e+03 1.111998837000000000e+09
6.676956589547680778e+03 2.676012072000000000e+09
6.663159983245963303e+03 3.033580838000000000e+09
6.673649357689857425e+03 2.957182472000000000e+09
6.674601198677227330e+03 1.361351374000000000e+09
6.691913075252636190e+03 3.474952247000000000e+09
6.685063827268980276e+03 3.714287497000000000e+09
6.675077323000779870e+03 2.517698988000000000e+09
6.669909099717891877e+03 3.363852997000000000e+09
6.658408535183803906e+03 1.823289748000000000e+09
6.662962879229542523e+03 3.198604128000000000e+09
6.666412632519211911e+03 2.238032774000000000e+09
6.675131759900742509e+03 2.510369170000000000e+09
6.676658626734104473e+03 1.787550991000000000e+09
6.665500766350608501e+03 4.108697972000000000e+09
6.664901881189653068e+03 3.414221714000000000e+09
6.651910987006516734e+03 9.452263740000000000e+08
6.668382895150024524e+03 3.925916951000000000e+09
6.672451894197930415e+03 2.823758360000000000e+09
6.668808298474112235e+03 3.504335197000000000e+09
6.677061009118020593e+03 3.912333748000000000e+09
6.676702825830986512e+03 1.750163031000000000e+09
6.680706511622397556e+03 1.466056631000000000e+09
6.686183759645204191e+03 3.375249450000000000e+08
6.680395003847958833e+03 2.892495801000000000e+09
6.687417539272148133e+03 3.892713681000000000e+09
6.663993348349108601e+03 2.579747880000000000e+08
6.668465229999663279e+03 8.849230640000000000e+08
6.675676156161558538e+03 8.192731070000000000e+08
6.654465661405918581e+03 5.950772780000000000e+08
6.672779637092620760e+03 1.078223777000000000e+09
6.679022866416460602e+03 3.596782290000000000e+08
6.674679851284648976e+03 2.322502752000000000e+09
6.683788519184292454e+03 1.083700260000000000e+08
6.673250497482645187e+03 3.335399983000000000e+09
6.663003598526077440e+03 2.134474939000000000e+09
6.655880870144131222e+03 1.917511000000000000e+09
6.678385704570814596e+03 1.932873577000000000e+09
6.683494539582677135e+03 3.296088205000000000e+09
6.675085256795280657e+03 1.675198730000000000e+09
6.656878449185380305e+03 2.439050166000000000e+09
6.677155451348175120e+03 1.262989073000000000e+09
6.673564186802279437e+03 9.040920000000000000e+08
6.671089259692116684e+03 3.962567151000000000e+09
6.663336288489939761e+03 3.871799690000000000e+09
6.676960877068414447e+03 1.416239504000000000e+09
6.682786765152639418e+03 1.637852226000000000e+09
6.673996282954303751e+03 4.828524960000000000e+08
6.685137925018205351e+03 1.712754040000000000e+08
6.672198527387088689e+03 3.208059703000000000e+09
6.659581177220176869e+03 3.574822019000000000e+09
6.660204162912175889e+03 2.001395098000000000e+09
6.683569029279694405e+03 3.513970478000000000e+09
6.674812453843345793e+03 8.211231920000000000e+08
6.675884916585629981e+03 1.204226441000000000e+09
6.686669610671076043e+03 9.850508790000000000e+08
6.676590878599823554e+03 1.058305484000000000e+09
6.665012220760703713e+03 3.882087454000000000e+09
6.672533527948571646e+03 3.182409949000000000e+09
6.678329496294329147e+03 2.380470031000000000e+09
6.678199965655305277e+03 7.861826920000000000e+08
6.681113078832033352e+03 2.697823907000000000e+09
6.669031508022102571e+03 3.184454530000000000e+08
6.670586144205935852e+03 3.618920180000000000e+08
6.669217606391701338e+03 8.392866700000000000e+08
6.658334151932531313e+03 2.379626682000000000e+09
6.678581606239873508e+03 4.016495394000000000e+09
6.685528640580027059e+03 4.204971726000000000e+09
6.682938370972617122e+03 3.844849196000000000e+09
6.676200804453259479e+03 1.639293199000000000e+09
6.663130447080173326e+03 3.912422533000000000e+09
6.676009370845218655e+03 1.838307800000000000e+09
6.677422111143245274e+03 1.017670157000000000e+09
6.673200403766812087e+03 3.503362600000000000e+09
6.677998966014166399e+03 1.763944862000000000e+09
6.690563095251604864e+03 1.621799017000000000e+09
6.673217790941977000e+03 1.501806050000000000e+09
6.685058025966818605e+03 3.489531952000000000e+09
6.686435205937733372e+03 3.268441411000000000e+09
6.665491894918548496e+03 4.120987383000000000e+09
6.682722576013666185e+03 1.374401516000000000e+09
6.683589256086851492e+03 1.056618602000000000e+09
6.665899164625422600e+03 3.571913239000000000e+09
6.667760900411666626e+03 3.262564226000000000e+09
6.651256289456267041e+03 1.891557362000000000e+09
6.674127499535072275e+03 9.588571610000000000e+08
6.685022566465056116e+03 2.554891278000000000e+09
6.678402764945842137e+03 3.719760480000000000e+08
6.672083580070790049e+03 2.779344571000000000e+09
6.662442907159584138e+03 2.190443792000000000e+09
6.667582250903620661e+03 2.527768818000000000e+09
6.660025758834858607e+03 4.733700120000000000e+08
6.681905847569441903e+03 8.973516840000000000e+08
6.654924307146635329e+03 2.942848410000000000e+08
6.671078827494595316e+03 3.910154711000000000e+09
6.672382788292572513e+03 6.417803230000000000e+08
6.675651224729403111e+03 3.714669470000000000e+09
6.689555301634363786e+03 2.933129494000000000e+09
6.670033831157153145e+03 1.928709470000000000e+09
6.686092423772910479e+03 1.307817583000000000e+09
6.674547346138662760e+03 2.830728020000000000e+09
6.679822371463786112e+03 1.335221863000000000e+09
6.668445714998241783e+03 2.652370240000000000e+08
6.677100602967055238e+03 1.124129089000000000e+09
6.671422206166130309e+03 1.787925191000000000e+09
6.680103477056399242e+03 2.287729540000000000e+08
6.692574886883501676e+03 2.325518403000000000e+09
6.679933653264332861e+03 9.244210300000000000e+07
6.671973759051241359e+03 2.770131455000000000e+09
6.667491464889716553e+03 8.577619240000000000e+08
6.693262617429716556e+03 4.008878159000000000e+09
6.680752526517092519e+03 3.841941729000000000e+09
6.680304155361558514e+03 3.110741527000000000e+09
6.684610715340260867e+03 3.170037713000000000e+09
6.681453491527006918e+03 4.049743302000000000e+09
6.671122549730998799e+03 7.232318800000000000e+08
6.664987852300677332e+03 1.989454541000000000e+09
6.672832766248994631e+03 8.284024210000000000e+08
6.681390384732878374e+03 5.696698800000000000e+07
6.663651882372088949e+03 2.397658040000000000e+08
6.668841082794820068e+03 1.661762330000000000e+09
6.670968685251060379e+03 7.873460430000000000e+08
6.669235830529705709e+03 1.903022346000000000e+09
6.671370525590258694e+03 3.479102165000000000e+09
6.693061533536510979e+03 3.800266261000000000e+09
6.674009126551929512e+03 2.509295995000000000e+09
6.675997353606619072e+03 2.371908532000000000e+09
6.682321970144167608e+03 3.814560324000000000e+09
6.691458850087437895e+03 3.964500940000000000e+08
6.665116566080943812e+03 3.390293894000000000e+09
6.677803437874295014e+03 1.552249998000000000e+09
6.677715974145729888e+03 1.947140395000000000e+09
6.690275241763286431e+03 1.398188672000000000e+09
6.694813516818228891e+03 3.764228659000000000e+09
6.662156557065546622e+03 4.710464330000000000e+08
6.672010033634063802e+03 2.526829909000000000e+09
6.685873601419007173e+03 1.115381206000000000e+09
6.681539540134782328e+03 3.002210394000000000e+09
6.685254873965180195e+03 5.230224980000000000e+08
6.668285399142422648e+03 8.672947770000000000e+08
6.669487603235287679e+03 3.243211109000000000e+09
6.674969880042928708e+03 9.498881480000000000e+08
6.669263990496257975e+03 3.066537741000000000e+09
6.681750031941031011e+03 2.132577407000000000e+09
6.690106403388844228e+03 1.738762788000000000e+09
6.677200428678405842e+03 1.927297824000000000e+09
6.676796377297536310e+03 3.120948525000000000e+09
6.682168785582764940e+03 2.433851117000000000e+09
6.682389459372167039e+03 2.374695712000000000e+09
6.672515820087784959e+03 3.753007096000000000e+09
6.655478015352407965e+03 3.079682537000000000e+09
6.669755768786866611e+03 2.419971125000000000e+09
6.658867685552799230e+03 1.240844681000000000e+09
6.676292338525814557e+03 3.037442971000000000e+09
6.683218320248795862e+03 4.030038590000000000e+09
6.667500562392326174e+03 5.575377780000000000e+08
6.678443007969261089e+03 2.058220589000000000e+09
6.694058442213980925e+03 1.859925638000000000e+09
6.662260845236794012e+03 3.750785920000000000e+08
6.669623639367158830e+03 1.108704598000000000e+09
6.667591912511339615e+03 1.708316256000000000e+09
6.669406240292922121e+03 3.709277434000000000e+09
6.679428635962659428e+03 3.911030030000000000e+09
6.669223884650192304e+03 3.395576189000000000e+09
6.688476123889443443e+03 8.431295780000000000e+08
6.675675364958831778e+03 3.715867318000000000e+09
6.674775003299546370e+03 2.650094775000000000e+09
6.661460858199876384e+03 4.363240660000000000e+08
6.688834132778332787e+03 3.780625516000000000e+09
6.694616858307267648e+03 3.719140907000000000e+09
6.682157996515741615e+03 7.203116670000000000e+08
6.684092171496035007e+03 6.951207050000000000e+08
6.678008798927468888e+03 3.437803107000000000e+09
6.664751519641805316e+03 4.259798898000000000e+09
6.668599388292609547e+03 3.458062001000000000e+09
6.685542035768949063e+03 2.969119862000000000e+09
6.682796525158920304e+03 9.631717510000000000e+08
6.677216321578478528e+03 4.189794106000000000e+09
6.676900996667971413e+03 1.989097922000000000e+09
6.670380659019419909e+03 3.434902180000000000e+09
6.675612835279111096e+03 2.814757721000000000e+09
6.678019766454404817e+03 4.187509740000000000e+08
6.671960463756606259e+03 3.395851336000000000e+09
6.661549608588842602e+03 3.641022944000000000e+09
6.683905214746135243e+03 1.421524980000000000e+08
6.670054498586579030e+03 1.204838692000000000e+09
6.679507062183303788e+03 3.287848264000000000e+09
6.678783006000997375e+03 2.453583632000000000e+09
6.686721294632943682e+03 2.170562118000000000e+09
6.675971413745286554e+03 3.527881963000000000e+09
6.669442829468393029e+03 2.568117043000000000e+09
6.677105771609761177e+03 2.396849835000000000e+09
6.643593300203174294e+03 3.958160200000000000e+09
6.694972612720739562e+03 1.075052291000000000e+09
6.666790412057373032e+03 2.551424564000000000e+09
6.671108483855947270e+03 2.027623483000000000e+09
6.681328721399978349e+03 1.839059176000000000e+09
6.678647689449704558e+03 2.561893162000000000e+09
6.669001234650009792e+03 6.474768810000000000e+08
6.669334627910572635e+03 3.370116525000000000e+09
6.671235753707054755e+03 1.605501970000000000e+09
6.668389934318945052e+03 3.054550286000000000e+09
6.666596102539439016e+03 1.920904016000000000e+09
6.682553354087760454e+03 3.557711938000000000e+09
6.666132911778681773e+03 1.892381178000000000e+09
6.672491633841125804e+03 2.276934466000000000e+09
6.676824775069087082e+03 2.705444591000000000e+09
6.661185514317586239e+03 4.214868347000000000e+09
6.681483343575188883e+03 5.708278030000000000e+08
6.670908501134150356e+03 4.292188235000000000e+09
6.684681292172475878e+03 2.209636879000000000e+09
6.674432962490116552e+03 1.040963784000000000e+09
6.680181588200832266e+03 1.603021632000000000e+09
6.675247102867660942e+03 1.994599534000000000e+09
6.677982317611863436e+03 8.950194930000000000e+08
6.670075883391504249e+03 3.608431525000000000e+09
6.680584414434224527e+03 1.684313354000000000e+09
6.677948505375112290e+03 2.369402310000000000e+08
6.698111452984369862e+03 4.284286036000000000e+09
6.678709568232592574e+03 2.880392820000000000e+08
6.682106366190789231e+03 3.540935326000000000e+09
6.669527267522865259e+03 1.702037316000000000e+09
6.679492359120156834e+03 5.252729410000000000e+08
6.684686579046884617e+03 1.314848097000000000e+09
6.689456379441444369e+03 1.396618092000000000e+09
6.672903523806236080e+03 3.577527105000000000e+09
6.681495340885228870e+03 1.719881233000000000e+09
6.690465246700590797e+03 5.192835530000000000e+08
6.680922315726014858e+03 4.062320974000000000e+09
6.665426937421628281e+03 1.190020810000000000e+09
6.680147156484303196e+03 2.965800129000000000e+09
6.685072824311891054e+03 2.723382081000000000e+09
6.659521388621395090e+03 5.065871540000000000e+08
6.687519530362204023e+03 2.852599062000000000e+09
6.667183337173527434e+03 9.804418040000000000e+08
6.665013917228110586e+03 4.052790012000000000e+09
6.679715054411744859e+03 3.224676679000000000e+09
6.668306095156352058e+03 1.320465663000000000e+09
6.668828645948801750e+03 1.302066428000000000e+09
6.679297086855620364e+03 3.063618060000000000e+08
6.671547530148332953e+03 1.974334950000000000e+08
6.686288659346099848e+03 1.188264129000000000e+09
6.681530109214209915e+03 1.055183823000000000e+09
6.680032249349681479e+03 3.126641833000000000e+09
6.682853611249312962e+03 3.532624820000000000e+08
6.688148078772464032e+03 2.845624303000000000e+09
6.666888116347140567e+03 3.897498702000000000e+09
6.667309378222057603e+03 3.679314495000000000e+09
6.687514288910380856e+03 1.203196452000000000e+09
6.676747396664706685e+03 3.572369180000000000e+09
6.683900386205907125e+03 3.828829990000000000e+08
6.681676482743573615e+03 3.775725098000000000e+09
6.674069068554319529e+03 2.963772021000000000e+09
6.676528675841232143e+03 3.680433346000000000e+09
6.661565027853344873e+03 6.805123800000000000e+08
6.670578204552285570e+03 2.769687632000000000e+09
6.684175212159441799e+03 1.958885159000000000e+09
6.683837655671176435e+03 3.562706713000000000e+09
