# Lens_likelihood 	 seed
6.545005210514600549e+03 3.936972588000000000e+09
6.556571673243302939e+03 8.879716120000000000e+08
6.601837601536291913e+03 1.117856458000000000e+09
6.555513469058877490e+03 1.208751144000000000e+09
6.517709011523081244e+03 3.485523846000000000e+09
6.584111804597077935e+03 2.374455547000000000e+09
6.558130226477338510e+03 2.476560960000000000e+08
6.595346953405631211e+03 9.173739260000000000e+08
6.548463366041868539e+03 2.742684415000000000e+09
6.579505987954846205e+03 2.404851702000000000e+09
6.586981618048262135e+03 7.539378740000000000e+08
6.602282784590380288e+03 3.700916901000000000e+09
6.582101650143701590e+03 2.012240745000000000e+09
6.554225474466077685e+03 1.105285843000000000e+09
6.570815302037605761e+03 4.111362120000000000e+09
6.582907030368200139e+03 2.941629052000000000e+09
6.559871859595143178e+03 4.213199755000000000e+09
6.526539970837984583e+03 3.664560234000000000e+09
6.547471769898945240e+03 5.785317990000000000e+08
6.604938404532552340e+03 3.849512042000000000e+09
6.559876040054708028e+03 2.026697559000000000e+09
6.610847892512058934e+03 3.446099373000000000e+09
6.592064565245506856e+03 2.623921500000000000e+08
6.561894773713249378e+03 2.281493955000000000e+09
6.569991469836182659e+03 1.383902280000000000e+09
6.593851254199579671e+03 1.671171610000000000e+09
6.528778497985457761e+03 7.663243030000000000e+08
6.613735347834168351e+03 3.688468869000000000e+09
6.609987725926199346e+03 1.315702448000000000e+09
6.580703527038494030e+03 1.328920150000000000e+09
6.552907742082241384e+03 7.219177670000000000e+08
6.510759645527215071e+03 3.058075678000000000e+09
6.595982602848919669e+03 1.590913038000000000e+09
6.582027542809800252e+03 1.654666244000000000e+09
6.564188176956980897e+03 3.986289631000000000e+09
6.548258797179711109e+03 1.731851639000000000e+09
6.624622486990580001e+03 1.165354600000000000e+07
6.621542778416098372e+03 3.232973226000000000e+09
6.492462800922927272e+03 2.105538569000000000e+09
6.552794076151491026e+03 3.542115256000000000e+09
6.540270634756572690e+03 7.312606900000000000e+08
6.562150343216935653e+03 3.645542617000000000e+09
6.568404221561260783e+03 1.620173446000000000e+09
6.598596968169429601e+03 3.614594734000000000e+09
6.563193241138103986e+03 2.811963731000000000e+09
6.601558326431447313e+03 7.025587400000000000e+08
6.539688136922221929e+03 1.545914976000000000e+09
6.590583439616091709e+03 3.171422910000000000e+09
6.603033855199119898e+03 3.206658180000000000e+09
6.560417843325354625e+03 9.738734420000000000e+08
6.540962490922895995e+03 5.349891730000000000e+08
6.597430545583001731e+03 2.263072755000000000e+09
6.530487930085841981e+03 1.104029753000000000e+09
6.644981721983244825e+03 1.055099644000000000e+09
6.551454707338301887e+03 1.189753925000000000e+09
6.581514204723658622e+03 3.597446712000000000e+09
6.544673888807519688e+03 2.024314202000000000e+09
6.584708825079496819e+03 4.104462800000000000e+09
6.540454693707344632e+03 3.122610057000000000e+09
6.585948191866691559e+03 3.738301295000000000e+09
6.515982389393882841e+03 6.449148060000000000e+08
6.560816226366507181e+03 1.343133484000000000e+09
6.590626120613950661e+03 2.131714060000000000e+09
6.547614874004661033e+03 1.756802794000000000e+09
6.545306941486141113e+03 5.309645740000000000e+08
6.602106261113383880e+03 2.351292547000000000e+09
6.619959911635189201e+03 1.332013300000000000e+09
6.581286282143681092e+03 1.386295751000000000e+09
6.539906590753232194e+03 3.810972648000000000e+09
6.580402298355718813e+03 1.177517057000000000e+09
6.510690944202945502e+03 1.932818867000000000e+09
6.544774857672433427e+03 3.712557360000000000e+09
6.543902830096746584e+03 4.663928880000000000e+08
6.524344550397541752e+03 8.006967590000000000e+08
6.610703039560607067e+03 3.303519039000000000e+09
6.550885011360459430e+03 7.694823810000000000e+08
6.579808091341532418e+03 9.526874760000000000e+08
6.522887603042377123e+03 4.270475936000000000e+09
6.650337812181238405e+03 4.191406490000000000e+08
6.558224216797905683e+03 2.375912699000000000e+09
6.594632848808305425e+03 2.864451365000000000e+09
6.559840390867384485e+03 3.337946216000000000e+09
6.542123042110401002e+03 1.774407830000000000e+09
6.602266213369632169e+03 2.769808025000000000e+09
6.582495776751492485e+03 2.824644486000000000e+09
6.558953494616254829e+03 4.282982358000000000e+09
6.592779497920568247e+03 2.794553058000000000e+09
6.540508876150032847e+03 7.820991390000000000e+08
6.539089984016499329e+03 1.254357439000000000e+09
6.554158960254857448e+03 8.643164990000000000e+08
6.551557085072278824e+03 2.847725205000000000e+09
6.602759659104974162e+03 2.181677777000000000e+09
6.603330579615585521e+03 1.971041490000000000e+08
6.583034845780222895e+03 2.911347726000000000e+09
6.550210867415757093e+03 2.899312803000000000e+09
6.580450006988450696e+03 3.724041606000000000e+09
6.608368168471341050e+03 6.756368000000000000e+07
6.542032742180315836e+03 1.687305493000000000e+09
6.622099879242877250e+03 1.266422516000000000e+09
6.626998504725271232e+03 3.047939184000000000e+09
6.619686017590022857e+03 3.569887840000000000e+09
6.567315707530362488e+03 3.642227799000000000e+09
6.531932344681162249e+03 1.905332603000000000e+09
6.616377069391463920e+03 1.927943006000000000e+09
6.590288460099513031e+03 2.904161100000000000e+07
6.570804633389477203e+03 4.215987188000000000e+09
6.587455229582665197e+03 2.592864020000000000e+08
6.543935464098442935e+03 9.285995710000000000e+08
6.517791779699680774e+03 2.098500001000000000e+09
6.571090317437356134e+03 2.826969041000000000e+09
6.540667731373452625e+03 2.345993252000000000e+09
6.566924622205898231e+03 3.167217805000000000e+09
6.553593975027376473e+03 3.458969886000000000e+09
6.573619242303395367e+03 4.736527950000000000e+08
6.600439035441208034e+03 7.851885890000000000e+08
6.617385163345349611e+03 7.019397610000000000e+08
6.549895334234733127e+03 3.784183030000000000e+09
6.559223749253094866e+03 6.990880970000000000e+08
6.501356757957427362e+03 3.593311441000000000e+09
6.539762835396932132e+03 1.419259373000000000e+09
6.560263429438765343e+03 3.956462646000000000e+09
6.581959508861415088e+03 2.917081694000000000e+09
6.559458226033971187e+03 3.490325816000000000e+09
6.635872836099495544e+03 1.811665268000000000e+09
6.517195711038601075e+03 2.981683635000000000e+09
6.547652241716948993e+03 4.113017640000000000e+08
6.506529366734391260e+03 3.726089075000000000e+09
6.615490873422089862e+03 6.332747780000000000e+08
6.590325956128725011e+03 3.213761524000000000e+09
6.624511733494153304e+03 4.924119000000000000e+07
6.566335645623848905e+03 3.859256735000000000e+09
6.518826389843588004e+03 6.114499720000000000e+08
6.562455101112764169e+03 7.082149330000000000e+08
6.594951990294970528e+03 2.936610481000000000e+09
6.575525788525439566e+03 4.672558860000000000e+08
6.578418077699549031e+03 1.453968479000000000e+09
6.584575112267984878e+03 3.162838598000000000e+09
6.591755140408155967e+03 2.151489087000000000e+09
6.589887939653752255e+03 2.212670839000000000e+09
6.580425942027808560e+03 4.003369365000000000e+09
6.602372900706051951e+03 1.883979921000000000e+09
6.515557250538656263e+03 9.724050000000000000e+08
6.557586871420790885e+03 1.219050569000000000e+09
6.585960276164893003e+03 1.662465884000000000e+09
6.637932819485720756e+03 2.415021143000000000e+09
6.602978988989865684e+03 1.795973090000000000e+08
6.624730082505711835e+03 1.391284988000000000e+09
6.585311967575838935e+03 3.002507682000000000e+09
6.569233607909603961e+03 2.767112976000000000e+09
6.571021210101825091e+03 1.656430649000000000e+09
6.516370652135063210e+03 3.049817532000000000e+09
6.563550054874357556e+03 1.585865260000000000e+08
6.619545566366160529e+03 4.236716403000000000e+09
6.589742783093844992e+03 2.015601813000000000e+09
6.539743762764458552e+03 6.453578560000000000e+08
6.581277705825027624e+03 3.136919529000000000e+09
6.573866964726445985e+03 3.127901948000000000e+09
6.551878324460408294e+03 1.340273120000000000e+09
6.539953500966113097e+03 2.948217870000000000e+09
6.562116031707337243e+03 4.262049990000000000e+08
6.564572495060805522e+03 4.083920547000000000e+09
6.528434378999957516e+03 1.116770416000000000e+09
6.543356951069635215e+03 3.158097748000000000e+09
6.548524447173787848e+03 1.602826657000000000e+09
6.593566994936478295e+03 3.137453339000000000e+09
6.567360014341225906e+03 2.715791803000000000e+09
6.553813347313358463e+03 2.869607365000000000e+09
6.562506026659072631e+03 7.476400180000000000e+08
6.553156765982962497e+03 1.941662992000000000e+09
6.576740967995072424e+03 2.692725934000000000e+09
6.543823750383353399e+03 4.044219798000000000e+09
6.553059724003178417e+03 3.928000717000000000e+09
6.584344654412780073e+03 3.986484076000000000e+09
6.566848564674367481e+03 1.532524057000000000e+09
6.544681733140160759e+03 3.432366950000000000e+09
6.589125635991401396e+03 2.436588153000000000e+09
6.525004974103530913e+03 3.362959652000000000e+09
6.599266598842979874e+03 2.581547281000000000e+09
6.609927729622203515e+03 2.219660523000000000e+09
6.572658580276850444e+03 3.011433360000000000e+08
6.544435398297535357e+03 1.763865574000000000e+09
6.572070551945616899e+03 4.085051336000000000e+09
6.553093451720677876e+03 3.557224400000000000e+08
6.575478925273286222e+03 2.784564908000000000e+09
6.600698596001101578e+03 2.542552999000000000e+09
6.570764310793068944e+03 3.648853056000000000e+09
6.562294235302985726e+03 7.499279940000000000e+08
6.525496298746264074e+03 4.727721160000000000e+08
6.550877669173687536e+03 1.439588730000000000e+09
6.576058495602237599e+03 5.005983540000000000e+08
6.574399110749934152e+03 1.933038733000000000e+09
6.618958544143330982e+03 2.410245401000000000e+09
6.613810519763839693e+03 4.739774460000000000e+08
6.562025756824588825e+03 2.302140720000000000e+09
6.552461521747280131e+03 3.325514271000000000e+09
6.589485126300509364e+03 3.425352510000000000e+09
6.527083759622812067e+03 2.426145469000000000e+09
6.541863257387940394e+03 1.262808776000000000e+09
6.566141859354396729e+03 3.540886421000000000e+09
6.554499081590257447e+03 1.371629206000000000e+09
6.595686703578527158e+03 3.271833761000000000e+09
6.577761640892851574e+03 3.506059136000000000e+09
6.579628886323982442e+03 3.735254589000000000e+09
6.550264460956806033e+03 5.629636500000000000e+08
6.555419827069506027e+03 3.497765245000000000e+09
6.584521487998705197e+03 1.140276996000000000e+09
6.572913338475701494e+03 1.077960452000000000e+09
6.576487319454858152e+03 3.204724876000000000e+09
6.590377168711540435e+03 1.195105094000000000e+09
6.536273452472744793e+03 1.192194421000000000e+09
6.612263569590908446e+03 2.539798556000000000e+09
6.558958774537884892e+03 2.380248214000000000e+09
6.517607479167792917e+03 6.009964230000000000e+08
6.634540399564937616e+03 1.846696373000000000e+09
6.503718088732959586e+03 6.237350820000000000e+08
6.586282854757148016e+03 7.457130800000000000e+07
6.565369008612831749e+03 3.290586616000000000e+09
6.580565090041405711e+03 1.840373651000000000e+09
6.545270662511285991e+03 3.605419715000000000e+09
6.571543724522303819e+03 1.720221273000000000e+09
6.601548901909344750e+03 4.025359770000000000e+09
6.598132091737655173e+03 1.993724507000000000e+09
6.559020035812589413e+03 3.297662876000000000e+09
6.536510386928232037e+03 1.177164674000000000e+09
6.566332229540972548e+03 1.668662257000000000e+09
6.587411985868129705e+03 3.732007134000000000e+09
6.538592152631312274e+03 3.301235094000000000e+09
6.566022201563810086e+03 2.625252997000000000e+09
6.571295257887813932e+03 2.604513673000000000e+09
6.560967875928412468e+03 7.284932640000000000e+08
6.555323075673965832e+03 4.151921590000000000e+08
6.609621788720822224e+03 2.816323745000000000e+09
6.560470358537936590e+03 3.657366532000000000e+09
6.576444157863134933e+03 3.703710396000000000e+09
6.575793000220225622e+03 1.739833134000000000e+09
6.537299202310891815e+03 1.672080501000000000e+09
6.603003716103856277e+03 1.128532521000000000e+09
6.521552795610456087e+03 5.791517970000000000e+08
6.567977255836867698e+03 2.525326726000000000e+09
6.567033096009777182e+03 4.177219748000000000e+09
6.595077030035027747e+03 1.719159503000000000e+09
6.569685776357433497e+03 2.523604970000000000e+08
6.563122525189510270e+03 3.497170289000000000e+09
6.530329622180339356e+03 1.248338262000000000e+09
6.529651949650872666e+03 3.213048533000000000e+09
6.628850577329740190e+03 4.157771113000000000e+09
6.604290076202791170e+03 2.020494386000000000e+09
6.515862174839690852e+03 1.479243007000000000e+09
6.597255809845765725e+03 2.850725395000000000e+09
6.579085418345556718e+03 2.105390813000000000e+09
6.517526762789038912e+03 7.389599960000000000e+08
6.576308528672998364e+03 1.193733792000000000e+09
6.520267573621151314e+03 2.124153632000000000e+09
6.594499135311682039e+03 2.279349070000000000e+08
6.601406338589291408e+03 3.985103939000000000e+09
6.587476336962447931e+03 1.489220244000000000e+09
6.549499873288112212e+03 1.163064149000000000e+09
6.525880588011903455e+03 1.627830542000000000e+09
6.573969910272016023e+03 2.076831406000000000e+09
6.498262633045160328e+03 3.043753451000000000e+09
6.576924289775603029e+03 2.027808507000000000e+09
6.535667194345880489e+03 2.017042180000000000e+08
6.526301391897535723e+03 1.731248303000000000e+09
6.546989015723235752e+03 3.127766579000000000e+09
6.539283844393622530e+03 3.983816140000000000e+09
6.579148598768841111e+03 2.416439446000000000e+09
6.599852656352131817e+03 1.690739492000000000e+09
6.551508405191822931e+03 9.058794300000000000e+08
6.540667958110680047e+03 3.217783521000000000e+09
6.556318050213523748e+03 1.684720427000000000e+09
6.559416458966136815e+03 5.506176370000000000e+08
6.549213501228163295e+03 2.322613259000000000e+09
6.596115446101137422e+03 1.489435148000000000e+09
6.540289664729309152e+03 3.622228154000000000e+09
6.571705806596562979e+03 3.569812190000000000e+08
6.530305813428423789e+03 2.208483559000000000e+09
6.619293520521759092e+03 3.533649015000000000e+09
6.574320017424730395e+03 9.661665800000000000e+08
6.556933928145146638e+03 1.982827480000000000e+08
6.623255648264632327e+03 8.508577090000000000e+08
6.632588024170611789e+03 3.166110450000000000e+09
6.602526585005967718e+03 3.772509068000000000e+09
6.584782476688843417e+03 5.460756720000000000e+08
6.572424661276705592e+03 3.238877306000000000e+09
6.558843518753155877e+03 4.115288651000000000e+09
6.567982729200583890e+03 4.167710020000000000e+09
6.591193413116405281e+03 3.519634025000000000e+09
6.573492287707655123e+03 5.585147940000000000e+08
6.554166132358239338e+03 2.472220733000000000e+09
6.576223852109484142e+03 1.634547577000000000e+09
6.558731654110486488e+03 2.625784939000000000e+09
6.596931963470612573e+03 2.410815205000000000e+09
6.605163828370330521e+03 1.382318494000000000e+09
6.516818106065726170e+03 1.401945207000000000e+09
6.590285055010877841e+03 2.864743712000000000e+09
6.530238385917591586e+03 3.928393000000000000e+07
6.525658882327435094e+03 1.696414897000000000e+09
6.632023032461080220e+03 3.501483689000000000e+09
6.603484349284759446e+03 3.759142358000000000e+09
6.549070764870843050e+03 2.010265369000000000e+09
6.531352346813439908e+03 2.797998251000000000e+09
6.603947216629071590e+03 4.134997257000000000e+09
6.567274037216494435e+03 3.846073147000000000e+09
6.539168184772927816e+03 6.271090800000000000e+07
6.567621066949396663e+03 2.014197710000000000e+08
6.585433033452020027e+03 9.480346630000000000e+08
6.594726516429820549e+03 1.222574990000000000e+08
6.536625554218479010e+03 3.238474498000000000e+09
6.549790829730814039e+03 2.267054959000000000e+09
6.547900749942901712e+03 2.977111214000000000e+09
6.560363648844320778e+03 2.294269239000000000e+09
6.569559942192472590e+03 2.948361664000000000e+09
6.542198768160089458e+03 1.548219387000000000e+09
6.567381594245962333e+03 1.149987645000000000e+09
6.593338519395892945e+03 1.791859123000000000e+09
6.574910097277179375e+03 1.807704130000000000e+08
6.597247118815349495e+03 2.131638297000000000e+09
6.576976036477399248e+03 1.394508653000000000e+09
6.608524506238713911e+03 4.034803735000000000e+09
6.550348432244300966e+03 3.612294532000000000e+09
6.565772070963099395e+03 1.043958439000000000e+09
6.547081510924155737e+03 6.095118030000000000e+08
6.514382805452824869e+03 1.204564791000000000e+09
6.577867227554917918e+03 5.254793870000000000e+08
6.540252154651767341e+03 1.654356700000000000e+08
6.589410263671854409e+03 3.733083857000000000e+09
6.544801509419949980e+03 3.525507442000000000e+09
6.507584065196895608e+03 1.671589339000000000e+09
6.510938724040564011e+03 1.917610904000000000e+09
6.542015936457473799e+03 3.675477400000000000e+07
6.557041789053401772e+03 3.931552872000000000e+09
6.588213953406317160e+03 3.983735996000000000e+09
6.606131928533885002e+03 6.207844910000000000e+08
6.534229854655490271e+03 2.629426880000000000e+09
6.527194714274277430e+03 4.073544487000000000e+09
6.613837383250074708e+03 2.996963500000000000e+07
6.602846180780784380e+03 3.024871011000000000e+09
6.506512805574457161e+03 3.035111394000000000e+09
6.561329647250933704e+03 9.053974870000000000e+08
6.557914637320463953e+03 1.819855408000000000e+09
6.629824162521298604e+03 1.659629248000000000e+09
6.598800254429756933e+03 1.744842820000000000e+08
6.570508506741118254e+03 2.010266053000000000e+09
6.572776336317235291e+03 4.171551319000000000e+09
6.598337149245465298e+03 3.498063142000000000e+09
6.558579435440709858e+03 3.383603359000000000e+09
6.596607435768699361e+03 1.539964083000000000e+09
6.526039652289927290e+03 3.492461309000000000e+09
6.554096492380678683e+03 4.184431216000000000e+09
6.567326072772910265e+03 1.787891524000000000e+09
