# Lens_likelihood 	 seed
5.506819494279900027e+03 2.195700227000000000e+09
5.482615731769168633e+03 4.263839674000000000e+09
5.530220345917415216e+03 3.657511610000000000e+09
5.511922862571802398e+03 2.417757571000000000e+09
5.489077917376233017e+03 1.147850146000000000e+09
5.513544185948831000e+03 2.210475703000000000e+09
5.489890696821230449e+03 4.882000480000000000e+08
5.494253715457988619e+03 1.495999898000000000e+09
5.512745702618647556e+03 3.845085077000000000e+09
5.472262581414285705e+03 4.045550358000000000e+09
5.509243901654296678e+03 1.031052840000000000e+09
5.493204269507878053e+03 8.191919300000000000e+08
5.485657914385657932e+03 3.996454395000000000e+09
5.494705281354225917e+03 1.844816560000000000e+09
5.510378386467254131e+03 2.018802890000000000e+09
5.485845408412340475e+03 2.207411093000000000e+09
5.522000412553165916e+03 3.291749816000000000e+09
5.510024906996885875e+03 3.797846417000000000e+09
5.488581807701926664e+03 3.448794900000000000e+08
5.463309073910479128e+03 3.093947828000000000e+09
5.509437564138233938e+03 2.407323764000000000e+09
5.484500680149995787e+03 3.825795650000000000e+09
5.472672998097548771e+03 3.219937773000000000e+09
5.497647558000719982e+03 2.048308106000000000e+09
5.511387157201729678e+03 2.801070995000000000e+09
5.486995133933327452e+03 1.816376198000000000e+09
5.506981238286755797e+03 4.618680210000000000e+08
5.470561678456851951e+03 1.113353970000000000e+09
5.514692510042481445e+03 6.151151990000000000e+08
5.493903542787328661e+03 1.364805428000000000e+09
5.531049712812367034e+03 2.522213132000000000e+09
5.465183274808754504e+03 4.067480700000000000e+07
5.517846775407394489e+03 3.659239477000000000e+09
5.466428065393010002e+03 2.540817949000000000e+09
5.526851125445484286e+03 3.068994290000000000e+09
5.509108375684810198e+03 2.984997678000000000e+09
5.493315055609271440e+03 3.972910194000000000e+09
5.484126339589677627e+03 2.775644940000000000e+09
5.486741677374785468e+03 7.692136380000000000e+08
5.489077622404593967e+03 2.306282243000000000e+09
5.490795636461225513e+03 4.033580830000000000e+08
5.538892950521101739e+03 2.045208580000000000e+09
5.468860034393150272e+03 2.057556320000000000e+09
5.463159389621292576e+03 9.814024570000000000e+08
5.493862438246457714e+03 9.495246600000000000e+08
5.506539691961600511e+03 2.663655155000000000e+09
5.468515054117457112e+03 8.931008740000000000e+08
5.494632107596926289e+03 4.202073737000000000e+09
5.434606628483244094e+03 2.185378889000000000e+09
5.479293373342881750e+03 1.073716591000000000e+09
5.521104998214692387e+03 2.295684819000000000e+09
5.496464191199152992e+03 2.085802698000000000e+09
5.496703127355796823e+03 6.883904270000000000e+08
5.501358408834834336e+03 1.470345939000000000e+09
5.505339917421912105e+03 2.862577210000000000e+08
5.513063868929927594e+03 5.007544550000000000e+08
5.499545207759534605e+03 1.523235197000000000e+09
5.498565457989079732e+03 3.906233857000000000e+09
5.473944408689961165e+03 3.031942472000000000e+09
5.495529347216030146e+03 3.922417919000000000e+09
5.500259549960475852e+03 1.801384085000000000e+09
5.500487535002863297e+03 1.344767964000000000e+09
5.470109216802603441e+03 4.274504595000000000e+09
5.506110246214228027e+03 4.300376510000000000e+08
5.496965996918877863e+03 1.756180800000000000e+07
5.493773640270152100e+03 6.351903910000000000e+08
5.518841462825717826e+03 3.061777523000000000e+09
5.489803316151856052e+03 2.828222682000000000e+09
5.473055583070067769e+03 3.180130374000000000e+09
5.495818147159608088e+03 3.650618510000000000e+08
5.483958596755501276e+03 1.892091308000000000e+09
5.473530379666008230e+03 3.294239537000000000e+09
5.498855117648866326e+03 6.018620800000000000e+07
5.518930712031613439e+03 1.409851814000000000e+09
5.547777734910814615e+03 4.075621964000000000e+09
5.501317768854451060e+03 3.493071635000000000e+09
5.472974387981839755e+03 2.294716733000000000e+09
5.481956451936652229e+03 1.819383303000000000e+09
5.506016594545125372e+03 7.392305000000000000e+08
5.498263225071619672e+03 2.314307827000000000e+09
5.499886327536485624e+03 1.121993275000000000e+09
5.517445133994693606e+03 2.899123680000000000e+09
5.458410276457952023e+03 2.928881927000000000e+09
5.523100926191250437e+03 9.690294240000000000e+08
5.486338152585500211e+03 1.262393470000000000e+09
5.490121691632395596e+03 2.319604605000000000e+09
5.511312000370779060e+03 5.779773590000000000e+08
5.475981516242506586e+03 3.382266021000000000e+09
5.520833447947329660e+03 1.553425948000000000e+09
5.469907837978860698e+03 1.532530905000000000e+09
5.520055015230655954e+03 2.736197701000000000e+09
5.493324420402835131e+03 1.021849118000000000e+09
5.499081514092117686e+03 2.008847108000000000e+09
5.528565221966921854e+03 3.070625740000000000e+08
5.530233420088914500e+03 2.038228475000000000e+09
5.470083729931650851e+03 1.292299768000000000e+09
5.519493106390064895e+03 3.464766000000000000e+09
5.496256812035741859e+03 2.866996459000000000e+09
5.480724481914030548e+03 9.904382340000000000e+08
5.467817119664136044e+03 5.850466750000000000e+08
5.508530888814812897e+03 1.212046926000000000e+09
5.514275026873946445e+03 1.197533133000000000e+09
5.514424357697447704e+03 7.733821210000000000e+08
5.499629460938740522e+03 7.545558420000000000e+08
5.506608733765209763e+03 3.917832767000000000e+09
5.519424754120364014e+03 2.415673668000000000e+09
5.501806260844316967e+03 9.915291050000000000e+08
5.527574816767611082e+03 3.423220893000000000e+09
5.500437274166151838e+03 2.691337666000000000e+09
5.506844132086505851e+03 2.948728074000000000e+09
5.467559486668523277e+03 1.691170163000000000e+09
5.513034441617604898e+03 4.270215300000000000e+09
5.489981388188707569e+03 1.818410714000000000e+09
5.481535755299702942e+03 1.099558437000000000e+09
5.539558582141387888e+03 3.042190380000000000e+09
5.489133765767521254e+03 2.115701296000000000e+09
5.472570300199971825e+03 2.751645072000000000e+09
5.501494222239125520e+03 3.731638706000000000e+09
5.538534657073076232e+03 4.281535380000000000e+08
5.492690806509783215e+03 1.018371603000000000e+09
5.537377179021265874e+03 1.716396913000000000e+09
5.477908172509442920e+03 4.229711864000000000e+09
5.485688293715012151e+03 3.152233554000000000e+09
5.473613733058478829e+03 4.334809420000000000e+08
5.531716717960465758e+03 2.902728289000000000e+09
5.495482861830611910e+03 3.720214194000000000e+09
5.455907750258003034e+03 3.575203620000000000e+09
5.490342189103919736e+03 2.513526023000000000e+09
5.513991195221547969e+03 1.201528966000000000e+09
5.489017116503338002e+03 1.667886018000000000e+09
5.525275554002524586e+03 9.719156600000000000e+07
5.486167134653545872e+03 2.820195968000000000e+09
5.515988061138923513e+03 7.259076860000000000e+08
5.481805753493625161e+03 3.014314699000000000e+09
5.465974596437852597e+03 4.100662273000000000e+09
5.471740610805165488e+03 6.571086550000000000e+08
5.494183346869444904e+03 7.748440730000000000e+08
5.461647008645903043e+03 3.756806589000000000e+09
5.491311796808255167e+03 7.872092620000000000e+08
5.540935568411187887e+03 3.667006020000000000e+08
5.501957840283412224e+03 8.384449090000000000e+08
5.501510117139054273e+03 1.631229986000000000e+09
5.498455876113771410e+03 2.765486925000000000e+09
5.506676112740523422e+03 3.352276199000000000e+09
5.487210493020975264e+03 4.029892667000000000e+09
5.521622176627300178e+03 2.802269686000000000e+09
5.508323550210709982e+03 8.222778400000000000e+08
5.505965186460752193e+03 1.904308282000000000e+09
5.480087705663245288e+03 3.898077098000000000e+09
5.503309743844716650e+03 1.461994521000000000e+09
5.506143806345757184e+03 3.457445829000000000e+09
5.533258938702986597e+03 1.413213281000000000e+09
5.495425172760156784e+03 4.246393370000000000e+09
5.491400968515889872e+03 8.009850700000000000e+07
5.492760302867822247e+03 4.335910970000000000e+08
5.484376337386237537e+03 1.796618333000000000e+09
5.435863626917935107e+03 6.481965170000000000e+08
5.507595168972804458e+03 3.302044379000000000e+09
5.472942409097685413e+03 3.945125031000000000e+09
5.474869489822659489e+03 6.078269400000000000e+07
5.506066976542066186e+03 3.266725730000000000e+09
5.511529089900237523e+03 3.627103275000000000e+09
5.512305706028946588e+03 1.005929493000000000e+09
5.483004237846204887e+03 5.835030920000000000e+08
5.475279911460524090e+03 3.418693612000000000e+09
5.520640909724388621e+03 2.557417200000000000e+08
5.492650243408703318e+03 3.208926260000000000e+08
5.441076781823369856e+03 1.981110979000000000e+09
5.517132190720561994e+03 3.839104218000000000e+09
5.496165464458177667e+03 7.042776190000000000e+08
5.500833111518020814e+03 1.746293041000000000e+09
5.501904881609035328e+03 4.164018505000000000e+09
5.498893190263082943e+03 1.045760001000000000e+09
5.492497195350723814e+03 3.864166529000000000e+09
5.470888720163771723e+03 7.091848520000000000e+08
5.489984219105707780e+03 3.103981600000000000e+09
5.473845972667029855e+03 1.116851705000000000e+09
5.477566754345500158e+03 3.335272265000000000e+09
5.480840026700730959e+03 1.125570918000000000e+09
5.515755141000878211e+03 3.269306739000000000e+09
5.459120337602636937e+03 1.276041490000000000e+08
5.463767023316661835e+03 2.882178135000000000e+09
5.508565822115833726e+03 1.336578047000000000e+09
5.479257453496906237e+03 9.471682040000000000e+08
5.522638881934217352e+03 1.824466993000000000e+09
5.507737958721105315e+03 4.214717317000000000e+09
5.505060090687153206e+03 1.143427408000000000e+09
5.487976303535603620e+03 1.335432387000000000e+09
5.487679894294527003e+03 1.645294360000000000e+09
5.474684801948786117e+03 2.073698239000000000e+09
5.477523493590291764e+03 3.999499702000000000e+09
5.493448476873179970e+03 3.544686893000000000e+09
5.512896449689353176e+03 4.052380560000000000e+09
5.488277118361163048e+03 1.144710742000000000e+09
5.520146441115883135e+03 1.820033889000000000e+09
5.520978421544640696e+03 3.829178240000000000e+09
5.471514593339988096e+03 3.819855160000000000e+08
5.522708346570877438e+03 4.273934500000000000e+08
5.506843445938271543e+03 1.122491509000000000e+09
5.525032161906310648e+03 3.628897234000000000e+09
5.489202745232183588e+03 2.712865951000000000e+09
5.480905146260869515e+03 1.168429303000000000e+09
5.506668458549943352e+03 1.323470353000000000e+09
5.466811163709589891e+03 1.963626168000000000e+09
5.503558869086260529e+03 4.027652475000000000e+09
5.506770703497302748e+03 5.665385370000000000e+08
5.498703634328392582e+03 3.043656233000000000e+09
5.468741158211927541e+03 3.003257160000000000e+08
5.515462779213464273e+03 1.046573868000000000e+09
5.514637089327141439e+03 2.646913587000000000e+09
5.478384925789190675e+03 3.152153210000000000e+09
5.498694439933327885e+03 1.779376960000000000e+09
5.502863135603563933e+03 3.047839073000000000e+09
5.502245271606149799e+03 4.177259511000000000e+09
5.438048401509905489e+03 2.863400715000000000e+09
5.534057843379245242e+03 2.730397537000000000e+09
5.510335766627167686e+03 5.198864230000000000e+08
5.490322306439837121e+03 1.110927280000000000e+08
5.510361359713479033e+03 3.040057438000000000e+09
5.527348083770461017e+03 4.019837603000000000e+09
5.499051101728859976e+03 3.887334610000000000e+09
5.456826669629258504e+03 1.384484455000000000e+09
5.482234523377636833e+03 1.630890260000000000e+08
5.483555997426135946e+03 5.184040700000000000e+08
5.470554889360176276e+03 4.036103173000000000e+09
5.466248240386642465e+03 4.015610887000000000e+09
5.506819507412817984e+03 9.949381210000000000e+08
5.467138167579909350e+03 1.724298452000000000e+09
5.485823353341762413e+03 4.918806070000000000e+08
5.510167041202212204e+03 1.190941410000000000e+09
5.509859682660856379e+03 2.197902220000000000e+08
5.501613986437670974e+03 3.491992398000000000e+09
5.401685456515014266e+03 1.419656948000000000e+09
5.526076418993830885e+03 3.728734903000000000e+09
5.529587436576365690e+03 2.606886705000000000e+09
5.499277172295885975e+03 1.389158500000000000e+08
5.492989284409552965e+03 1.276801086000000000e+09
5.494551359770689487e+03 2.016791523000000000e+09
5.506202923030371494e+03 2.300655857000000000e+09
5.508575718700154539e+03 1.098588891000000000e+09
5.489757633597392669e+03 1.079945393000000000e+09
5.497379962139451891e+03 2.539175761000000000e+09
5.466540991116712576e+03 1.315588711000000000e+09
5.506221002367821711e+03 1.444769630000000000e+09
5.514600881659961487e+03 2.258990804000000000e+09
5.533198222465054641e+03 7.730443680000000000e+08
5.516318994225913229e+03 1.024623314000000000e+09
5.503502968250889353e+03 3.351832224000000000e+09
5.490634068454070984e+03 1.416323065000000000e+09
5.504303952141352056e+03 1.361896620000000000e+09
5.522491953308469419e+03 6.401092700000000000e+07
5.502229946298406503e+03 2.682068404000000000e+09
5.489143267614432261e+03 4.037730948000000000e+09
5.527161828801129559e+03 2.254991066000000000e+09
5.512603683140883732e+03 2.581778446000000000e+09
5.486216313539018302e+03 1.916654837000000000e+09
5.476440785994731414e+03 1.008806986000000000e+09
5.523444937704441145e+03 3.659041038000000000e+09
5.489269405520904911e+03 9.756913480000000000e+08
5.500775946541672056e+03 1.551220777000000000e+09
5.488365955941932043e+03 1.027705382000000000e+09
5.504344168916421040e+03 2.565206370000000000e+09
5.501037327410759644e+03 2.421505684000000000e+09
5.502287904871019236e+03 9.481556400000000000e+08
5.524966900100873318e+03 1.175664085000000000e+09
5.523552629727193562e+03 3.438975582000000000e+09
5.521068703667868249e+03 3.973568703000000000e+09
5.484385943897821562e+03 3.867449350000000000e+08
5.460037991578000401e+03 2.987721081000000000e+09
5.525844320071163565e+03 5.875003210000000000e+08
5.505241994598321071e+03 2.557402606000000000e+09
5.494093334078132102e+03 4.847469920000000000e+08
5.455509163491810796e+03 1.341790649000000000e+09
5.512972068557844068e+03 2.685427970000000000e+08
5.481574586390900549e+03 6.707588470000000000e+08
5.529674829779187348e+03 2.220062013000000000e+09
5.524088939286373716e+03 3.704082548000000000e+09
5.500795108028274626e+03 3.621084670000000000e+08
5.512959417728922745e+03 2.985724687000000000e+09
5.477082047772664737e+03 2.394932667000000000e+09
5.538679437698951915e+03 2.384862239000000000e+09
5.472708249277195137e+03 3.667256471000000000e+09
5.476001609203707631e+03 2.962977233000000000e+09
5.513568196962899492e+03 2.757472229000000000e+09
5.450751730654081257e+03 3.579448180000000000e+09
5.485288741653236684e+03 2.325356219000000000e+09
5.493045047408958453e+03 1.718649810000000000e+08
5.511490738388663885e+03 2.838573918000000000e+09
5.501725224779573182e+03 2.328698838000000000e+09
5.512640426681153258e+03 2.532060045000000000e+09
5.466255977938288197e+03 1.500668890000000000e+08
5.497325025817049209e+03 4.809800060000000000e+08
5.535463734923136144e+03 3.141652820000000000e+08
5.507018823364261152e+03 2.067331902000000000e+09
5.511992163261978021e+03 1.469144600000000000e+09
5.518545344957756242e+03 3.344619228000000000e+09
5.522204873511659571e+03 1.251936051000000000e+09
5.496749759481172077e+03 2.653837794000000000e+09
5.484535414148393102e+03 2.554728468000000000e+09
5.466813902602450980e+03 7.763907500000000000e+08
5.473161568610418726e+03 8.258844930000000000e+08
5.480592622266216495e+03 3.696766535000000000e+09
5.491936744023334541e+03 3.092296008000000000e+09
5.527660683140707988e+03 3.970578780000000000e+08
5.487701555320200896e+03 1.540066498000000000e+09
5.537292043197094245e+03 4.266508395000000000e+09
5.474742945479943046e+03 3.793093563000000000e+09
5.496421241011982602e+03 1.882946675000000000e+09
5.486254603334951753e+03 3.314788409000000000e+09
5.538811391688598633e+03 2.493995041000000000e+09
5.507953743343060523e+03 2.746133650000000000e+09
5.542332293258032223e+03 4.246635722000000000e+09
5.510375433750105913e+03 2.050127697000000000e+09
5.482934017940960985e+03 1.197142586000000000e+09
5.522310255881686317e+03 2.990741397000000000e+09
5.488581401195027865e+03 3.703670111000000000e+09
5.501977590805780892e+03 2.014596927000000000e+09
5.528136184540140675e+03 2.373000775000000000e+09
5.489859049203630093e+03 2.154715966000000000e+09
5.487161554304373567e+03 3.214075640000000000e+08
5.481824344041758195e+03 1.080988243000000000e+09
5.472492248689415646e+03 2.767842889000000000e+09
5.487798119419593604e+03 1.708633680000000000e+08
5.487711006729901783e+03 2.292892487000000000e+09
5.497937927796367148e+03 9.244537620000000000e+08
5.513908818245648945e+03 3.933465744000000000e+09
5.509381196684291353e+03 2.988304902000000000e+09
5.481951722867554963e+03 1.109321846000000000e+09
5.473293689248004739e+03 4.247869444000000000e+09
5.504186822550250326e+03 2.830814457000000000e+09
5.517091195895079181e+03 1.138517497000000000e+09
5.538136431168036324e+03 1.940921360000000000e+09
5.495646569316993009e+03 2.716101958000000000e+09
5.496905779714823439e+03 8.315696710000000000e+08
5.508412427596698762e+03 2.108330522000000000e+09
5.489267260183996768e+03 3.713258722000000000e+09
5.508327067122053450e+03 2.323181578000000000e+09
5.499377773370930299e+03 2.559185855000000000e+09
5.505087336738235535e+03 2.310037356000000000e+09
5.511186745978419822e+03 8.358285100000000000e+07
5.493961656649065844e+03 4.255230789000000000e+09
5.522765547384375168e+03 3.297752800000000000e+09
5.457624518003311096e+03 1.848259283000000000e+09
5.497122327929231687e+03 9.952277980000000000e+08
5.515451500226507051e+03 1.590018549000000000e+09
5.502628566462637536e+03 7.597312330000000000e+08
5.499002919174613453e+03 1.747247802000000000e+09
5.519386910467665075e+03 1.396946492000000000e+09
5.493339550319695263e+03 3.170488500000000000e+09
5.499079889130902302e+03 2.492414941000000000e+09
