# Lens_likelihood 	 seed
5.471282270393878207e+03 3.129905511000000000e+09
5.413190454009156383e+03 9.524204010000000000e+08
5.446718043208124072e+03 3.606474141000000000e+09
5.465491553432690125e+03 1.370240290000000000e+09
5.481108590725695649e+03 1.073382334000000000e+09
5.470137724431793686e+03 5.380408610000000000e+08
5.479220046579798691e+03 1.598672164000000000e+09
5.462967197575198952e+03 2.128403336000000000e+09
5.416278582620912857e+03 7.777935100000000000e+07
5.485499608865130540e+03 1.241401938000000000e+09
5.447174233925512453e+03 4.265925955000000000e+09
5.496582473350776127e+03 2.478375437000000000e+09
5.459139721521663887e+03 3.172171599000000000e+09
5.474083217632853120e+03 1.107502396000000000e+09
5.486888995407478433e+03 2.253828106000000000e+09
5.462470261852216026e+03 3.228711212000000000e+09
5.462815694785193955e+03 2.129617962000000000e+09
5.479969684095629418e+03 3.005583529000000000e+09
5.471608745043452473e+03 3.240782734000000000e+09
5.465221399522427419e+03 1.857279243000000000e+09
5.439680744628842149e+03 6.903764560000000000e+08
5.437797505453654594e+03 2.850056910000000000e+09
5.463021017717257564e+03 8.151904380000000000e+08
5.416366095087902067e+03 2.373207640000000000e+09
5.440983123309732946e+03 2.058443363000000000e+09
5.458364328367909366e+03 2.748947655000000000e+09
5.433486907839988817e+03 1.132010343000000000e+09
5.427659468056178412e+03 3.003401547000000000e+09
5.465509370646320349e+03 2.763491592000000000e+09
5.464756141207899418e+03 9.632797350000000000e+08
5.454487996271383963e+03 1.186804864000000000e+09
5.456338348422109448e+03 2.426644631000000000e+09
5.471264378251262315e+03 2.499744379000000000e+09
5.462647879920896230e+03 3.074510075000000000e+09
5.451253055128748201e+03 3.137563336000000000e+09
5.448996317216493480e+03 2.474268670000000000e+08
5.496005493996847690e+03 3.930141341000000000e+09
5.460810527899878252e+03 2.402279693000000000e+09
5.459936928106025334e+03 1.047995146000000000e+09
5.467437018001207434e+03 1.396486288000000000e+09
5.469774995678566484e+03 4.281714219000000000e+09
5.450219323759964027e+03 4.086230465000000000e+09
5.445461704788523093e+03 1.759500646000000000e+09
5.458651036817064778e+03 1.870682138000000000e+09
5.446526055481329422e+03 3.825173140000000000e+09
5.457009520833291390e+03 1.807303750000000000e+09
5.455860992466665266e+03 2.642332572000000000e+09
5.440306672512667319e+03 3.507945351000000000e+09
5.442470084816603958e+03 1.425415335000000000e+09
5.447546730234584174e+03 2.633731859000000000e+09
5.436656828568367018e+03 3.954325771000000000e+09
5.461222793954289955e+03 2.786838860000000000e+08
5.462650569720057320e+03 1.981221758000000000e+09
5.454903948946252058e+03 2.751774766000000000e+09
5.456220731954754228e+03 3.752138233000000000e+09
5.458272229802760194e+03 1.943347608000000000e+09
5.475902719552338567e+03 3.218765108000000000e+09
5.446144207255198125e+03 2.001271737000000000e+09
5.468117359003070305e+03 1.558023594000000000e+09
5.451861771576047431e+03 3.104393332000000000e+09
5.449648698432311903e+03 3.850055364000000000e+09
5.468635847577656023e+03 2.942519490000000000e+09
5.425411306007780695e+03 3.891812735000000000e+09
5.435810402545335819e+03 2.636433880000000000e+09
5.476342580919239481e+03 2.659575679000000000e+09
5.437918175170457289e+03 1.864230304000000000e+09
5.448776163908172748e+03 2.886147430000000000e+08
5.450040817941046043e+03 4.282464200000000000e+08
5.439707311275141365e+03 2.641528693000000000e+09
5.446799815843151919e+03 4.831650770000000000e+08
5.452766979502261165e+03 2.625184653000000000e+09
5.471667683745412432e+03 1.829459095000000000e+09
5.454999174204148403e+03 2.880942422000000000e+09
5.430737802446730711e+03 3.445063887000000000e+09
5.477105765315056487e+03 4.079126057000000000e+09
5.489938408689317839e+03 2.369495357000000000e+09
5.405400832745372099e+03 2.568693789000000000e+09
5.445024138380215845e+03 1.924970970000000000e+08
5.462963073116985470e+03 8.932116700000000000e+07
5.447913907987113816e+03 1.847490298000000000e+09
5.444784718938955848e+03 1.142226456000000000e+09
5.458496950731620018e+03 2.488521167000000000e+09
5.431741705781306337e+03 4.124646731000000000e+09
5.428917403632620335e+03 4.404639050000000000e+08
5.448095679987110998e+03 1.107406394000000000e+09
5.445767093534921514e+03 4.023826876000000000e+09
5.458763107245046740e+03 2.159894217000000000e+09
5.442747603516519121e+03 1.358450485000000000e+09
5.463756755219972547e+03 1.694668207000000000e+09
5.447838371550731608e+03 2.695450642000000000e+09
5.446172032818115440e+03 3.785715559000000000e+09
5.452789513161656942e+03 2.083082318000000000e+09
5.467500224618552238e+03 2.411904988000000000e+09
5.452046162855183866e+03 1.223290352000000000e+09
5.436711545968774772e+03 4.077308685000000000e+09
5.474125178883692570e+03 1.009366089000000000e+09
5.465777811487459985e+03 2.964926975000000000e+09
5.461035570720418036e+03 1.857832603000000000e+09
5.463571753647767764e+03 2.437715123000000000e+09
5.428821904206691215e+03 2.074989055000000000e+09
5.441272204657079783e+03 8.045272590000000000e+08
5.431508911350769267e+03 1.626389870000000000e+08
5.451546870360452886e+03 4.121079416000000000e+09
5.439981591849063079e+03 1.704955642000000000e+09
5.454280256119579462e+03 1.724987564000000000e+09
5.471175299322485444e+03 1.673434392000000000e+09
5.453896313192833077e+03 2.440730743000000000e+09
5.458167333421212788e+03 2.480530478000000000e+09
5.451197986136601685e+03 1.427637725000000000e+09
5.451845427618009126e+03 1.251809155000000000e+09
5.451878906370639015e+03 3.962761734000000000e+09
5.482675992473879887e+03 1.296790190000000000e+09
5.442964130604688762e+03 1.561565528000000000e+09
5.450109066570426876e+03 2.536119105000000000e+09
5.409715896953561241e+03 3.743182547000000000e+09
5.453521261625418447e+03 1.213256596000000000e+09
5.455141272410821330e+03 7.660250890000000000e+08
5.422233336936258638e+03 2.413247304000000000e+09
5.450538083248772637e+03 3.909524166000000000e+09
5.465639052313426873e+03 4.219530210000000000e+09
5.472341052211983879e+03 3.905033440000000000e+08
5.431485728958855361e+03 1.880340669000000000e+09
5.400489265731401247e+03 2.534727854000000000e+09
5.443797951220646610e+03 4.015905790000000000e+09
5.418683758826573467e+03 3.942511537000000000e+09
5.477167248019163708e+03 3.522254970000000000e+09
5.443571964735525398e+03 2.912259846000000000e+09
5.454401554278510957e+03 2.183156610000000000e+09
5.418879085787784788e+03 2.927558110000000000e+09
5.469407209216687988e+03 4.272643975000000000e+09
5.451061350648891676e+03 3.115893641000000000e+09
5.428897272024612903e+03 3.742920755000000000e+09
5.455963825257287681e+03 1.098807180000000000e+09
5.443562768839307864e+03 4.232730899000000000e+09
5.436215011685731952e+03 2.937959872000000000e+09
5.478508518956622538e+03 4.914597770000000000e+08
5.438842070697028248e+03 1.455457426000000000e+09
5.458116407014233118e+03 1.142033266000000000e+09
5.447628806577269643e+03 3.700215761000000000e+09
5.456025722457639858e+03 2.195646993000000000e+09
5.448347232226888082e+03 1.312144410000000000e+09
5.457694991556852983e+03 1.261474611000000000e+09
5.488224103780295081e+03 2.163005400000000000e+08
5.434034877012865763e+03 6.020242600000000000e+08
5.420297274264103180e+03 3.398865486000000000e+09
5.439283592034016692e+03 3.890184649000000000e+09
5.459819069279876203e+03 2.945306507000000000e+09
5.447075744392679553e+03 3.522405539000000000e+09
5.464773789412708538e+03 1.648278493000000000e+09
5.452219126833182600e+03 3.350124026000000000e+09
5.464435788993665483e+03 5.700640500000000000e+07
5.431262311496585426e+03 7.801366830000000000e+08
5.452790011381592194e+03 2.790352772000000000e+09
5.436809866332178899e+03 6.095345770000000000e+08
5.427953534514211242e+03 2.462751581000000000e+09
5.458609447493785410e+03 3.567269710000000000e+09
5.457906917532419357e+03 7.166444950000000000e+08
5.455041203795090041e+03 6.963986420000000000e+08
5.443713777129116352e+03 1.282065114000000000e+09
5.464669846930621134e+03 3.952176570000000000e+09
5.431487643956601460e+03 3.674434700000000000e+09
5.483059447379634548e+03 3.026287323000000000e+09
5.489978350238208805e+03 2.986509638000000000e+09
5.436538104353811832e+03 3.620121334000000000e+09
5.463342136929119988e+03 2.508489120000000000e+09
5.447329616328740485e+03 3.627125590000000000e+09
5.425465975503373556e+03 3.128476992000000000e+09
5.450616283790564012e+03 1.071022260000000000e+08
5.479416164989906065e+03 9.998245100000000000e+08
5.464561180627606518e+03 2.181909225000000000e+09
5.454929528951798602e+03 7.314649940000000000e+08
5.418452026862498315e+03 2.536455210000000000e+08
5.475809432462559016e+03 2.091024650000000000e+08
5.468521840838817297e+03 2.572320461000000000e+09
5.465673744286836154e+03 2.536657292000000000e+09
5.486592521092920833e+03 4.001429664000000000e+09
5.455032463959341840e+03 3.382580636000000000e+09
5.479385533248698266e+03 8.325613480000000000e+08
5.448480442908183250e+03 7.597957540000000000e+08
5.438872126334982568e+03 3.719487266000000000e+09
5.440951218679658268e+03 1.613214803000000000e+09
5.465362656866144789e+03 1.063627774000000000e+09
5.452587044601671550e+03 1.865663652000000000e+09
5.447868357726622889e+03 3.320913741000000000e+09
5.443273414809023961e+03 1.326634852000000000e+09
5.472698247013398031e+03 1.317091954000000000e+09
5.490373662004810285e+03 2.919365514000000000e+09
5.448142920214902006e+03 5.834244470000000000e+08
5.441849213419889566e+03 2.272561008000000000e+09
5.462150540687687680e+03 2.395540627000000000e+09
5.391842028696470152e+03 1.974769695000000000e+09
5.419936117278220991e+03 3.676157096000000000e+09
5.445020010324960822e+03 1.621287452000000000e+09
5.438577806367185985e+03 1.840822305000000000e+09
5.482227247510464622e+03 1.273048585000000000e+09
5.442880774168610515e+03 3.122852119000000000e+09
5.455079483297676234e+03 2.744759339000000000e+09
5.462201280521663648e+03 1.022975900000000000e+07
5.413710444201828068e+03 9.372685760000000000e+08
5.458071496922134429e+03 1.528143401000000000e+09
5.444628370953579179e+03 3.068666081000000000e+09
5.471312314605522261e+03 2.976388140000000000e+08
5.460703181684362789e+03 8.186463000000000000e+06
5.442195738125032221e+03 1.875704849000000000e+09
5.430204623826598436e+03 4.137048120000000000e+09
5.454416579903569072e+03 8.511948860000000000e+08
5.435762897291618174e+03 3.140205910000000000e+08
5.459834158436437974e+03 3.226009193000000000e+09
5.428120880155523082e+03 3.020475050000000000e+09
5.444878377850869583e+03 8.808718720000000000e+08
5.452254044126247209e+03 7.293682870000000000e+08
5.460792061241180818e+03 3.172058771000000000e+09
5.473213225588000569e+03 2.054071287000000000e+09
5.459162739734919342e+03 2.741610951000000000e+09
5.468914411249636032e+03 1.965657852000000000e+09
5.468629504241002905e+03 2.823001800000000000e+08
5.437940211350938625e+03 2.146429738000000000e+09
5.423512037308040817e+03 3.247915790000000000e+08
5.441535170620143617e+03 2.669931597000000000e+09
5.472097556171494944e+03 3.591112617000000000e+09
5.439333577777077153e+03 2.418641022000000000e+09
5.450259871565626781e+03 1.850878091000000000e+09
5.453164271609410207e+03 5.182291300000000000e+07
5.455636778698907619e+03 1.825746005000000000e+09
5.441458033863113087e+03 3.628682320000000000e+09
5.470037873747160120e+03 2.467476384000000000e+09
5.483820596572585600e+03 3.863467263000000000e+09
5.466478747156877944e+03 2.682897854000000000e+09
5.444706837949881447e+03 8.943507600000000000e+07
5.479526169551083512e+03 3.737101630000000000e+08
5.437777112469608255e+03 3.256053348000000000e+09
5.442617122976615974e+03 3.272830592000000000e+09
5.449564929105584270e+03 3.967453456000000000e+09
5.418023192562333861e+03 3.637496479000000000e+09
5.426953544724005042e+03 2.753914690000000000e+09
5.404779708024282627e+03 4.301537100000000000e+07
5.459047685511339296e+03 2.662642720000000000e+08
5.447087014174668184e+03 4.061185362000000000e+09
5.454662538190339546e+03 1.233793860000000000e+08
5.458275717993284161e+03 1.679610106000000000e+09
5.427565546925888157e+03 3.593253669000000000e+09
5.470896743910337136e+03 3.592790075000000000e+09
5.464484983285208727e+03 4.069180000000000000e+08
5.440829902804291123e+03 2.586706073000000000e+09
5.439404673877150344e+03 3.300187552000000000e+09
5.422746481585487345e+03 2.812013198000000000e+09
5.448344317054299609e+03 3.280368944000000000e+09
5.449418561289098761e+03 2.358072247000000000e+09
5.437796941799178967e+03 3.514920217000000000e+09
5.461543934475968854e+03 2.404086067000000000e+09
5.475096941566861460e+03 3.629786681000000000e+09
5.448516229753805419e+03 1.417081723000000000e+09
5.463401049306537971e+03 3.576584145000000000e+09
5.459389262700078689e+03 1.751956546000000000e+09
5.469873843018563093e+03 4.274589823000000000e+09
5.449089307416049451e+03 7.328696020000000000e+08
5.468722057487374514e+03 3.501277035000000000e+09
5.442340552289368134e+03 1.695458654000000000e+09
5.461175094739356609e+03 9.034839060000000000e+08
5.456322297646793231e+03 1.897009836000000000e+09
5.451330963514097675e+03 2.627227310000000000e+08
5.451513745361641668e+03 4.400558000000000000e+06
5.453575812005653461e+03 3.159966548000000000e+09
5.454393766893534121e+03 2.303106924000000000e+09
5.464926473015610100e+03 2.911629040000000000e+09
5.420402082377536317e+03 4.351617780000000000e+08
5.468025478253444817e+03 2.953496184000000000e+09
5.463667134395448556e+03 4.104777716000000000e+09
5.456019722535461369e+03 2.313806124000000000e+09
5.449178198379668174e+03 1.371150186000000000e+09
5.448679091231400889e+03 3.955383273000000000e+09
5.429054828699350765e+03 9.847008590000000000e+08
5.456158504734406961e+03 3.946257499000000000e+09
5.440407026518971179e+03 7.214310130000000000e+08
5.443489472877297885e+03 3.154538477000000000e+09
5.450329480128373689e+03 2.858100458000000000e+09
5.447816416589688743e+03 2.119913306000000000e+09
5.438671226706959715e+03 4.287342337000000000e+09
5.435694462049353206e+03 3.851219788000000000e+09
5.453048498451152227e+03 2.939266732000000000e+09
5.425076810604434286e+03 6.947450560000000000e+08
5.470475960788845441e+03 9.170305080000000000e+08
5.458499001939428126e+03 1.640983044000000000e+09
5.441815742093810513e+03 1.058015205000000000e+09
5.479975271431656438e+03 1.793558084000000000e+09
5.417087898404552107e+03 3.972162063000000000e+09
5.404767597017749722e+03 3.066427664000000000e+09
5.450249328200939090e+03 2.111103422000000000e+09
5.452446415479676034e+03 3.285119762000000000e+09
5.470206032869904448e+03 1.626838984000000000e+09
5.461530804103804257e+03 3.235381889000000000e+09
5.445609511453093546e+03 2.840194345000000000e+09
5.436755521213179236e+03 3.786075492000000000e+09
5.411877728215762545e+03 1.721201798000000000e+09
5.460542161168783423e+03 1.820355183000000000e+09
5.436659498999754760e+03 6.545294600000000000e+07
5.457845331729276950e+03 1.456480615000000000e+09
5.474749731063835497e+03 3.734162000000000000e+09
5.507872952625642938e+03 1.113001020000000000e+09
5.479919083476590458e+03 2.949864587000000000e+09
5.448292374176522571e+03 3.550493429000000000e+09
5.459420406532895868e+03 1.224496118000000000e+09
5.460979594694776097e+03 3.544159135000000000e+09
5.463952849563212112e+03 2.340406899000000000e+09
5.438299586920647016e+03 3.782088779000000000e+09
5.449050689319920821e+03 2.550650997000000000e+09
5.437446387046233212e+03 3.320028110000000000e+09
5.432232791632545741e+03 3.013503968000000000e+09
5.396970006274586922e+03 1.715582929000000000e+09
5.472439161156292357e+03 1.633342007000000000e+09
5.471199347277617562e+03 1.304383380000000000e+09
5.425482591309188138e+03 2.313499070000000000e+08
5.447334791884506558e+03 3.090802023000000000e+09
5.432526025691062387e+03 8.761411700000000000e+08
5.460337421419730163e+03 3.989117282000000000e+09
5.436794188701453095e+03 3.421847779000000000e+09
5.453862911941725542e+03 2.372949002000000000e+09
5.452456921122899985e+03 4.131874276000000000e+09
5.442556626027751918e+03 3.396387363000000000e+09
5.464179700878330550e+03 1.015055263000000000e+09
5.466316022572728798e+03 2.331694597000000000e+09
5.435104501337962574e+03 3.043865487000000000e+09
5.450492682858190165e+03 1.408893075000000000e+09
5.455455374882430078e+03 3.306725275000000000e+09
5.448859022417898814e+03 7.514819110000000000e+08
5.458280399339078940e+03 2.782137979000000000e+09
5.434338829258398619e+03 2.359226783000000000e+09
5.467472201761112956e+03 4.734410450000000000e+08
5.457211926530454548e+03 4.278248952000000000e+09
5.454849377132158224e+03 3.751437394000000000e+09
5.441483535346040298e+03 4.037392452000000000e+09
5.444409435208803188e+03 1.605599220000000000e+08
5.447733197688725340e+03 1.494988686000000000e+09
5.471399932115917181e+03 1.858323640000000000e+09
5.483565729006888432e+03 3.196630855000000000e+09
5.429092311170710673e+03 4.112264112000000000e+09
5.432241785630145387e+03 4.543195700000000000e+08
5.457692042625149043e+03 4.262288001000000000e+09
5.429413789295344031e+03 3.464130860000000000e+09
5.493771147275383555e+03 1.019205689000000000e+09
5.457521134565304237e+03 8.131330710000000000e+08
5.459220707254207809e+03 1.193490390000000000e+09
5.483660095600479508e+03 2.365645668000000000e+09
5.438524196007335377e+03 3.448149375000000000e+09
5.457877603773234114e+03 8.298496020000000000e+08
5.441097695167308302e+03 3.495084499000000000e+09
5.434062304159453561e+03 3.693988525000000000e+09
5.449990058674682587e+03 1.566888220000000000e+08
5.459356815512558569e+03 9.804106000000000000e+06
5.472377481304873982e+03 2.913683559000000000e+09
