# Lens_likelihood 	 seed
5.725956994311273775e+03 1.116819982000000000e+09
5.679760831438476089e+03 2.728997874000000000e+09
5.676087860148036270e+03 4.762173620000000000e+08
5.665367079320853009e+03 4.208949532000000000e+09
5.678852008122647021e+03 9.291384570000000000e+08
5.666974938829511302e+03 2.786878644000000000e+09
5.709736551981101002e+03 6.750153980000000000e+08
5.704969224750193462e+03 2.224714540000000000e+09
5.690912566782943031e+03 2.191849173000000000e+09
5.705277329581314916e+03 2.802616321000000000e+09
5.698572675042570154e+03 2.195515509000000000e+09
5.656586634284560205e+03 3.131417540000000000e+08
5.661621520351682193e+03 3.301756941000000000e+09
5.686418830419057485e+03 2.230001671000000000e+09
5.705973914273321498e+03 2.802020166000000000e+09
5.697248182566140713e+03 3.833042329000000000e+09
5.663270752148659085e+03 4.233582398000000000e+09
5.675218243295298635e+03 2.697050040000000000e+08
5.642594116498140465e+03 2.172471560000000000e+08
5.644552686398352307e+03 1.608735951000000000e+09
5.682441540206906211e+03 1.296866206000000000e+09
5.681804798505751933e+03 2.741124013000000000e+09
5.705704122824817205e+03 1.158199251000000000e+09
5.735021668509185474e+03 4.145792081000000000e+09
5.643471890445140161e+03 3.428455935000000000e+09
5.695241453505877871e+03 1.436688129000000000e+09
5.664948847037139785e+03 3.512270830000000000e+09
5.698080661236701417e+03 1.658503976000000000e+09
5.689342223247183938e+03 3.540368761000000000e+09
5.685696336580724164e+03 3.086214484000000000e+09
5.689244298737572535e+03 3.663470459000000000e+09
5.689749835409680600e+03 3.336746848000000000e+09
5.691480869659906602e+03 3.785284325000000000e+09
5.672430216678162651e+03 2.999577675000000000e+09
5.677635800850050146e+03 1.321462034000000000e+09
5.690758738038193769e+03 3.643379293000000000e+09
5.696833382192855424e+03 4.765036210000000000e+08
5.680777672659682139e+03 2.995516546000000000e+09
5.690892306906613157e+03 1.539150064000000000e+09
5.683524202355042689e+03 2.887952827000000000e+09
5.702778029271758896e+03 3.641735982000000000e+09
5.670437677354650077e+03 2.694270323000000000e+09
5.693394061309555582e+03 2.717430610000000000e+08
5.697845261266074885e+03 1.611857591000000000e+09
5.699869954883670289e+03 1.360969222000000000e+09
5.672417368757895929e+03 6.365886500000000000e+08
5.672152347624271897e+03 1.882132703000000000e+09
5.693720480324211167e+03 4.057738813000000000e+09
5.684503937889807275e+03 2.412909528000000000e+09
5.668500528026046595e+03 1.970984982000000000e+09
5.657290351903724513e+03 3.834127267000000000e+09
5.693729186426842716e+03 4.055836352000000000e+09
5.674762565041452035e+03 2.522124361000000000e+09
5.694477001028044469e+03 7.825287260000000000e+08
5.685231123017574646e+03 1.199542139000000000e+09
5.694175897829245514e+03 3.191280575000000000e+09
5.692295650814998226e+03 2.978757429000000000e+09
5.685761899887127583e+03 2.346082981000000000e+09
5.675866407019788312e+03 9.347658760000000000e+08
5.696269391788888242e+03 2.695019871000000000e+09
5.672408331771079247e+03 3.787327070000000000e+09
5.696436357706329545e+03 2.268921037000000000e+09
5.687267678864312984e+03 1.838783504000000000e+09
5.660486886637407224e+03 2.738039799000000000e+09
5.680002709655886065e+03 2.755606004000000000e+09
5.696727626509471520e+03 2.800141701000000000e+09
5.704851239178612559e+03 3.860479699000000000e+09
5.705091361844059065e+03 3.196458424000000000e+09
5.696028704700882372e+03 2.699526791000000000e+09
5.704574475733774307e+03 3.043388677000000000e+09
5.693609092658241025e+03 1.324053853000000000e+09
5.668184495150344446e+03 1.428507140000000000e+09
5.684075146432512156e+03 3.814925471000000000e+09
5.672452294569031437e+03 3.675632779000000000e+09
5.688860253773251316e+03 1.822898909000000000e+09
5.695436637722121304e+03 3.875400519000000000e+09
5.675115343326458060e+03 8.583333360000000000e+08
5.700636400328507079e+03 6.337764930000000000e+08
5.671995409721011129e+03 2.993137722000000000e+09
5.687277858612626005e+03 2.972045284000000000e+09
5.707589371076390307e+03 8.711662340000000000e+08
5.695656059729519257e+03 3.365722499000000000e+09
5.692526863124069678e+03 1.333967368000000000e+09
5.699720211706246118e+03 2.188762230000000000e+09
5.701343192797863594e+03 1.944883848000000000e+09
5.658110032578806567e+03 1.166446048000000000e+09
5.686117045109556784e+03 2.059520534000000000e+09
5.681525896814870066e+03 1.459903910000000000e+08
5.688402180256945940e+03 3.588114393000000000e+09
5.701781833100125368e+03 3.905746566000000000e+09
5.678291945273696911e+03 1.016865616000000000e+09
5.668159497018898037e+03 1.347656085000000000e+09
5.718827372660765832e+03 1.749327435000000000e+09
5.703533560973581189e+03 4.095071554000000000e+09
5.688957400776898794e+03 3.653487620000000000e+08
5.711903348041803838e+03 2.889912655000000000e+09
5.716778780148937585e+03 1.824124508000000000e+09
5.699540480130464857e+03 1.978078926000000000e+09
5.678370559848346602e+03 6.114241070000000000e+08
5.697875645155958409e+03 8.089573230000000000e+08
5.699053469514490644e+03 7.299945670000000000e+08
5.652383474142332489e+03 2.274497737000000000e+09
5.661983030779851106e+03 2.470526190000000000e+09
5.706682642422370918e+03 5.013720330000000000e+08
5.686100688441979401e+03 1.239620049000000000e+09
5.678487002481717354e+03 2.502204850000000000e+09
5.701177308269599962e+03 4.134759018000000000e+09
5.686519448865919912e+03 1.563498307000000000e+09
5.693999677114582482e+03 7.991060520000000000e+08
5.684988015594244644e+03 3.856814845000000000e+09
5.686945256043329209e+03 2.418046683000000000e+09
5.682238395063305688e+03 2.408196283000000000e+09
5.701394970391018433e+03 1.565526559000000000e+09
5.713683092411996768e+03 3.837465081000000000e+09
5.680067467386056705e+03 3.241634811000000000e+09
5.699373221413217834e+03 3.390116471000000000e+09
5.679071187308504705e+03 3.860833022000000000e+09
5.657024193051213842e+03 2.776686065000000000e+09
5.671350680788611498e+03 1.000443303000000000e+09
5.653877259797310217e+03 3.739056520000000000e+08
5.693008159757277099e+03 3.529448370000000000e+08
5.703446971697977460e+03 9.380074700000000000e+07
5.715951659616617690e+03 6.018716910000000000e+08
5.693739064506801697e+03 6.481572990000000000e+08
5.675764025684224180e+03 3.980411214000000000e+09
5.705960971307010368e+03 2.252258569000000000e+09
5.653050050059740897e+03 1.347354320000000000e+08
5.674178461925152078e+03 3.735198227000000000e+09
5.678329128577063784e+03 2.883582002000000000e+09
5.664268197647599663e+03 1.522537400000000000e+08
5.674777394032296797e+03 3.920630694000000000e+09
5.675021527943508772e+03 6.011589520000000000e+08
5.665350673695467776e+03 3.147192325000000000e+09
5.688660410037515248e+03 4.060494062000000000e+09
5.692751811978694604e+03 3.413714566000000000e+09
5.686070971416097564e+03 1.529252209000000000e+09
5.669262262469821508e+03 7.865820110000000000e+08
5.699370085510432546e+03 3.311046040000000000e+09
5.688368934457765135e+03 2.639066768000000000e+09
5.698155121578940452e+03 2.099192975000000000e+09
5.699547067236733710e+03 2.402452036000000000e+09
5.696392813471041336e+03 1.414457130000000000e+09
5.692970266646685559e+03 3.021727590000000000e+08
5.677819176437008537e+03 9.126414820000000000e+08
5.672114865455578183e+03 1.357184557000000000e+09
5.691110202849306006e+03 5.643899770000000000e+08
5.675990599326132724e+03 2.645461878000000000e+09
5.682549332284462253e+03 3.946181193000000000e+09
5.626481767488705373e+03 3.452198500000000000e+09
5.681971760888493009e+03 2.050196562000000000e+09
5.699462669174094117e+03 7.939469010000000000e+08
5.668183997108606491e+03 1.313966151000000000e+09
5.665813266451704294e+03 7.975755610000000000e+08
5.683738261321488608e+03 3.662621970000000000e+09
5.666579841778080663e+03 1.452377286000000000e+09
5.682180882001011923e+03 4.087959750000000000e+09
5.712520610326122551e+03 3.802584140000000000e+09
5.665469511985429563e+03 1.654916591000000000e+09
5.653643122085692994e+03 7.453881620000000000e+08
5.672786189606606968e+03 2.108957134000000000e+09
5.680830413737910931e+03 3.555552950000000000e+09
5.696701448813406387e+03 2.926501904000000000e+09
5.698939416925361002e+03 2.164584368000000000e+09
5.713061153094520705e+03 6.291615180000000000e+08
5.680123087495960135e+03 1.766346768000000000e+09
5.666140049949013701e+03 3.053758099000000000e+09
5.688483856378767086e+03 2.181710601000000000e+09
5.707253619000053732e+03 2.969566382000000000e+09
5.677651457859354196e+03 1.248255217000000000e+09
5.677320842369786988e+03 2.784229557000000000e+09
5.707241480480126484e+03 3.275617930000000000e+09
5.671584678718780197e+03 3.477933384000000000e+09
5.701820604201443530e+03 1.387544678000000000e+09
5.706250609690468991e+03 2.266459873000000000e+09
5.683884338189266600e+03 3.194595534000000000e+09
5.685708866635357481e+03 3.902695473000000000e+09
5.685030956460501329e+03 1.376661364000000000e+09
5.644588876069040452e+03 6.003997710000000000e+08
5.668683324620547864e+03 1.017234895000000000e+09
5.685575797134917593e+03 3.991927560000000000e+09
5.644685938009933125e+03 3.767548574000000000e+09
5.684436676401202931e+03 2.040961313000000000e+09
5.703334797829503259e+03 1.235501310000000000e+08
5.696835665541273556e+03 4.010718207000000000e+09
5.683750217280014112e+03 1.261852093000000000e+09
5.669919497913649138e+03 4.106239144000000000e+09
5.685231780870852162e+03 5.287126410000000000e+08
5.704911651626078310e+03 1.532465464000000000e+09
5.702940962894604127e+03 1.522430091000000000e+09
5.717655119430617560e+03 1.547211967000000000e+09
5.673908577072063053e+03 9.342778690000000000e+08
5.685465258060226915e+03 3.945119937000000000e+09
5.658694475354917813e+03 7.748442190000000000e+08
5.681288948560961217e+03 2.569452340000000000e+08
5.686101960804956434e+03 4.151252652000000000e+09
5.696740543224663270e+03 1.254487506000000000e+09
5.669320294858630405e+03 3.435908504000000000e+09
5.681866056660647700e+03 2.864491194000000000e+09
5.713926747170220551e+03 1.184073003000000000e+09
5.661461219135118881e+03 8.526971980000000000e+08
5.687007532380040175e+03 1.921804971000000000e+09
5.679126618616790438e+03 4.002188970000000000e+09
5.667455924107567625e+03 2.803868470000000000e+08
5.685858884496605242e+03 3.439335340000000000e+08
5.686854726403626046e+03 2.475161598000000000e+09
5.661885121376530151e+03 4.078450102000000000e+09
5.690332398822232790e+03 2.486311776000000000e+09
5.672405598585205553e+03 2.312922232000000000e+09
5.691388113860313752e+03 1.871975060000000000e+08
5.680753268895465226e+03 9.956743670000000000e+08
5.676328922505403170e+03 1.847475735000000000e+09
5.662532167318555366e+03 7.420978770000000000e+08
5.665360522322657744e+03 3.698810603000000000e+09
5.720555338830738037e+03 3.442037125000000000e+09
5.651715117168831057e+03 8.428726910000000000e+08
5.707474579779930536e+03 1.516930607000000000e+09
5.671165454632213368e+03 2.879472172000000000e+09
5.683610212206624965e+03 6.854790550000000000e+08
5.700016788882821857e+03 2.639896086000000000e+09
5.669608812317319462e+03 3.154227324000000000e+09
5.668686374706923743e+03 4.204477108000000000e+09
5.671549395529951653e+03 7.293997800000000000e+07
5.695026240840337778e+03 1.535970570000000000e+09
5.708392739243563483e+03 5.553432000000000000e+06
5.657503622840156822e+03 3.511598512000000000e+09
5.638232893211105875e+03 1.967805170000000000e+09
5.706750683245688379e+03 2.579096217000000000e+09
5.694142481008464529e+03 3.462571664000000000e+09
5.685526342738631683e+03 2.698014080000000000e+08
5.723637840874936956e+03 1.859283359000000000e+09
5.692370823090685008e+03 1.120530227000000000e+09
5.681999837867504539e+03 5.831288680000000000e+08
5.706340546194698618e+03 4.122970063000000000e+09
5.680265313587849050e+03 4.301423560000000000e+08
5.683844485227020414e+03 2.424411856000000000e+09
5.658288545253636585e+03 1.406124040000000000e+08
5.671196816554394900e+03 1.966946008000000000e+09
5.673166133163462291e+03 3.419637827000000000e+09
5.682425670987122430e+03 3.607692735000000000e+09
5.696478320016516591e+03 9.493558480000000000e+08
5.703746481664344174e+03 3.269851725000000000e+09
5.698372083982241747e+03 3.411056644000000000e+09
5.674168813363952722e+03 3.150393089000000000e+09
5.712398891303913842e+03 2.500598715000000000e+09
5.678478918464445087e+03 3.068198455000000000e+09
5.702019194659783352e+03 1.721575409000000000e+09
5.668866230007476588e+03 3.100264401000000000e+09
5.690071464412149908e+03 4.245531287000000000e+09
5.685593575167256859e+03 9.594203030000000000e+08
5.677518370216187577e+03 3.824093858000000000e+09
5.681997157699412128e+03 3.560032552000000000e+09
5.700916125710895358e+03 4.684647920000000000e+08
5.705053825975930522e+03 2.785939945000000000e+09
5.699630133681554071e+03 2.341043896000000000e+09
5.683742376986132513e+03 1.921698497000000000e+09
5.694049242536268139e+03 7.423255100000000000e+07
5.691773407586924804e+03 3.152240770000000000e+08
5.676646302050505255e+03 1.055502787000000000e+09
5.688138380257310928e+03 3.975160354000000000e+09
5.667931031671474557e+03 3.999532847000000000e+09
5.699034590587985804e+03 3.895591735000000000e+09
5.692350335092507521e+03 1.685689822000000000e+09
5.688920419000663969e+03 1.800577773000000000e+09
5.694703532948915381e+03 4.264698363000000000e+09
5.681864413278610300e+03 1.233848221000000000e+09
5.670030933277295844e+03 3.316129080000000000e+09
5.719397535653736668e+03 6.413822260000000000e+08
5.687897033400860892e+03 3.194776658000000000e+09
5.673853178858160391e+03 2.966616938000000000e+09
5.696815872863766344e+03 2.036018167000000000e+09
5.683576978114691883e+03 2.775907940000000000e+09
5.684867803028044364e+03 9.716506590000000000e+08
5.676126926271063894e+03 2.723649061000000000e+09
5.715721352010968076e+03 1.982926510000000000e+09
5.671389314756163003e+03 3.717084280000000000e+09
5.705489529699965715e+03 1.800478898000000000e+09
5.682312606896141006e+03 3.349675564000000000e+09
5.670840279237889263e+03 1.547946060000000000e+08
5.659202650068982621e+03 2.119071686000000000e+09
5.685812046734411524e+03 3.398131414000000000e+09
5.698646969444735078e+03 2.412500987000000000e+09
5.668011265825063674e+03 5.986705800000000000e+08
5.694808038557683176e+03 9.329568100000000000e+08
5.675096855553757450e+03 3.933990249000000000e+09
5.688749721190238233e+03 1.809830690000000000e+08
5.697455504739053140e+03 1.113902411000000000e+09
5.710235904270281935e+03 2.255831832000000000e+09
5.686171822679583784e+03 6.627697990000000000e+08
5.701645171439178739e+03 4.053368038000000000e+09
5.657555769942420739e+03 3.985260540000000000e+08
5.666374687813600758e+03 3.304342536000000000e+09
5.690366276999211550e+03 3.769261810000000000e+08
5.669380609960339825e+03 1.715947732000000000e+09
5.685063472024967268e+03 2.176995434000000000e+09
5.696771554533432209e+03 2.320072894000000000e+09
5.677379010655809907e+03 2.136616141000000000e+09
5.654113360909785115e+03 4.054624076000000000e+09
5.705643578234491542e+03 3.958532944000000000e+09
5.685755144092310729e+03 3.792314517000000000e+09
5.714072900498989839e+03 5.008585000000000000e+07
5.680555541012035064e+03 3.074895045000000000e+09
5.670364378997052881e+03 3.226562100000000000e+07
5.682201302297173243e+03 3.863582335000000000e+09
5.703654195227697528e+03 4.032727104000000000e+09
5.660585707377185827e+03 3.359682210000000000e+08
5.661636765771821047e+03 3.857093816000000000e+09
5.688127725317369368e+03 3.596673015000000000e+09
5.672223350731250321e+03 4.071697468000000000e+09
5.670545958071093082e+03 1.029039084000000000e+09
5.692970852615143485e+03 2.112976088000000000e+09
5.689738989990451955e+03 2.824542406000000000e+09
5.664772558811291674e+03 1.767382831000000000e+09
5.698941350313860312e+03 1.603219201000000000e+09
5.655086239842607029e+03 2.462258897000000000e+09
5.680120923661874258e+03 4.019332513000000000e+09
5.681349619800781511e+03 3.879518280000000000e+08
5.703973107558407719e+03 1.292644600000000000e+07
5.656480603582329422e+03 2.433862440000000000e+08
5.693013627575017381e+03 3.324885588000000000e+09
5.694862416512623895e+03 4.208037013000000000e+09
5.625591230825254570e+03 2.069870968000000000e+09
5.661143475483083421e+03 1.876907599000000000e+09
5.678512397110705933e+03 3.128882898000000000e+09
5.667626103085302020e+03 1.353008367000000000e+09
5.675253323153774545e+03 3.717375353000000000e+09
5.688567118086499249e+03 4.234883050000000000e+09
5.668373976177659642e+03 5.616197200000000000e+08
5.712913266151592325e+03 1.790487947000000000e+09
5.670240212667492415e+03 8.925147470000000000e+08
5.702831850313952600e+03 3.793378343000000000e+09
5.682801953963588858e+03 1.047201626000000000e+09
5.701338976397543775e+03 2.359052612000000000e+09
5.647674024552894480e+03 1.292616121000000000e+09
5.660832964980889301e+03 1.865584688000000000e+09
5.672914326736544353e+03 2.703093220000000000e+09
5.684888795218576888e+03 3.967922982000000000e+09
5.675308640454853958e+03 2.496168081000000000e+09
5.678765385836455607e+03 2.635241950000000000e+08
5.692603457729737784e+03 1.515640280000000000e+09
5.677149944996643171e+03 6.051014110000000000e+08
5.647345400416345910e+03 1.057539830000000000e+09
5.665692673509232009e+03 4.158921793000000000e+09
5.687185955855245993e+03 3.381496920000000000e+09
5.651766675730521456e+03 2.988631956000000000e+09
5.666816447597677325e+03 1.225325387000000000e+09
5.718548967366090437e+03 3.177144880000000000e+09
5.698190169410077942e+03 1.567530921000000000e+09
5.702581787728257041e+03 3.381530043000000000e+09
5.695958073388444973e+03 3.425478912000000000e+09
5.679454434595898420e+03 2.950279690000000000e+08
