# Lens_likelihood 	 seed
6.604552590498364225e+03 1.608351228000000000e+09
6.593083017656661468e+03 5.953425710000000000e+08
6.583941836436275480e+03 3.292296116000000000e+09
6.574342113918614814e+03 4.645643280000000000e+08
6.602718762807153325e+03 4.231475825000000000e+09
6.588749263484782205e+03 2.625783746000000000e+09
6.597219240768252348e+03 3.458593489000000000e+09
6.573791271332951510e+03 2.798560846000000000e+09
6.639519862340208419e+03 3.634511256000000000e+09
6.589685138618869132e+03 1.868413896000000000e+09
6.586503328227704515e+03 3.627774710000000000e+09
6.596044425479351048e+03 6.943475950000000000e+08
6.598594946452538352e+03 8.299280890000000000e+08
6.583256370517819960e+03 2.787060320000000000e+09
6.597942400072617602e+03 4.130430161000000000e+09
6.582429282691103253e+03 6.199575710000000000e+08
6.579534578142616738e+03 2.505755740000000000e+09
6.592343113805818575e+03 2.396998735000000000e+09
6.588168786055755845e+03 1.215413983000000000e+09
6.592473895058668859e+03 3.672279100000000000e+08
6.593481885346151103e+03 3.633087917000000000e+09
6.577762526789252661e+03 2.400722676000000000e+09
6.588855954264564389e+03 2.262272924000000000e+09
6.590034032922896586e+03 2.092456880000000000e+08
6.595741807213553329e+03 3.963403588000000000e+09
6.573690597484465798e+03 2.217358397000000000e+09
6.588145806449138036e+03 2.268680515000000000e+09
6.588869604206593067e+03 3.982205710000000000e+08
6.578544383008627847e+03 1.668537578000000000e+09
6.575558648656133300e+03 1.028644109000000000e+09
6.593363279789135959e+03 1.593619199000000000e+09
6.586823110625243316e+03 6.292682080000000000e+08
6.599928189957379800e+03 1.687739282000000000e+09
6.595776619599848345e+03 2.426372197000000000e+09
6.573881355164140587e+03 2.334176397000000000e+09
6.575837537359837370e+03 3.839080216000000000e+09
6.583186951355339261e+03 8.776373200000000000e+07
6.581774578732505688e+03 2.446130315000000000e+09
6.582973738463060727e+03 4.194263836000000000e+09
6.570740029020233123e+03 1.911434622000000000e+09
6.587961641123580193e+03 3.667344136000000000e+09
6.574791685818276164e+03 2.906776720000000000e+09
6.603133972525713034e+03 3.939005865000000000e+09
6.597083976302513292e+03 8.467422600000000000e+08
6.575292577487709423e+03 1.719059457000000000e+09
6.596181070151554195e+03 2.957450868000000000e+09
6.589246764323657771e+03 2.516595234000000000e+09
6.635213253776644706e+03 1.972009577000000000e+09
6.578043329051723049e+03 1.622551543000000000e+09
6.587516319549662512e+03 2.672355347000000000e+09
6.586727571005370919e+03 6.324548140000000000e+08
6.593030042016315747e+03 3.225400393000000000e+09
6.584405208292941097e+03 9.791445680000000000e+08
6.583331173770348869e+03 3.225402927000000000e+09
6.593507389659483124e+03 3.894486173000000000e+09
6.587462838582182485e+03 2.617592958000000000e+09
6.591570459189131725e+03 2.872484581000000000e+09
6.582582484104006653e+03 3.693651056000000000e+09
6.565075422365429404e+03 4.150622030000000000e+09
6.581669564778229869e+03 5.790911510000000000e+08
6.594818818475084299e+03 1.008139300000000000e+07
6.634959835108101288e+03 3.797386825000000000e+09
6.599529639208304616e+03 2.874837420000000000e+09
6.583932488698221277e+03 4.304048080000000000e+08
6.593708878815351454e+03 1.936961295000000000e+09
6.602235498319451835e+03 7.550260960000000000e+08
6.574788923992126001e+03 2.660238221000000000e+09
6.581391939059206379e+03 2.467862821000000000e+09
6.601269038479532355e+03 2.473206926000000000e+09
6.572481894979573553e+03 2.119295050000000000e+08
6.605419908158663020e+03 5.733244830000000000e+08
6.587609737046391274e+03 1.015457536000000000e+09
6.586985474658273233e+03 1.052918735000000000e+09
6.612751936237117661e+03 4.290918165000000000e+09
6.572285818936283249e+03 1.974973391000000000e+09
6.594757300852307708e+03 2.203227827000000000e+09
6.608089908162710344e+03 1.338150262000000000e+09
6.599318697265313858e+03 3.478918396000000000e+09
6.573947661156219510e+03 9.224301880000000000e+08
6.586679875432534573e+03 2.661899800000000000e+07
6.578479672046010819e+03 2.822965717000000000e+09
6.584514382375817149e+03 1.948666589000000000e+09
6.605006826963981439e+03 1.912991434000000000e+09
6.578829786181184318e+03 2.310902309000000000e+09
6.596567264593737491e+03 2.481847359000000000e+09
6.598035070375449322e+03 4.261159348000000000e+09
6.607122469123145493e+03 2.732021021000000000e+09
6.585036452790862313e+03 2.146834497000000000e+09
6.577374762313603242e+03 4.013744981000000000e+09
6.577885523257909881e+03 3.885163306000000000e+09
6.579589745163146290e+03 2.276142565000000000e+09
6.585658946590554478e+03 4.266997515000000000e+09
6.600265006744887614e+03 1.740130782000000000e+09
6.599990697462779281e+03 5.423894660000000000e+08
6.577350510344015674e+03 4.232101257000000000e+09
6.587978596240614934e+03 2.811650819000000000e+09
6.586933815867371777e+03 4.277798158000000000e+09
6.591538962929942500e+03 2.451709000000000000e+07
6.594018746237700725e+03 1.088557921000000000e+09
6.596469506444314902e+03 5.689877950000000000e+08
6.588229510257595393e+03 2.792529423000000000e+09
6.585442401704456643e+03 2.744215811000000000e+09
6.596008936030219047e+03 1.253873850000000000e+09
6.584185214575629288e+03 1.785082891000000000e+09
6.583682105492273877e+03 1.037923399000000000e+09
6.573329560192900317e+03 2.976672945000000000e+09
6.578767925642308910e+03 1.534671161000000000e+09
6.581730320959381970e+03 1.871848369000000000e+09
6.570958841546584154e+03 3.337787383000000000e+09
6.583505022885689868e+03 1.488610527000000000e+09
6.577320274009422064e+03 2.158743648000000000e+09
6.617466106204863536e+03 2.315524076000000000e+09
6.583066215107373864e+03 1.799090217000000000e+09
6.578333859577722251e+03 6.762595000000000000e+07
6.585555948936784262e+03 2.283297016000000000e+09
6.591225370660550652e+03 2.974915633000000000e+09
6.583237303123908532e+03 2.151600497000000000e+09
6.585684468047523296e+03 3.971100044000000000e+09
6.585611941357850810e+03 2.404775786000000000e+09
6.580097972408109854e+03 9.705758000000000000e+08
6.579169734361419614e+03 2.784672665000000000e+09
6.569452604177800822e+03 1.077045385000000000e+09
6.578596501553492999e+03 4.185273885000000000e+09
6.596077161403462014e+03 4.188658646000000000e+09
6.579873275805155572e+03 7.609073350000000000e+08
6.574510983282449160e+03 2.025746090000000000e+08
6.579932607495364209e+03 2.525808619000000000e+09
6.584728375405105908e+03 1.510027789000000000e+09
6.582053790305641087e+03 2.186766184000000000e+09
6.591212358265696821e+03 4.253071579000000000e+09
6.579374058316710943e+03 3.836999064000000000e+09
6.581322587922535604e+03 2.808604076000000000e+09
6.598976848040856567e+03 2.760661255000000000e+09
6.587871195672883914e+03 4.055367583000000000e+09
6.573113636093971763e+03 1.274651094000000000e+09
6.587593378945458426e+03 8.641543640000000000e+08
6.594325748266721348e+03 4.275835796000000000e+09
6.594829179443708199e+03 6.531553300000000000e+08
6.583913255460691289e+03 9.486282920000000000e+08
6.576034435365205354e+03 2.596666578000000000e+09
6.572290755390580671e+03 3.625012335000000000e+09
6.575922189674918627e+03 2.210777556000000000e+09
6.626343179458492159e+03 2.285635218000000000e+09
6.609009541878989694e+03 2.311358721000000000e+09
6.586275589555656552e+03 9.629797080000000000e+08
6.553374859881210796e+03 2.131432175000000000e+09
6.575475502552831131e+03 3.138100125000000000e+09
6.588463285501661630e+03 1.520220584000000000e+09
6.584784966550101672e+03 3.212405847000000000e+09
6.576105804669585268e+03 1.502720813000000000e+09
6.598957905854216733e+03 2.475323342000000000e+09
6.574256918204340764e+03 2.039287232000000000e+09
6.588066118185445703e+03 1.667548647000000000e+09
6.574803874389421253e+03 6.095852350000000000e+08
6.594802774673627027e+03 4.232895033000000000e+09
6.585511913524554075e+03 3.189314518000000000e+09
6.580044740612387614e+03 4.647801420000000000e+08
6.582379218299662170e+03 3.092613812000000000e+09
6.593953070316368212e+03 3.916869719000000000e+09
6.586829555347147107e+03 7.261237550000000000e+08
6.592591792599114342e+03 2.174427677000000000e+09
6.590437688199228432e+03 1.041503249000000000e+09
6.577639625701333898e+03 1.357789300000000000e+07
6.580919158667037664e+03 2.829550535000000000e+09
6.580249771904340378e+03 3.970470916000000000e+09
6.585021306647339770e+03 3.232060888000000000e+09
6.579608524801618842e+03 3.535284043000000000e+09
6.583609828593660495e+03 2.820200971000000000e+09
6.584651103597039764e+03 5.677903330000000000e+08
6.591508125004803333e+03 2.705449005000000000e+09
6.587835869165000986e+03 6.385092940000000000e+08
6.589895954395779881e+03 5.197573410000000000e+08
6.586937851029882950e+03 2.438199450000000000e+09
6.588867519597232786e+03 2.328213314000000000e+09
6.574819602618131285e+03 2.229083603000000000e+09
6.584567752678805846e+03 2.433146830000000000e+09
6.584459377389141082e+03 2.651049580000000000e+08
6.582294883854401633e+03 1.987277635000000000e+09
6.606338119191296755e+03 9.914876870000000000e+08
6.591927568968508240e+03 4.040401268000000000e+09
6.591534499351694649e+03 1.045906715000000000e+09
6.596358525496173570e+03 2.049797649000000000e+09
6.593666292234192952e+03 2.709361296000000000e+09
6.574378150806797748e+03 3.973008850000000000e+09
6.582958182212043539e+03 2.337725186000000000e+09
6.576503005517433849e+03 3.838802450000000000e+08
6.596098715110836565e+03 1.666538541000000000e+09
6.647791117992944237e+03 2.681938421000000000e+09
6.595458991235078429e+03 3.994621095000000000e+09
6.593410409504252129e+03 1.809330342000000000e+09
6.581317540542917413e+03 3.284915365000000000e+09
6.642172929283276062e+03 1.724463050000000000e+09
6.597203116114425939e+03 2.064714071000000000e+09
6.588038840020280986e+03 3.794343075000000000e+09
6.594973499964008624e+03 2.010015671000000000e+09
6.589837712721590833e+03 2.713696618000000000e+09
6.588039442249133572e+03 3.250997130000000000e+09
6.611451589990021603e+03 2.120475291000000000e+09
6.609570570659981968e+03 2.020853332000000000e+09
6.589848127811912491e+03 3.922330550000000000e+09
6.579571582431256502e+03 4.089974682000000000e+09
6.571754757550424983e+03 3.053211440000000000e+09
6.579271106424560458e+03 3.747106505000000000e+09
6.593146266052110150e+03 2.121786759000000000e+09
6.582319129815947235e+03 9.260663600000000000e+08
6.574650260271602747e+03 2.345218057000000000e+09
6.592243816871610761e+03 2.430666686000000000e+09
6.582762774515402270e+03 4.285592050000000000e+08
6.574951333097023962e+03 3.672404277000000000e+09
6.594589530816803745e+03 9.030821900000000000e+08
6.584137101878847716e+03 5.324492900000000000e+07
6.587807581942308389e+03 1.372216605000000000e+09
6.573844745308470010e+03 3.384558897000000000e+09
6.578819744433256346e+03 1.203783461000000000e+09
6.591695309028035808e+03 2.774992207000000000e+09
6.575119728756656514e+03 2.916284265000000000e+09
6.580032297538402418e+03 2.979405086000000000e+09
6.590198859949499820e+03 8.528203660000000000e+08
6.582512088867764760e+03 3.906200948000000000e+09
6.600386500908123708e+03 2.952195419000000000e+09
6.577623673335733656e+03 1.130466450000000000e+08
6.584656397584149090e+03 2.536161406000000000e+09
6.590069051969887369e+03 9.117490510000000000e+08
6.573331105600089359e+03 1.515050660000000000e+08
6.586334444703523332e+03 4.083411293000000000e+09
6.578458880513051554e+03 1.825797782000000000e+09
6.587250098939311101e+03 2.820904073000000000e+09
6.593746622961526555e+03 2.614528631000000000e+09
6.596851956431757571e+03 1.132439731000000000e+09
6.589477356711267930e+03 4.258074889000000000e+09
6.596429082200458652e+03 3.333400003000000000e+09
6.586222491719281606e+03 1.995272331000000000e+09
6.573546695607406036e+03 1.288728419000000000e+09
6.579616633739965437e+03 7.620022010000000000e+08
6.613016565206880841e+03 2.379907658000000000e+09
6.599902748383897233e+03 1.773320110000000000e+08
6.592246779196429088e+03 4.170906830000000000e+08
6.573613982727830262e+03 3.141793950000000000e+08
6.581634072001120330e+03 2.389680477000000000e+09
6.588500226812004257e+03 3.311505246000000000e+09
6.588316614049374948e+03 3.197029790000000000e+08
6.581809269635776218e+03 9.586778210000000000e+08
6.610306271541398019e+03 2.484721768000000000e+09
6.586883346331632310e+03 1.160989584000000000e+09
6.592610370290859464e+03 2.490569560000000000e+08
6.632537818245598828e+03 1.842310589000000000e+09
6.586775903502873916e+03 2.351202758000000000e+09
6.586073524890947738e+03 1.556942696000000000e+09
6.616102881299353612e+03 2.739368661000000000e+09
6.598933558385665492e+03 2.623799640000000000e+09
6.579208829632465495e+03 3.139155675000000000e+09
6.581891119796730891e+03 2.801318205000000000e+09
6.597652375274679798e+03 3.274413286000000000e+09
6.588438917180103999e+03 3.731477237000000000e+09
6.580461616665619658e+03 8.453535500000000000e+08
6.595004015605101813e+03 3.776804708000000000e+09
6.580947112603549613e+03 2.054697842000000000e+09
6.591334411262441790e+03 2.561658947000000000e+09
6.585830439168714292e+03 1.204719694000000000e+09
6.571592530805441129e+03 1.549451553000000000e+09
6.595574521001928588e+03 2.977670277000000000e+09
6.570830376951831568e+03 9.508094030000000000e+08
6.577355257141452967e+03 3.677538836000000000e+09
6.593339704611385969e+03 2.884069125000000000e+09
6.596376716872504403e+03 4.195126336000000000e+09
6.622710447587700401e+03 8.505737830000000000e+08
6.581889689963911223e+03 1.615922430000000000e+09
6.589100628053444780e+03 4.161974850000000000e+08
6.582494274164920171e+03 2.678144462000000000e+09
6.573352590445475471e+03 2.925253390000000000e+09
6.571562893163315493e+03 1.825396509000000000e+09
6.597282794694225231e+03 3.695385960000000000e+09
6.574162275247324942e+03 2.633873099000000000e+09
6.594252795913133014e+03 3.732714874000000000e+09
6.584572109453894882e+03 2.346617014000000000e+09
6.599130758392001553e+03 4.006105747000000000e+09
6.568233238688500933e+03 2.186143088000000000e+09
6.598720672346335050e+03 1.533391205000000000e+09
6.575312414852249276e+03 3.607769128000000000e+09
6.585884094547751374e+03 3.630264157000000000e+09
6.596887658991279750e+03 2.175247609000000000e+09
6.594316239430723726e+03 6.283696130000000000e+08
6.576281233793175488e+03 4.090030552000000000e+09
6.602047604006656002e+03 4.194905879000000000e+09
6.588941963951328034e+03 3.448134321000000000e+09
6.573822110891831471e+03 6.633614140000000000e+08
6.582046490716727931e+03 1.474803398000000000e+09
6.580822790379210346e+03 1.563455661000000000e+09
6.574234174323035404e+03 2.250295524000000000e+09
6.590902444191595350e+03 2.197865843000000000e+09
6.585907646880648826e+03 3.236769000000000000e+07
6.596884468233562075e+03 2.922597090000000000e+08
6.578452277775725634e+03 6.818665520000000000e+08
6.598871562321877718e+03 5.488072400000000000e+07
6.618348528289425303e+03 4.081083620000000000e+08
6.601127018068183133e+03 3.533368507000000000e+09
6.589070283415236190e+03 2.433928650000000000e+08
6.579792687836019468e+03 1.992277092000000000e+09
6.604563762666159164e+03 2.192305097000000000e+09
6.575780986286779807e+03 3.899839321000000000e+09
6.573901605960777488e+03 1.230421594000000000e+09
6.579751559315981467e+03 1.759735928000000000e+09
6.589704446968436969e+03 3.496168153000000000e+09
6.573283016126119946e+03 4.249114153000000000e+09
6.571125539063254109e+03 2.007087488000000000e+09
6.613545026741659967e+03 5.048411800000000000e+07
6.586092519806330529e+03 2.228670879000000000e+09
6.589741690074253711e+03 3.960581940000000000e+08
6.600738953003561619e+03 4.277126520000000000e+09
6.597175399396221110e+03 2.171372257000000000e+09
6.601515305974661715e+03 1.655720028000000000e+09
6.576133159635322954e+03 3.771945791000000000e+09
6.588630199065477427e+03 2.596054218000000000e+09
6.589480088345957483e+03 2.911840749000000000e+09
6.586318120640425150e+03 4.108938470000000000e+09
6.573184931904467703e+03 1.095998287000000000e+09
6.574307290782804557e+03 3.685149487000000000e+09
6.576630942257645074e+03 4.167474532000000000e+09
6.595846573276987328e+03 2.938758837000000000e+09
6.563912504615609578e+03 3.411754231000000000e+09
6.584000339663980412e+03 2.228737207000000000e+09
6.599718092612254623e+03 2.405396801000000000e+09
6.579892143887256680e+03 1.398194373000000000e+09
6.600840098634795140e+03 1.967952147000000000e+09
6.571053106548253709e+03 7.308615410000000000e+08
6.575983236077128822e+03 8.710488620000000000e+08
6.561552455596643995e+03 3.484368689000000000e+09
6.584451252512872998e+03 3.308332610000000000e+09
6.582890335732223321e+03 3.448723857000000000e+09
6.613735786185314282e+03 1.284027421000000000e+09
6.606180757753934813e+03 4.207111390000000000e+09
6.583895363124585856e+03 2.905611210000000000e+08
6.582788024162879992e+03 9.274351740000000000e+08
6.592750459680273707e+03 2.094085356000000000e+09
6.578789098522425775e+03 3.914963287000000000e+09
6.597490335010932540e+03 7.083557400000000000e+08
6.594487352515803650e+03 4.259546042000000000e+09
6.572788819934589810e+03 4.155049420000000000e+09
6.588338249764268767e+03 2.248818036000000000e+09
6.602581220751462752e+03 4.056105738000000000e+09
6.585900738376522895e+03 3.939308620000000000e+08
6.589179824308689604e+03 3.942596096000000000e+09
6.634010011547512477e+03 3.372644456000000000e+09
6.563226031700750355e+03 4.039205920000000000e+08
6.590857092597404517e+03 3.337946237000000000e+09
6.595069275226645914e+03 3.712393923000000000e+09
6.577300676380730692e+03 3.144415261000000000e+09
6.589352294524689569e+03 4.128683242000000000e+09
6.589771926232537226e+03 3.546458771000000000e+09
6.598060324363606014e+03 3.076167683000000000e+09
