# Lens_likelihood 	 seed
6.931555285436108534e+03 2.989338184000000000e+09
6.944786336360706628e+03 2.829394825000000000e+09
6.936947045983442877e+03 3.300162907000000000e+09
6.923082545483663125e+03 1.344011473000000000e+09
6.929322869792491474e+03 4.335391010000000000e+08
6.945403984240142563e+03 2.927207410000000000e+08
6.940255696304777302e+03 3.402865656000000000e+09
6.949870427098629989e+03 2.951434343000000000e+09
6.931918544752449634e+03 1.893781769000000000e+09
6.936910047277438935e+03 2.616953385000000000e+09
6.944483896224732234e+03 1.451242678000000000e+09
6.939620413989823646e+03 3.363753590000000000e+08
6.926279479369492037e+03 1.121954616000000000e+09
6.943063030879779035e+03 2.497828181000000000e+09
6.932075564271548501e+03 2.425435688000000000e+09
6.923172484117312706e+03 3.166675140000000000e+09
6.942895971412175641e+03 1.143213831000000000e+09
6.938114146063689077e+03 3.499596473000000000e+09
6.940619907812966630e+03 1.326781842000000000e+09
6.939895975716857720e+03 7.336520080000000000e+08
6.947649505692636012e+03 1.503282411000000000e+09
6.937919817746247645e+03 8.847313330000000000e+08
6.927723038996483410e+03 3.610182024000000000e+09
6.926578886158968089e+03 3.443446004000000000e+09
6.936379712953045782e+03 2.010022848000000000e+09
6.937999401489050797e+03 2.921054093000000000e+09
6.936427650663035820e+03 4.081962693000000000e+09
6.938738653669601263e+03 1.299684100000000000e+07
6.932474521132588052e+03 3.311405114000000000e+09
6.936734464863402536e+03 1.021382191000000000e+09
6.938701447940296930e+03 3.327688403000000000e+09
6.931505444075347441e+03 5.020770600000000000e+07
6.945870147496287245e+03 3.865056129000000000e+09
6.917343350147704768e+03 2.647312500000000000e+07
6.937386536131711182e+03 3.265126631000000000e+09
6.936354113123507886e+03 3.652919280000000000e+08
6.948824585240927263e+03 9.062455530000000000e+08
6.944632613169227625e+03 1.435308475000000000e+09
6.946023813470515051e+03 3.135527196000000000e+09
6.918911112877292908e+03 3.482862383000000000e+09
6.923934474371919350e+03 5.691775650000000000e+08
6.950618008601528345e+03 2.369208365000000000e+09
6.937501678204713244e+03 7.558799850000000000e+08
6.943150166740802888e+03 7.715984000000000000e+08
6.935220631301777757e+03 1.187891230000000000e+09
6.932476713161788211e+03 2.190521592000000000e+09
6.927997529811563254e+03 6.942238850000000000e+08
6.941993190736515317e+03 7.837941230000000000e+08
6.936000793548683760e+03 2.526107240000000000e+08
6.926725432104186439e+03 3.698809874000000000e+09
6.932827943551334101e+03 1.853299116000000000e+09
6.950532470472026034e+03 1.708548648000000000e+09
6.927332075766577873e+03 4.027339310000000000e+08
6.939192741188023319e+03 4.234225118000000000e+09
6.948591809533418200e+03 8.731189660000000000e+08
6.943401929971186291e+03 1.526591820000000000e+09
6.940665548504432081e+03 2.829822176000000000e+09
6.948016838729247866e+03 3.594184640000000000e+08
6.933898602646274412e+03 3.736660435000000000e+09
6.955792261647166015e+03 4.795597840000000000e+08
6.944623375739206494e+03 7.735243650000000000e+08
6.936381732554460541e+03 4.253942125000000000e+09
6.941344731800376394e+03 1.603636063000000000e+09
6.943810164244594489e+03 1.030062857000000000e+09
6.933125912664962016e+03 1.135398260000000000e+08
6.939510048473612187e+03 4.951835080000000000e+08
6.938372373119755139e+03 3.501678804000000000e+09
6.938134952938669812e+03 3.645873262000000000e+09
6.935828837514969564e+03 3.270651217000000000e+09
6.933598529599938047e+03 2.531772688000000000e+09
6.946148482035884626e+03 1.156492714000000000e+09
6.929395640759077651e+03 3.852421752000000000e+09
6.922869287243648614e+03 1.263157263000000000e+09
6.912425478702984037e+03 5.624535010000000000e+08
6.932604054739324056e+03 3.250664992000000000e+09
6.957940355242439182e+03 1.758819914000000000e+09
6.936135561001732640e+03 2.422824600000000000e+07
6.946322072570663295e+03 1.875246657000000000e+09
6.935628508913404403e+03 2.458741745000000000e+09
6.936932483330517243e+03 2.925936289000000000e+09
6.929597679737289582e+03 4.125764527000000000e+09
6.931792889814327282e+03 3.261582680000000000e+08
6.943931176025536843e+03 4.051879300000000000e+08
6.922060193414836249e+03 2.234412721000000000e+09
6.934280398472767047e+03 2.265819226000000000e+09
6.943177607838802942e+03 1.532810142000000000e+09
6.934301286588350195e+03 3.860298580000000000e+09
6.929533804423998845e+03 3.780735662000000000e+09
6.938331913177124989e+03 5.827614740000000000e+08
6.938140838512030314e+03 3.391355723000000000e+09
6.942001992133646127e+03 5.484328780000000000e+08
6.934634473890315348e+03 7.848190900000000000e+08
6.940353508586209500e+03 7.868142820000000000e+08
6.950382898956236204e+03 9.505978750000000000e+08
6.932424064144440308e+03 1.914014905000000000e+09
6.944948477177666064e+03 2.835499360000000000e+09
6.927034023835229164e+03 3.565852767000000000e+09
6.942384496052799477e+03 4.712611030000000000e+08
6.946970725209738703e+03 1.330292520000000000e+09
6.930796306806691064e+03 1.005080319000000000e+09
6.944893088342751980e+03 1.230859490000000000e+09
6.926540565847432845e+03 3.355205497000000000e+09
6.931923774508937640e+03 3.665997032000000000e+09
6.926711393516057797e+03 1.901073366000000000e+09
6.933597913575124039e+03 2.251969826000000000e+09
6.928960538676296892e+03 2.243475532000000000e+09
6.929381778122932701e+03 1.029093165000000000e+09
6.935584431858490461e+03 4.218813338000000000e+09
6.934438972372943681e+03 2.695756100000000000e+08
6.936499187661877841e+03 3.362948569000000000e+09
6.937457098059383497e+03 2.436618626000000000e+09
6.941925327360175288e+03 3.255623566000000000e+09
6.941565283855078633e+03 2.932631360000000000e+08
6.948024136915944837e+03 4.011381960000000000e+08
6.946043667863084920e+03 1.814394556000000000e+09
6.936392272710122597e+03 1.028140160000000000e+08
6.932499277345891642e+03 1.985647946000000000e+09
6.926086087975429109e+03 2.016552189000000000e+09
6.932762869857869191e+03 4.016632585000000000e+09
6.930419268913111409e+03 3.266667242000000000e+09
6.932993752465914440e+03 2.826910694000000000e+09
6.933371130269733840e+03 3.436239085000000000e+09
6.934677188644342095e+03 4.175116012000000000e+09
6.935684168582418351e+03 4.188249480000000000e+09
6.941901537463693785e+03 4.142381170000000000e+09
6.936866192466120992e+03 2.849854993000000000e+09
6.947768074355836688e+03 3.226260468000000000e+09
6.930471513547791801e+03 2.086371260000000000e+09
6.931230236456372040e+03 3.862774530000000000e+08
6.925049093379606347e+03 1.159875920000000000e+08
6.930312511034534509e+03 2.805946000000000000e+09
6.943544011185111231e+03 3.345718710000000000e+08
6.945320310514285666e+03 1.938458601000000000e+09
6.938680728015203385e+03 3.374638607000000000e+09
6.954968877274399347e+03 2.089643174000000000e+09
6.923302821103168753e+03 2.096154359000000000e+09
6.930928716287446150e+03 3.545731608000000000e+09
6.938124951013734972e+03 3.464200934000000000e+09
6.938909107601815776e+03 9.379489550000000000e+08
6.936597312095943380e+03 4.416206120000000000e+08
6.940850219925598140e+03 2.289322743000000000e+09
6.944744917531726969e+03 9.206599630000000000e+08
6.927434726416585363e+03 1.953549340000000000e+08
6.942324504085236185e+03 3.792789353000000000e+09
6.927486856691575667e+03 1.865169019000000000e+09
6.922188784454183406e+03 4.159138603000000000e+09
6.928011304598350762e+03 3.882071239000000000e+09
6.929478393947655604e+03 1.893027451000000000e+09
6.937527250832081336e+03 1.852269169000000000e+09
6.939657586333514701e+03 1.375758035000000000e+09
6.930494905807237956e+03 2.572460040000000000e+08
6.943388794991664327e+03 4.537009490000000000e+08
6.935992778741483562e+03 3.708414663000000000e+09
6.931637686615206803e+03 1.956347435000000000e+09
6.936422091894152800e+03 1.301392825000000000e+09
6.927429361311640605e+03 1.174198879000000000e+09
6.947348936803988181e+03 8.715156840000000000e+08
6.933640759644986247e+03 5.741320220000000000e+08
6.937872751790848270e+03 3.734134286000000000e+09
6.938377580025802672e+03 2.448631587000000000e+09
6.929095385120805986e+03 3.149754705000000000e+09
6.937650080548855840e+03 1.691177416000000000e+09
6.946718771245341486e+03 1.861656990000000000e+08
6.925069908965955619e+03 3.744838870000000000e+08
6.940894217390803533e+03 2.302443793000000000e+09
6.939662048649112876e+03 1.428505328000000000e+09
6.922771059471588160e+03 8.900190560000000000e+08
6.950726932537896573e+03 2.863276287000000000e+09
6.941993270309576474e+03 2.292505087000000000e+09
6.939621845131092414e+03 1.770940567000000000e+09
6.935754614177125404e+03 1.720056971000000000e+09
6.942777438279596936e+03 1.418966847000000000e+09
6.945685968361927735e+03 3.146027577000000000e+09
6.928895406177512086e+03 1.286442340000000000e+09
6.931712982928029305e+03 3.546122910000000000e+09
6.939991574401483376e+03 1.194453546000000000e+09
6.937727649290946829e+03 1.925283183000000000e+09
6.931269011822279936e+03 3.585295554000000000e+09
6.940057765857938648e+03 2.524799228000000000e+09
6.940106553156775590e+03 3.604211299000000000e+09
6.923539372798744807e+03 1.481796142000000000e+09
6.936391049831951022e+03 2.663793046000000000e+09
6.932585632667101891e+03 2.602685904000000000e+09
6.931102238979525282e+03 1.831166197000000000e+09
6.917241285044310644e+03 2.734926516000000000e+09
6.934933083198453460e+03 4.722067680000000000e+08
6.949534677732302043e+03 3.653109958000000000e+09
6.936593659571844000e+03 8.261455520000000000e+08
6.931990970996867873e+03 2.747223196000000000e+09
6.923231124510662085e+03 6.996099400000000000e+08
6.925158621101852077e+03 2.146833522000000000e+09
6.947477948860461765e+03 1.779927656000000000e+09
6.933991153668599509e+03 3.128774894000000000e+09
6.937074548011720253e+03 4.170162080000000000e+08
6.938071868727350193e+03 3.534866362000000000e+09
6.937748977200091758e+03 4.653470290000000000e+08
6.946299290012751953e+03 1.459352736000000000e+09
6.935209910517920434e+03 1.590437168000000000e+09
6.932897020379204150e+03 6.352067440000000000e+08
6.944709741223833589e+03 1.366360804000000000e+09
6.931153007509004965e+03 9.290562200000000000e+08
6.931671309500144162e+03 3.809812774000000000e+09
6.928672432593424674e+03 2.188734543000000000e+09
6.931637184222257929e+03 2.922668600000000000e+07
6.930536863677707515e+03 9.488812080000000000e+08
6.935573677628926816e+03 3.830658370000000000e+08
6.933276320272294470e+03 1.586241081000000000e+09
6.921425562518697916e+03 2.885700946000000000e+09
6.941860293244493732e+03 3.383064568000000000e+09
6.936250403618970267e+03 9.799832590000000000e+08
6.932657002520987589e+03 1.563485257000000000e+09
6.942294200657886904e+03 3.721286524000000000e+09
6.931879877530192061e+03 4.722476360000000000e+08
6.940628365799111634e+03 1.028669545000000000e+09
6.945868933709909470e+03 2.767919556000000000e+09
6.930615144876128397e+03 2.080122745000000000e+09
6.941140135615529289e+03 2.078015301000000000e+09
6.937403766777020792e+03 1.702743340000000000e+09
6.925566893494986289e+03 1.374798145000000000e+09
6.937173239146602100e+03 3.753625363000000000e+09
6.935470264440582469e+03 2.234707765000000000e+09
6.932889421928211050e+03 2.235247512000000000e+09
6.940070527583234252e+03 3.301958181000000000e+09
6.932022846362572636e+03 4.102236218000000000e+09
6.928806141464639950e+03 7.442890450000000000e+08
6.933383157145059158e+03 3.492398445000000000e+09
6.920648437438523615e+03 1.381819582000000000e+09
6.944991610731744913e+03 3.358070846000000000e+09
6.934671852356766976e+03 3.588884355000000000e+09
6.919289730876987960e+03 3.273457979000000000e+09
6.942335186916612656e+03 2.901176934000000000e+09
6.922735556682407150e+03 1.924803119000000000e+09
6.926542012504240120e+03 3.313787670000000000e+08
6.933514460536935076e+03 3.148261574000000000e+09
6.928720719472279598e+03 3.840006156000000000e+09
6.931413775600773079e+03 2.496443108000000000e+09
6.939015788872501616e+03 4.275671863000000000e+09
6.930212883474361661e+03 3.507123129000000000e+09
6.926617946211629715e+03 1.552683267000000000e+09
6.929324095305146329e+03 1.480603939000000000e+09
6.921291627102420534e+03 3.976614018000000000e+09
6.924833512378664636e+03 6.368626320000000000e+08
6.939082962418776333e+03 1.020062604000000000e+09
6.933895953905233910e+03 1.398205742000000000e+09
6.932823349158848941e+03 1.644591749000000000e+09
6.932870139769487650e+03 2.308321267000000000e+09
6.933347285239064149e+03 2.052364712000000000e+09
6.927518887807847932e+03 2.220565550000000000e+09
6.931708272595715243e+03 8.353457090000000000e+08
6.928986463235551128e+03 2.528822065000000000e+09
6.935978387890317208e+03 2.508197443000000000e+09
6.938018559439832643e+03 1.479709844000000000e+09
6.929556509642580750e+03 1.393645375000000000e+09
6.936406393621880852e+03 3.117450708000000000e+09
6.931280656838640425e+03 1.362550141000000000e+09
6.934622528365428479e+03 1.645949229000000000e+09
6.941375135490364300e+03 3.979609095000000000e+09
6.942346374157543323e+03 1.647998767000000000e+09
6.946952070637184988e+03 2.047153380000000000e+08
6.940515361212622338e+03 5.642561970000000000e+08
6.943753777776604693e+03 2.210857873000000000e+09
6.937909496796085477e+03 2.814907428000000000e+09
6.939079864327101859e+03 2.120234057000000000e+09
6.932754181812982097e+03 1.098229473000000000e+09
6.926865600103830729e+03 9.821842160000000000e+08
6.927608098916345625e+03 3.682526100000000000e+08
6.958528337985618236e+03 2.111489662000000000e+09
6.928148246940538229e+03 6.839559780000000000e+08
6.916404463572986060e+03 1.011302464000000000e+09
6.928684505634161724e+03 6.401191410000000000e+08
6.939914246324457963e+03 2.313916562000000000e+09
6.917209703503144738e+03 3.448724955000000000e+09
6.950803899050838481e+03 8.216258260000000000e+08
6.932333654207683139e+03 4.136123067000000000e+09
6.929586736118126282e+03 4.050733042000000000e+09
6.942613106881101885e+03 9.766728820000000000e+08
6.938085627953811127e+03 9.216262120000000000e+08
6.937026763096530885e+03 1.756768808000000000e+09
6.932698438326237010e+03 2.357090349000000000e+09
6.924670797504453731e+03 1.678667636000000000e+09
6.939349839117552619e+03 3.363629386000000000e+09
6.944506041450265911e+03 1.237303207000000000e+09
6.938051089542552290e+03 1.040965876000000000e+09
6.949176986411252074e+03 2.114426946000000000e+09
6.921973946300007810e+03 4.176109840000000000e+08
6.929357837442879827e+03 3.800949890000000000e+09
6.937437570176170993e+03 4.197568570000000000e+08
6.940774084338328066e+03 4.215712004000000000e+09
6.947938002448892803e+03 2.159889558000000000e+09
6.928558619411758627e+03 1.616249429000000000e+09
6.937670391410682896e+03 3.470515041000000000e+09
6.938992565400163585e+03 3.835669566000000000e+09
6.943029108359412021e+03 2.536519803000000000e+09
6.940533808594187576e+03 4.092579170000000000e+08
6.946447113259582693e+03 2.657445114000000000e+09
6.940227732053217551e+03 3.559781432000000000e+09
6.938194986720433008e+03 9.233337250000000000e+08
6.926327142972570073e+03 8.241672900000000000e+08
6.943050289141742724e+03 2.510293536000000000e+09
6.928743292995628508e+03 3.258316970000000000e+08
6.940665970549753183e+03 8.562557890000000000e+08
6.942302584577080779e+03 3.395232410000000000e+08
6.932498214656868186e+03 3.940959533000000000e+09
6.936223916275162992e+03 2.674483080000000000e+09
6.928216651852811083e+03 1.057734888000000000e+09
6.945325777974535413e+03 2.535172624000000000e+09
6.932227286401204765e+03 2.872610700000000000e+08
6.935233430344262160e+03 6.015691890000000000e+08
6.931174503224418004e+03 1.349961540000000000e+08
6.936542319091463469e+03 1.518578425000000000e+09
6.921060305506000077e+03 3.598707488000000000e+09
6.925564903135455097e+03 2.988341477000000000e+09
6.947655907921127437e+03 1.697445476000000000e+09
6.932550151378159171e+03 2.211489455000000000e+09
6.951539953910560143e+03 2.421953017000000000e+09
6.937483684024975446e+03 4.204297983000000000e+09
6.949369419945511254e+03 2.843798025000000000e+09
6.943958657521085115e+03 4.048937986000000000e+09
6.936238415571519909e+03 2.428187207000000000e+09
6.931356951958886384e+03 8.945136400000000000e+08
6.928073468339186547e+03 2.254026407000000000e+09
6.942233324699311197e+03 1.762584718000000000e+09
6.925468373703003635e+03 6.616869100000000000e+07
6.935735522573282651e+03 1.018996158000000000e+09
6.916638745563185694e+03 1.621658036000000000e+09
6.927948173821445380e+03 1.403454964000000000e+09
6.930101587399833988e+03 3.176403817000000000e+09
6.929767959564722332e+03 4.258980907000000000e+09
6.932535402627381700e+03 3.184798342000000000e+09
6.930576123259787892e+03 1.085027584000000000e+09
6.932039623721281714e+03 1.889158015000000000e+09
6.927493111433222111e+03 2.169462581000000000e+09
6.939542806611632841e+03 5.476278400000000000e+07
6.923448391100044319e+03 1.099922970000000000e+09
6.934165071225415886e+03 3.280791454000000000e+09
6.928507969214883815e+03 3.158417134000000000e+09
6.935977796597662746e+03 2.537370397000000000e+09
6.927655299482452392e+03 1.375529246000000000e+09
6.935983969527178488e+03 8.998158180000000000e+08
6.942411116677282735e+03 2.022884703000000000e+09
6.931861165054262528e+03 3.760622631000000000e+09
6.932896855527793377e+03 3.432492395000000000e+09
6.941056632735711901e+03 3.835585210000000000e+08
6.944506884905852530e+03 3.677040241000000000e+09
6.932477667875157749e+03 3.371291146000000000e+09
6.926585478000294643e+03 5.480242580000000000e+08
6.936528221509416653e+03 2.845967151000000000e+09
6.934512463361965274e+03 2.993558940000000000e+08
6.942467804521311336e+03 4.136631200000000000e+09
6.938884616356550396e+03 3.143826666000000000e+09
