# Lens_likelihood 	 seed
6.545756595476004804e+03 2.168866500000000000e+08
6.519861140280337167e+03 2.377936558000000000e+09
6.551717093123035738e+03 4.019945960000000000e+09
6.529844734479434919e+03 2.545167900000000000e+08
6.585675860433751950e+03 2.074634403000000000e+09
6.576714419363402158e+03 3.343690469000000000e+09
6.580037775449563924e+03 4.315291440000000000e+08
6.557591836840759242e+03 4.286576222000000000e+09
6.591767092460261665e+03 5.624393890000000000e+08
6.450475640746264617e+03 1.639175099000000000e+09
6.583016617787293399e+03 2.196275879000000000e+09
6.570021792052428282e+03 3.564771330000000000e+09
6.570601360317292347e+03 2.874960144000000000e+09
6.483014344997016451e+03 2.998844775000000000e+09
6.561540336063410905e+03 2.070482092000000000e+09
6.504628600779950830e+03 2.765297511000000000e+09
6.619669640001898188e+03 3.191536699000000000e+09
6.569186451419664081e+03 3.572363536000000000e+09
6.552937628229510665e+03 1.760062639000000000e+09
6.623962592403137023e+03 1.990417017000000000e+09
6.477471210715014422e+03 3.717703773000000000e+09
6.531723095325515715e+03 3.836639354000000000e+09
6.456209602876216195e+03 1.013385897000000000e+09
6.517825241366141199e+03 1.405457488000000000e+09
6.612805969853968236e+03 3.669397071000000000e+09
6.540746120829526262e+03 2.235571882000000000e+09
6.576328154601704227e+03 2.715263077000000000e+09
6.564314840882064345e+03 1.159783323000000000e+09
6.425824818361004873e+03 4.060150170000000000e+09
6.556379866386772846e+03 1.833906188000000000e+09
6.538146189927495470e+03 2.974597197000000000e+09
6.483188491805318336e+03 1.310453700000000000e+07
6.529964348992803934e+03 4.214255920000000000e+09
6.592132965960627189e+03 2.949556458000000000e+09
6.544052066741281124e+03 1.124296544000000000e+09
6.459478644050875118e+03 2.859412844000000000e+09
6.471863196409548436e+03 1.304065558000000000e+09
6.588789574540513058e+03 3.240140334000000000e+09
6.583915487794580258e+03 1.978635732000000000e+09
6.477710721944984471e+03 3.667882690000000000e+08
6.577490367853051794e+03 1.403227891000000000e+09
6.579323469073748129e+03 3.943772126000000000e+09
6.527642363137593748e+03 3.536238401000000000e+09
6.563588404891609571e+03 2.106569982000000000e+09
6.541310344419481225e+03 2.566447700000000000e+09
6.576842866299398338e+03 2.874457883000000000e+09
6.531590542125146385e+03 2.202574065000000000e+09
6.582105531561227508e+03 2.866151369000000000e+09
6.584943700584164617e+03 3.212026803000000000e+09
6.605918896164655962e+03 4.000535985000000000e+09
6.576955430637965037e+03 2.645253071000000000e+09
6.563736644217541652e+03 8.823746710000000000e+08
6.599518406890290862e+03 3.578352630000000000e+08
6.610442894037769292e+03 3.186963085000000000e+09
6.515767100583743741e+03 2.127221112000000000e+09
6.429139816829848314e+03 4.014826793000000000e+09
6.632738652773537979e+03 4.021220880000000000e+08
6.492517821519080826e+03 1.453646114000000000e+09
6.512558447424217775e+03 2.625945356000000000e+09
6.543299530382264493e+03 2.875377481000000000e+09
6.560623776286176508e+03 6.666567190000000000e+08
6.514442417987031149e+03 4.210050255000000000e+09
6.621790146187635401e+03 2.978267169000000000e+09
6.535840526422603944e+03 3.125057404000000000e+09
6.500778821235719988e+03 1.348324365000000000e+09
6.497411067027044737e+03 2.622907333000000000e+09
6.506253058299086661e+03 3.611981800000000000e+09
6.537363677638799345e+03 3.970654376000000000e+09
6.510877725153039137e+03 3.110532332000000000e+09
6.500570401252305601e+03 1.031878715000000000e+09
6.494216288006797186e+03 4.043070036000000000e+09
6.522575190626916992e+03 3.371393829000000000e+09
6.535717285997610816e+03 4.192317367000000000e+09
6.554598153366644510e+03 1.930115447000000000e+09
6.608198287054164211e+03 1.761788870000000000e+08
6.527969522746558141e+03 3.330939531000000000e+09
6.532865416320935765e+03 1.014699540000000000e+08
6.542795224934353428e+03 1.287724965000000000e+09
6.603582975506964431e+03 5.171064500000000000e+08
6.573934003664167903e+03 4.037300681000000000e+09
6.523390385211840112e+03 3.876920414000000000e+09
6.490045834697999453e+03 4.101605863000000000e+09
6.533288158692458637e+03 2.532308100000000000e+08
6.589352872686225055e+03 1.281636542000000000e+09
6.605472411783492134e+03 8.845276940000000000e+08
6.533457783252036279e+03 1.071804935000000000e+09
6.480029682279357985e+03 4.246821557000000000e+09
6.606041618285460572e+03 3.618020965000000000e+09
6.526144191884610336e+03 3.345990849000000000e+09
6.586929346473682017e+03 1.516899684000000000e+09
6.546223864039930959e+03 4.172888841000000000e+09
6.593024637045869895e+03 4.103199640000000000e+09
6.505940338835022885e+03 1.562573242000000000e+09
6.546819251880068805e+03 1.494471900000000000e+07
6.513338922359110256e+03 7.863964560000000000e+08
6.605439001514100710e+03 3.920338972000000000e+09
6.576392047928189641e+03 3.284019732000000000e+09
6.587994169592060643e+03 6.750026150000000000e+08
6.551962836850325402e+03 1.270776329000000000e+09
6.576949676645810541e+03 1.846058019000000000e+09
6.585423621319918311e+03 2.519550607000000000e+09
6.554170524259628110e+03 3.285122570000000000e+08
6.537821482387206743e+03 4.038819858000000000e+09
6.537626061142111212e+03 4.275682973000000000e+09
6.595946268809431785e+03 1.166463704000000000e+09
6.527456760284351731e+03 1.123640559000000000e+09
6.507410917146897191e+03 3.775590487000000000e+09
6.559151701477754614e+03 3.882415146000000000e+09
6.447763257591264846e+03 3.814151367000000000e+09
6.481963952775281541e+03 1.290358918000000000e+09
6.532332539435466970e+03 2.342515586000000000e+09
6.560253274577094999e+03 2.772823144000000000e+09
6.594007935091252875e+03 3.283302155000000000e+09
6.554929717658613299e+03 2.530727426000000000e+09
6.505577362194469970e+03 1.641992938000000000e+09
6.498654111538127836e+03 1.634470537000000000e+09
6.548840598020464313e+03 6.163520370000000000e+08
6.608265796412129930e+03 3.640511235000000000e+09
6.486134609448154151e+03 1.595803116000000000e+09
6.552862908675266226e+03 3.469128045000000000e+09
6.457513151716721040e+03 2.990756798000000000e+09
6.554757602932462760e+03 3.016638312000000000e+09
6.529801738118559115e+03 3.760637027000000000e+09
6.545672796867074794e+03 1.515719564000000000e+09
6.547925318825577961e+03 2.803912014000000000e+09
6.580088644365583605e+03 2.772712154000000000e+09
6.521197935378469992e+03 7.900669560000000000e+08
6.527217473001956023e+03 5.389106120000000000e+08
6.531882037937171845e+03 1.461292483000000000e+09
6.609953567448040303e+03 3.371228216000000000e+09
6.565600906817327996e+03 8.769554800000000000e+07
6.560497075161262728e+03 2.009956440000000000e+08
6.453144999253760034e+03 4.050385347000000000e+09
6.531272488979302580e+03 4.370019640000000000e+08
6.576234288848988399e+03 8.444352620000000000e+08
6.544444161503958640e+03 7.784538440000000000e+08
6.580381980885458688e+03 4.230904000000000000e+08
6.538769653728099001e+03 1.384316956000000000e+09
6.577470698537840690e+03 3.662323057000000000e+09
6.577842004500318581e+03 3.283815100000000000e+09
6.529289891746595458e+03 3.947578794000000000e+09
6.595449984032843531e+03 1.056978755000000000e+09
6.505910848714839631e+03 3.230100941000000000e+09
6.521909014509689769e+03 2.778619363000000000e+09
6.522244609132136247e+03 3.225945562000000000e+09
6.593117958478111177e+03 1.257079200000000000e+07
6.576480620800286488e+03 2.196760858000000000e+09
6.503440245319523456e+03 3.969260731000000000e+09
6.526485017460112431e+03 1.334061496000000000e+09
6.559916216798229470e+03 2.411743561000000000e+09
6.544117751862891964e+03 3.529218667000000000e+09
6.569646141046875528e+03 7.842290370000000000e+08
6.456521991188595166e+03 3.391902098000000000e+09
6.540653296701131694e+03 3.790073981000000000e+09
6.622956001527365515e+03 4.006495252000000000e+09
6.594395618363608264e+03 3.045187350000000000e+08
6.576285401784281930e+03 9.424209670000000000e+08
6.521805796832924898e+03 9.112481500000000000e+07
6.521195916300148383e+03 2.598977640000000000e+08
6.549680261805500777e+03 1.535456234000000000e+09
6.535337066624915678e+03 3.088529843000000000e+09
6.505544993244232501e+03 2.529057953000000000e+09
6.546448278574069263e+03 2.329311366000000000e+09
6.569855982463133842e+03 2.346117841000000000e+09
6.560286732904644850e+03 2.029996873000000000e+09
6.600592329055109076e+03 3.426824130000000000e+09
6.567265418232415868e+03 4.162111075000000000e+09
6.574246133552772335e+03 3.326529792000000000e+09
6.548362022949791935e+03 3.767336679000000000e+09
6.568146919437749602e+03 7.202569910000000000e+08
6.500564111593125745e+03 1.699954977000000000e+09
6.476264490685394776e+03 2.150211616000000000e+09
6.542323230618403613e+03 3.154883390000000000e+08
6.439415170110009058e+03 3.057578526000000000e+09
6.429823407810183198e+03 3.101225067000000000e+09
6.523027711240968529e+03 1.169091573000000000e+09
6.580268351505155806e+03 1.440954293000000000e+09
6.595413777073121310e+03 7.962913540000000000e+08
6.442907679765344255e+03 1.832529234000000000e+09
6.530678592131473124e+03 2.838175053000000000e+09
6.545360288583191505e+03 1.628435311000000000e+09
6.561425549010133182e+03 3.623830285000000000e+09
6.577880813492616653e+03 1.481361278000000000e+09
6.512878851971990116e+03 1.274588109000000000e+09
6.613575322051368858e+03 3.874434224000000000e+09
6.554831741077094193e+03 2.625233525000000000e+09
6.528822216643628053e+03 9.604457100000000000e+08
6.561081969929571642e+03 1.385913820000000000e+08
6.549507431939698108e+03 3.782474833000000000e+09
6.559108331796591301e+03 3.269323938000000000e+09
6.562458289707928998e+03 1.924008840000000000e+08
6.526759251793785552e+03 1.442065338000000000e+09
6.592161407023988431e+03 3.101488933000000000e+09
6.591629127144355152e+03 2.926329708000000000e+09
6.570931880240220380e+03 3.882625745000000000e+09
6.542107431986411029e+03 1.822461230000000000e+08
6.558401574104200336e+03 1.842966594000000000e+09
6.566966699015016275e+03 2.710286415000000000e+09
6.423814082876868270e+03 1.775207668000000000e+09
6.578613843938091122e+03 1.428015909000000000e+09
6.577708520463288551e+03 3.778834940000000000e+08
6.525643115690832019e+03 3.020179794000000000e+09
6.549967514451301213e+03 1.979292707000000000e+09
6.617417521028937699e+03 3.509927487000000000e+09
6.585813015365160027e+03 1.195240112000000000e+09
6.580783186625913004e+03 3.904325179000000000e+09
6.497636822577202111e+03 2.064223522000000000e+09
6.504936530614946605e+03 1.987814086000000000e+09
6.598566132911111708e+03 3.632862616000000000e+09
6.407303247172290867e+03 8.368329910000000000e+08
6.557219969641988428e+03 1.701525764000000000e+09
6.474936450766952476e+03 4.227766658000000000e+09
6.437788244932854468e+03 2.992666408000000000e+09
6.539609175225149556e+03 2.809285438000000000e+09
6.538840404446730645e+03 1.060857466000000000e+09
6.596604370557535731e+03 7.426682560000000000e+08
6.532670331994777371e+03 2.906762963000000000e+09
6.556401053603080072e+03 2.777194186000000000e+09
6.548412743467863947e+03 2.643106968000000000e+09
6.559682638297557787e+03 2.933690756000000000e+09
6.531566476775878982e+03 3.881679275000000000e+09
6.562786911408104061e+03 3.719640380000000000e+08
6.539169359745783368e+03 2.727524986000000000e+09
6.511931657837298189e+03 1.291528959000000000e+09
6.589391643279906930e+03 3.577801339000000000e+09
6.531598455880724941e+03 3.252706780000000000e+09
6.510789280674942347e+03 2.877744970000000000e+08
6.541451922621880840e+03 2.327027121000000000e+09
6.512903370423071465e+03 4.067377126000000000e+09
6.545264130550000118e+03 2.617248808000000000e+09
6.578269657218723296e+03 1.790858061000000000e+09
6.545983235093684016e+03 1.842026420000000000e+08
6.568050356850089884e+03 3.694158847000000000e+09
6.488969507631566557e+03 1.512167881000000000e+09
6.563131744462229108e+03 3.439152641000000000e+09
6.537339569583293269e+03 3.247778430000000000e+09
6.507312687441974049e+03 2.739285492000000000e+09
6.537551109418386659e+03 3.074036104000000000e+09
6.563187855434936864e+03 1.598782454000000000e+09
6.499205923135725243e+03 1.049471585000000000e+09
6.608330611314029738e+03 1.875191320000000000e+09
6.474437156170418348e+03 8.672266210000000000e+08
6.545653727763923598e+03 4.256456450000000000e+09
6.535904314806110051e+03 1.914610356000000000e+09
6.519078434599522552e+03 1.845121853000000000e+09
6.576613311051060009e+03 2.758747195000000000e+09
6.516322015018012280e+03 2.316400719000000000e+09
6.502620438506597566e+03 6.844970580000000000e+08
6.524051836851796907e+03 3.499852991000000000e+09
6.538426760372660283e+03 2.964905743000000000e+09
6.534807371057288037e+03 4.046650139000000000e+09
6.555470398548046433e+03 2.014162407000000000e+09
6.576468078887813135e+03 4.116272345000000000e+09
6.569934602421198178e+03 2.636463210000000000e+09
6.493460978780163714e+03 1.853625207000000000e+09
6.580292154548012149e+03 2.355518729000000000e+09
6.565192013178872912e+03 7.833401490000000000e+08
6.545962930561610847e+03 4.237690492000000000e+09
6.571865120136822043e+03 2.570043547000000000e+09
6.589815758385738263e+03 2.978041290000000000e+08
6.498992454500419626e+03 2.723235064000000000e+09
6.564049098680148745e+03 4.681376490000000000e+08
6.646098658339628855e+03 3.223763444000000000e+09
6.556153515494586827e+03 2.006109221000000000e+09
6.522043058159575594e+03 1.673262662000000000e+09
6.594118778765319803e+03 7.173921180000000000e+08
6.542652221557924349e+03 1.241471424000000000e+09
6.579544846232766758e+03 3.331097541000000000e+09
6.614512335178616922e+03 2.174930472000000000e+09
6.575472444289072882e+03 1.311122141000000000e+09
6.531736982078969959e+03 4.086882563000000000e+09
6.526135708213664657e+03 2.172261947000000000e+09
6.539333472457309654e+03 4.075585330000000000e+09
6.626488872986079514e+03 3.013716606000000000e+09
6.617430313103057415e+03 2.894703518000000000e+09
6.548418364403520172e+03 2.972702041000000000e+09
6.591819380865369567e+03 2.411811950000000000e+09
6.557074456546376496e+03 3.476254534000000000e+09
6.575560197649610018e+03 3.731269260000000000e+08
6.485610213489679154e+03 2.293206658000000000e+09
6.585503372192630195e+03 1.961111498000000000e+09
6.574411667277568995e+03 9.663653650000000000e+08
6.419560852289090690e+03 2.088789385000000000e+09
6.545540895099837144e+03 2.631682912000000000e+09
6.562269098132661384e+03 1.983342528000000000e+09
6.622162503171456592e+03 4.012583493000000000e+09
6.556053639860027033e+03 4.257707680000000000e+08
6.460222125099114237e+03 4.015955192000000000e+09
6.521632403547369904e+03 2.870637026000000000e+09
6.510753280366091531e+03 2.245241244000000000e+09
6.490212507446702148e+03 1.785972512000000000e+09
6.553082775494682210e+03 2.184648189000000000e+09
6.603076306426836709e+03 2.902747498000000000e+09
6.540460821726353970e+03 8.219840660000000000e+08
6.589644633791052911e+03 2.873014900000000000e+08
6.574574769764869416e+03 4.233970116000000000e+09
6.593343759044002582e+03 2.306105577000000000e+09
6.570511239469488828e+03 5.613490100000000000e+08
6.602538413998621763e+03 5.965010740000000000e+08
6.553182511807946867e+03 1.035125253000000000e+09
6.575880821599741466e+03 3.081137851000000000e+09
6.490859044309332603e+03 1.442625900000000000e+08
6.541142693718051305e+03 3.866612300000000000e+09
6.545629826671116462e+03 7.671007290000000000e+08
6.511775606577018152e+03 2.486043900000000000e+08
6.545092748880909312e+03 2.735966610000000000e+08
6.567564084019126312e+03 5.383142560000000000e+08
6.441574871108350635e+03 1.785069269000000000e+09
6.486629719612996269e+03 2.835837450000000000e+09
6.531242333334688738e+03 1.907077593000000000e+09
6.544221335879668914e+03 2.592548840000000000e+09
6.558605947353438751e+03 2.803439313000000000e+09
6.624397601603164730e+03 2.179542941000000000e+09
6.598502220616518571e+03 3.728587651000000000e+09
6.525918078591525955e+03 3.750519900000000000e+09
6.598729662580023614e+03 3.860949252000000000e+09
6.543881871129677165e+03 3.614005698000000000e+09
6.552365856758242444e+03 9.180930380000000000e+08
6.483549697405798725e+03 9.776915000000000000e+06
6.606446315645035611e+03 1.246353834000000000e+09
6.634847793018740049e+03 2.433171618000000000e+09
6.512674007324152626e+03 2.708589248000000000e+09
6.625968725036374963e+03 3.966234494000000000e+09
6.583458465787807654e+03 2.614469826000000000e+09
6.497762913540657792e+03 3.564773639000000000e+09
6.562588959696819074e+03 2.215038063000000000e+09
6.516532635431612107e+03 2.458929920000000000e+09
6.557241365385026256e+03 9.003984840000000000e+08
6.539979586807387022e+03 9.951190400000000000e+07
6.567568144012377161e+03 3.298493554000000000e+09
6.571862567928645149e+03 1.136807455000000000e+09
6.402582851029321318e+03 2.096047890000000000e+09
6.573575470019268323e+03 3.486854371000000000e+09
6.569657517297797312e+03 1.245307570000000000e+08
6.559408106794236119e+03 1.983800838000000000e+09
6.448498757761557499e+03 3.888462100000000000e+08
6.592647382162589565e+03 3.532234895000000000e+09
6.520305088743341003e+03 1.406702123000000000e+09
6.568099690285358520e+03 4.239571186000000000e+09
6.581596136967662460e+03 3.556185426000000000e+09
6.508261498943449624e+03 2.671779925000000000e+09
6.511531576067691276e+03 3.688383446000000000e+09
6.636306987505598045e+03 3.943276468000000000e+09
6.548700834492846298e+03 1.650500181000000000e+09
6.562406845306462856e+03 3.986019841000000000e+09
6.608454704521588610e+03 1.213342461000000000e+09
6.576363793325979714e+03 5.038461200000000000e+07
6.594170612165182320e+03 9.893373390000000000e+08
6.606408638344546489e+03 6.522524870000000000e+08
6.564152137693611621e+03 1.480990527000000000e+09
