# Lens_likelihood 	 seed
6.631740706382292046e+03 3.000770943000000000e+09
6.607020846268298556e+03 3.220939680000000000e+09
6.623995520119086905e+03 2.385170359000000000e+09
6.606116683600675970e+03 3.622659817000000000e+09
6.629525587710704713e+03 2.085896075000000000e+09
6.598322488490839532e+03 2.446352655000000000e+09
6.603187591974409770e+03 2.875542239000000000e+09
6.623922713697079416e+03 4.098937953000000000e+09
6.577031946898281603e+03 6.784928330000000000e+08
6.623284480192775845e+03 3.970699018000000000e+09
6.632708223365099911e+03 2.033600775000000000e+09
6.612737624656416301e+03 2.914391146000000000e+09
6.638079530449718732e+03 3.305570151000000000e+09
6.610152947420674536e+03 2.777164480000000000e+08
6.669913959610494203e+03 1.959265253000000000e+09
6.590589328548278900e+03 4.052693078000000000e+09
6.585377268491080940e+03 3.784144458000000000e+09
6.602120766072499464e+03 9.129941020000000000e+08
6.593331094017610667e+03 2.814985587000000000e+09
6.617975972310909128e+03 1.769841431000000000e+09
6.640460189641392390e+03 1.789071194000000000e+09
6.578056928812157821e+03 3.172294831000000000e+09
6.631829460382406978e+03 1.835622774000000000e+09
6.601624381555660875e+03 2.406454372000000000e+09
6.606452859934204753e+03 5.783648300000000000e+07
6.620850887378026528e+03 3.307937815000000000e+09
6.595199742065926330e+03 7.374844550000000000e+08
6.578029915970921138e+03 4.378543200000000000e+08
6.605551683890545974e+03 2.150808841000000000e+09
6.641105258955974023e+03 1.995136660000000000e+09
6.590311808627950086e+03 3.846795876000000000e+09
6.635931591026733258e+03 2.997574966000000000e+09
6.609757535364902651e+03 2.922406701000000000e+09
6.553279601344609546e+03 2.102877068000000000e+09
6.619566962503584364e+03 4.190183519000000000e+09
6.619529848359062271e+03 2.890043826000000000e+09
6.614295301601589017e+03 3.913809674000000000e+09
6.617256984897659095e+03 4.026382960000000000e+09
6.602869713558950025e+03 3.078540946000000000e+09
6.571979729277997649e+03 6.441306860000000000e+08
6.649296764474489464e+03 1.459850806000000000e+09
6.584002047179419606e+03 9.563127700000000000e+07
6.597375642185554170e+03 3.380424206000000000e+09
6.619785792409278656e+03 9.305613860000000000e+08
6.625861314296464116e+03 3.513658304000000000e+09
6.631613257515255100e+03 3.746757700000000000e+08
6.616910343303256013e+03 2.355611053000000000e+09
6.596443268763854576e+03 2.525459565000000000e+09
6.572241168719190682e+03 3.287971447000000000e+09
6.595613646096475350e+03 1.337464571000000000e+09
6.609134925310816470e+03 2.055506284000000000e+09
6.604865887703673252e+03 2.650436720000000000e+09
6.612713575853653310e+03 4.182170439000000000e+09
6.590228491537171976e+03 3.093610958000000000e+09
6.618509575316483279e+03 6.373391090000000000e+08
6.561469240145836011e+03 1.242626216000000000e+09
6.611504026150916616e+03 3.331257038000000000e+09
6.634290781055232401e+03 2.005971396000000000e+09
6.634121275741916179e+03 1.644742387000000000e+09
6.581260524941338190e+03 8.962851530000000000e+08
6.618512875052068011e+03 3.810907041000000000e+09
6.633109501141881083e+03 3.539710724000000000e+09
6.607346185639678879e+03 1.529054160000000000e+08
6.629159753634791741e+03 1.525664806000000000e+09
6.617486393408080403e+03 4.011546985000000000e+09
6.585160834453809002e+03 2.502159439000000000e+09
6.649734187710163496e+03 1.974504761000000000e+09
6.605534463257191419e+03 4.182569119000000000e+09
6.636316759345403625e+03 8.345350490000000000e+08
6.596101421514089452e+03 2.012974278000000000e+09
6.657234611145051531e+03 1.063350654000000000e+09
6.638426121098695148e+03 3.823668791000000000e+09
6.586515354064615167e+03 2.115828847000000000e+09
6.638741956842120999e+03 1.294669237000000000e+09
6.608925550501048747e+03 1.289602425000000000e+09
6.613575238118572088e+03 5.109753450000000000e+08
6.597989254223880380e+03 2.509637285000000000e+09
6.572058831263153479e+03 3.172473521000000000e+09
6.618851492000724647e+03 2.196926438000000000e+09
6.629921916593493734e+03 5.833451800000000000e+08
6.623490396524966854e+03 1.021184510000000000e+08
6.596105706851638388e+03 3.313794091000000000e+09
6.663726623164863668e+03 4.213625277000000000e+09
6.631854841209806182e+03 2.142448482000000000e+09
6.601581554098556808e+03 2.153540033000000000e+09
6.604711132786049347e+03 3.871980441000000000e+09
6.597417614491554559e+03 1.034791403000000000e+09
6.590282047510843768e+03 1.185388384000000000e+09
6.611080845953127209e+03 1.490362614000000000e+09
6.617048666068411876e+03 3.069117379000000000e+09
6.629360801847491530e+03 3.973018999000000000e+09
6.593000348267121808e+03 1.183877441000000000e+09
6.607600833365709150e+03 3.524235910000000000e+09
6.612171183962335817e+03 2.940582907000000000e+09
6.605616122150880983e+03 3.961417757000000000e+09
6.638006242283262509e+03 2.741745932000000000e+09
6.620164334539108495e+03 5.687993460000000000e+08
6.638665652824913195e+03 3.154342696000000000e+09
6.633803582581238516e+03 2.140666657000000000e+09
6.611745859501524137e+03 2.585899603000000000e+09
6.621052336727503643e+03 3.284331034000000000e+09
6.625154338541661673e+03 1.262597825000000000e+09
6.592025100546839894e+03 2.147759347000000000e+09
6.618672106204026022e+03 4.736282870000000000e+08
6.575844492585802072e+03 2.866717504000000000e+09
6.596104953289297555e+03 1.681835990000000000e+09
6.621525596991874409e+03 2.777777038000000000e+09
6.622755056535765107e+03 4.268127307000000000e+09
6.627924147720796100e+03 3.952376562000000000e+09
6.622812899672556341e+03 2.064904161000000000e+09
6.615798437419889524e+03 3.565079621000000000e+09
6.593398994066887099e+03 2.046192157000000000e+09
6.592379962911035364e+03 1.002486334000000000e+09
6.635303392433910631e+03 3.826208708000000000e+09
6.619688982516717260e+03 1.170348963000000000e+09
6.643050306477845879e+03 3.123518853000000000e+09
6.625236253805692286e+03 3.380451738000000000e+09
6.631844783854199704e+03 2.661740449000000000e+09
6.628002957770007924e+03 7.043925900000000000e+08
6.624521402951269920e+03 2.290901180000000000e+09
6.628086666712003534e+03 1.540654724000000000e+09
6.619744951650821349e+03 4.034824444000000000e+09
6.604945583025034466e+03 4.003600688000000000e+09
6.602225071352200757e+03 2.716143546000000000e+09
6.591783517224778734e+03 4.054961526000000000e+09
6.624383299057338263e+03 2.796978544000000000e+09
6.590678370532988993e+03 2.967217696000000000e+09
6.614320247484011816e+03 1.092821399000000000e+09
6.619915809672136675e+03 3.732154483000000000e+09
6.624481487386096887e+03 1.119066733000000000e+09
6.617526871357322307e+03 5.580012240000000000e+08
6.596681966517518049e+03 1.126468543000000000e+09
6.594505923275281930e+03 1.802533963000000000e+09
6.635235038857974359e+03 4.403138250000000000e+08
6.541631824139065429e+03 4.159911732000000000e+09
6.604744246043836029e+03 3.868439108000000000e+09
6.624183021927733535e+03 3.161374551000000000e+09
6.615562555108248489e+03 3.404061040000000000e+09
6.624025039888030733e+03 3.091153188000000000e+09
6.615217951252920102e+03 2.919389973000000000e+09
6.632376195260192617e+03 3.224947711000000000e+09
6.598396795510166157e+03 1.060491834000000000e+09
6.593591978331315659e+03 1.476132512000000000e+09
6.622842944110117060e+03 1.806580675000000000e+09
6.633165360189856074e+03 5.014172900000000000e+08
6.582487036287351657e+03 1.811533067000000000e+09
6.606879348824269073e+03 1.569961045000000000e+09
6.608344910378075838e+03 1.992345544000000000e+09
6.590977930630181618e+03 3.995169704000000000e+09
6.613259899084167955e+03 1.996464048000000000e+09
6.629158698840689794e+03 3.517892696000000000e+09
6.641039303893570832e+03 9.944042880000000000e+08
6.617806011637630036e+03 1.464220677000000000e+09
6.622230997888602360e+03 1.348022898000000000e+09
6.596231168882864949e+03 1.497144202000000000e+09
6.632871432249088684e+03 1.545209368000000000e+09
6.594094056996646032e+03 3.660761289000000000e+09
6.601986789763384877e+03 2.783624769000000000e+09
6.593436452791159354e+03 2.670448169000000000e+09
6.608506250753593122e+03 1.389461013000000000e+09
6.614471255880727767e+03 2.713494138000000000e+09
6.617063398869213415e+03 3.379735528000000000e+09
6.630349928005345646e+03 4.099133856000000000e+09
6.619021708288788432e+03 3.390670329000000000e+09
6.567323554014634283e+03 3.901660580000000000e+08
6.571478657286309499e+03 6.406077220000000000e+08
6.612287100416258909e+03 1.059468933000000000e+09
6.575622307087069203e+03 3.340815080000000000e+08
6.569149768603698249e+03 1.058759209000000000e+09
6.609000389848086343e+03 2.964310533000000000e+09
6.634554348199484593e+03 2.012580914000000000e+09
6.614435005899551470e+03 8.055937280000000000e+08
6.607729349228006868e+03 2.207885721000000000e+09
6.606162377652872237e+03 3.118124000000000000e+09
6.633252780102950055e+03 1.447784100000000000e+09
6.588941747208129527e+03 1.744856804000000000e+09
6.628998630740336012e+03 2.592951709000000000e+09
6.619781916508276481e+03 2.398522338000000000e+09
6.628643841091343347e+03 2.767451670000000000e+09
6.577479712852291414e+03 2.229944607000000000e+09
6.627776124655430067e+03 1.811688295000000000e+09
6.578191768248831067e+03 2.591035320000000000e+08
6.596854065307963538e+03 9.531992240000000000e+08
6.599851784241745918e+03 2.651181183000000000e+09
6.644894052605862271e+03 2.892103848000000000e+09
6.622297960945939849e+03 1.581990064000000000e+09
6.602253660875849164e+03 1.221630717000000000e+09
6.613999102481398950e+03 3.799226728000000000e+09
6.592492857530529363e+03 1.003725658000000000e+09
6.622422340412449557e+03 4.420087490000000000e+08
6.590989266323902484e+03 1.082957900000000000e+07
6.605884406525597115e+03 3.559143880000000000e+09
6.617764475465672149e+03 4.106715321000000000e+09
6.625946026674358109e+03 5.166780830000000000e+08
6.614782364731003327e+03 4.091301111000000000e+09
6.661515134416858928e+03 2.097870839000000000e+09
6.611346488080320341e+03 2.838822519000000000e+09
6.614208940225728838e+03 3.038672406000000000e+09
6.606954650010558908e+03 7.671484360000000000e+08
6.560498044837681846e+03 1.016805910000000000e+08
6.625813930737405826e+03 3.194500266000000000e+09
6.617000551573763005e+03 4.187918572000000000e+09
6.589320456590616232e+03 3.998213312000000000e+09
6.598330724914143502e+03 2.805125674000000000e+09
6.612360802048307050e+03 1.582461608000000000e+09
6.606370278324686296e+03 2.214411797000000000e+09
6.607515574287855998e+03 1.169291280000000000e+08
6.604031898746803563e+03 3.637272869000000000e+09
6.619113970262425028e+03 1.033767033000000000e+09
6.610507571827976790e+03 1.580707081000000000e+09
6.606981479895621305e+03 2.605279588000000000e+09
6.634428197609420749e+03 3.695351894000000000e+09
6.600812395149623626e+03 4.930998210000000000e+08
6.627084236113259976e+03 2.678630464000000000e+09
6.594584505988425917e+03 4.218087293000000000e+09
6.627239138863892549e+03 3.619113124000000000e+09
6.602603495767827553e+03 3.921494180000000000e+08
6.626289343731024928e+03 2.344660789000000000e+09
6.620319326618793639e+03 2.963497407000000000e+09
6.590436684116530159e+03 1.993731785000000000e+09
6.634160317015699547e+03 3.278821581000000000e+09
6.629568381312010388e+03 3.065554766000000000e+09
6.605662858026444155e+03 4.194848814000000000e+09
6.616806260974993165e+03 1.687512526000000000e+09
6.613951037504893065e+03 1.917523649000000000e+09
6.602670116181747289e+03 2.038128916000000000e+09
6.591385062670898151e+03 2.246106036000000000e+09
6.629017960725135708e+03 2.553043753000000000e+09
6.597401944980682856e+03 2.667127815000000000e+09
6.649361413594181613e+03 3.678624130000000000e+09
6.629944975682097720e+03 3.795156388000000000e+09
6.625100243745807347e+03 8.065266030000000000e+08
6.591939039068995044e+03 3.973708690000000000e+08
6.571653049731241481e+03 2.759280572000000000e+09
6.612278327302648904e+03 1.843982584000000000e+09
6.646249476217208212e+03 1.172945123000000000e+09
6.588044906528146385e+03 2.484451763000000000e+09
6.602601745623984243e+03 2.776981123000000000e+09
6.628883184120678379e+03 3.356760484000000000e+09
6.621329405027792745e+03 3.871782458000000000e+09
6.623823594948345090e+03 1.427526500000000000e+07
6.623210194642837450e+03 3.318355194000000000e+09
6.625404437063552905e+03 2.641127989000000000e+09
6.590369195336896155e+03 3.734976050000000000e+08
6.616903636649647524e+03 3.793211200000000000e+07
6.618940352949726730e+03 3.730586563000000000e+09
6.619575693525177485e+03 3.813601080000000000e+09
6.639482019365937958e+03 3.632171121000000000e+09
6.599642969102803363e+03 1.989970095000000000e+09
6.610218862723222628e+03 1.090579054000000000e+09
6.601746758990698254e+03 6.001389750000000000e+08
6.609292747340728056e+03 4.076618286000000000e+09
6.617180454865824686e+03 6.712604300000000000e+08
6.594841969440118191e+03 2.151976592000000000e+09
6.637327498191576524e+03 2.317243533000000000e+09
6.620304742253721997e+03 1.789534752000000000e+09
6.583761746783806302e+03 1.600715180000000000e+09
6.634863255176183884e+03 2.360697997000000000e+09
6.621667033568537590e+03 1.293152905000000000e+09
6.598186520794923126e+03 3.194994164000000000e+09
6.634823347182590624e+03 1.768064308000000000e+09
6.617594114342622561e+03 1.588184850000000000e+09
6.573971245831461601e+03 2.929095957000000000e+09
6.602361573800919359e+03 3.004822661000000000e+09
6.579659321827954045e+03 2.661185960000000000e+09
6.621541703561377290e+03 1.466001213000000000e+09
6.626653018756078382e+03 3.426284331000000000e+09
6.612091829241889172e+03 9.348153510000000000e+08
6.623941469762082306e+03 2.880102888000000000e+09
6.627060254232135776e+03 1.018910256000000000e+09
6.630867228083804548e+03 4.089260568000000000e+09
6.547879071845621183e+03 1.356934692000000000e+09
6.578998353545154714e+03 2.867668820000000000e+08
6.581212729754193788e+03 2.746111999000000000e+09
6.614177592935041503e+03 2.991373766000000000e+09
6.560700817346913936e+03 5.540356240000000000e+08
6.566544179652479215e+03 6.616469960000000000e+08
6.617289888325432003e+03 4.818686200000000000e+07
6.597291299362192149e+03 1.102014207000000000e+09
6.616878109047068392e+03 1.426284471000000000e+09
6.643493831261491323e+03 2.593384199000000000e+09
6.589120082941468354e+03 3.147039075000000000e+09
6.630091527099639279e+03 1.067230651000000000e+09
6.607333359351787294e+03 3.819498432000000000e+09
6.603480167992196584e+03 4.101562703000000000e+09
6.642371174128520579e+03 1.017871685000000000e+09
6.635550476220990276e+03 2.281371560000000000e+08
6.632465313769574095e+03 1.064672501000000000e+09
6.576234276695858171e+03 1.286786299000000000e+09
6.633812714083287574e+03 6.566527840000000000e+08
6.568107735434701681e+03 3.902576114000000000e+09
6.621608572205483142e+03 3.126923491000000000e+09
6.617424484974315419e+03 3.078424250000000000e+08
6.614517152933087345e+03 2.431419722000000000e+09
6.616579691754323903e+03 3.505182781000000000e+09
6.581155639638171124e+03 2.879382607000000000e+09
6.621216313647711104e+03 2.739578141000000000e+09
6.577991961623250972e+03 1.117221503000000000e+09
6.615202162277229945e+03 3.700276151000000000e+09
6.611457586016012101e+03 4.168294426000000000e+09
6.607193935019522542e+03 1.740452709000000000e+09
6.647078753073144981e+03 2.208915281000000000e+09
6.604897800616178756e+03 3.087462901000000000e+09
6.606542560781403154e+03 8.694393580000000000e+08
6.600698610796872345e+03 3.116453659000000000e+09
6.567150976789764172e+03 9.575707000000000000e+07
6.608033066428051825e+03 8.627051290000000000e+08
6.597636540499862349e+03 3.075950202000000000e+09
6.622858279923639202e+03 1.962319257000000000e+09
6.628776256143471983e+03 3.735384044000000000e+09
6.633296620159686427e+03 2.250161657000000000e+09
6.605405143743721055e+03 3.889031942000000000e+09
6.609304163960712685e+03 4.293123606000000000e+09
6.637076000675616342e+03 7.947587900000000000e+08
6.579429350540527594e+03 1.065243775000000000e+09
6.623313620403017921e+03 4.237127869000000000e+09
6.614193098698812719e+03 1.989880662000000000e+09
6.616012627725396669e+03 1.176779802000000000e+09
6.627479715033756293e+03 2.107917515000000000e+09
6.591638204677577050e+03 4.181588124000000000e+09
6.614466616197032636e+03 1.944261235000000000e+09
6.600483377726929575e+03 3.791142114000000000e+09
6.634630422167354482e+03 1.135935606000000000e+09
6.622671324109142006e+03 3.742266982000000000e+09
6.646276819988655006e+03 1.884328203000000000e+09
6.624194666318581767e+03 1.563958425000000000e+09
6.610536284518864704e+03 3.808145064000000000e+09
6.616208988758287887e+03 3.892457821000000000e+09
6.629067474975532605e+03 3.562113334000000000e+09
6.640706378822483202e+03 3.596732416000000000e+09
6.593821690875121931e+03 1.650407411000000000e+09
6.618201487844007715e+03 3.594563995000000000e+09
6.633051851941310815e+03 2.800915692000000000e+09
6.646971101849074330e+03 1.550251371000000000e+09
6.569132754461034892e+03 2.457595030000000000e+08
6.617892636424502598e+03 3.238332912000000000e+09
6.595763060446409327e+03 3.540794756000000000e+09
6.580425358439752927e+03 1.182942590000000000e+09
6.647254444826517101e+03 3.852965516000000000e+09
6.624592633955739075e+03 8.109212560000000000e+08
6.625540786257635773e+03 8.140792590000000000e+08
6.595675316931959060e+03 3.866345982000000000e+09
6.620090739233331078e+03 3.608411015000000000e+09
6.556130351003425858e+03 2.213335566000000000e+09
6.624257785156149112e+03 2.672160474000000000e+09
6.603987620640626119e+03 1.810470850000000000e+09
6.621230478380060049e+03 3.464828479000000000e+09
6.617295829098378817e+03 3.992260148000000000e+09
6.654333783805110215e+03 2.205685643000000000e+09
6.616376357339475362e+03 4.121923376000000000e+09
