# Lens_likelihood 	 seed
6.703847661998262993e+03 7.315852400000000000e+08
6.704727749774867334e+03 2.852403780000000000e+09
6.698588105851315959e+03 3.840250320000000000e+09
6.684413629804840639e+03 2.513726480000000000e+08
6.704588340188332950e+03 3.791503302000000000e+09
6.698753687907341373e+03 2.324445476000000000e+09
6.673416763981541408e+03 3.901425155000000000e+09
6.679457590548998269e+03 3.754821543000000000e+09
6.681081651874042109e+03 2.347759797000000000e+09
6.681187283437614497e+03 1.580137256000000000e+09
6.683821701696183482e+03 2.786344191000000000e+09
6.695923425642681650e+03 2.235108851000000000e+09
6.700328948771970317e+03 2.191762760000000000e+09
6.696423514813851398e+03 9.423359820000000000e+08
6.707947771681700033e+03 4.969456520000000000e+08
6.697698037392560764e+03 1.051144990000000000e+08
6.692057593070083385e+03 3.222644971000000000e+09
6.691707623638839323e+03 6.877437160000000000e+08
6.697811713346825854e+03 1.992591600000000000e+08
6.706355068374183247e+03 3.322207899000000000e+09
6.688557833118498820e+03 2.690437616000000000e+09
6.697919583223756490e+03 3.375062955000000000e+09
6.676461286132755049e+03 4.205561720000000000e+09
6.693506000336831676e+03 1.675236414000000000e+09
6.674479414796454876e+03 2.007499924000000000e+09
6.682759774634236237e+03 4.042915365000000000e+09
6.689727526909292465e+03 3.206930594000000000e+09
6.677304594309187451e+03 6.285744180000000000e+08
6.695867246535750382e+03 8.286475630000000000e+08
6.704545571465050671e+03 3.447697156000000000e+09
6.694950146193920773e+03 3.054054740000000000e+08
6.707437609980914203e+03 4.126431992000000000e+09
6.698047672993270680e+03 2.684767411000000000e+09
6.699183068841967724e+03 2.718456002000000000e+09
6.697771526837058445e+03 2.838584204000000000e+09
6.696876434764199075e+03 2.218571039000000000e+09
6.674630157047518878e+03 3.180480768000000000e+09
6.694782736665549237e+03 1.099545264000000000e+09
6.705702327966371740e+03 2.363876889000000000e+09
6.717061118102446926e+03 3.545779544000000000e+09
6.690809447122983329e+03 2.134007405000000000e+09
6.685474521384121545e+03 1.529208381000000000e+09
6.721456179975449231e+03 3.832762748000000000e+09
6.707075429381357935e+03 3.540886540000000000e+08
6.721477747326974168e+03 1.953670687000000000e+09
6.686212824183994599e+03 1.377077483000000000e+09
6.697351542772559696e+03 2.136506645000000000e+09
6.706485580084290632e+03 3.041249870000000000e+08
6.695621989176966053e+03 9.747327390000000000e+08
6.692412974989069880e+03 2.991625538000000000e+09
6.692371799410042513e+03 9.550639880000000000e+08
6.696512819497687815e+03 1.588314884000000000e+09
6.705572634700292838e+03 6.737267210000000000e+08
6.669619816468532008e+03 2.282382345000000000e+09
6.698526588492836709e+03 4.077885505000000000e+09
6.689871019866965980e+03 3.894101180000000000e+08
6.672173745534144473e+03 7.537981600000000000e+07
6.694690380740235923e+03 3.357846605000000000e+09
6.697612617010581744e+03 1.061761304000000000e+09
6.679570801445401230e+03 1.331983922000000000e+09
6.697500618039676738e+03 2.693442248000000000e+09
6.684961293486973773e+03 1.484591580000000000e+09
6.712512602339031218e+03 3.643459217000000000e+09
6.698674432558390436e+03 1.290801268000000000e+09
6.699400522389631078e+03 1.115638018000000000e+09
6.704510339856512473e+03 4.040194313000000000e+09
6.680949596390418264e+03 5.534421230000000000e+08
6.691859454701385403e+03 1.799994802000000000e+09
6.697068214640223232e+03 4.282800245000000000e+09
6.695144419734238909e+03 1.591387467000000000e+09
6.685931986070070707e+03 1.224548600000000000e+09
6.702182460175817141e+03 2.440657315000000000e+09
6.690529250912876705e+03 3.502686612000000000e+09
6.699123716289676850e+03 2.818722963000000000e+09
6.708660039162593421e+03 2.808540847000000000e+09
6.703690639562936667e+03 2.115652535000000000e+09
6.685562173473513212e+03 9.868485250000000000e+08
6.692853241147274275e+03 1.949629675000000000e+09
6.696038257406030425e+03 4.150161633000000000e+09
6.704359485163571662e+03 1.880402123000000000e+09
6.707969456875156538e+03 3.277746750000000000e+09
6.694822296949502743e+03 2.916358654000000000e+09
6.699487072496597648e+03 2.361417402000000000e+09
6.705373445478981012e+03 5.578601490000000000e+08
6.711901387755442556e+03 4.168389665000000000e+09
6.701030326538458212e+03 7.622845650000000000e+08
6.693132393035653877e+03 3.269308630000000000e+08
6.694068220731740439e+03 4.103839120000000000e+09
6.697413183559960089e+03 2.670120626000000000e+09
6.700259567203473125e+03 2.616447376000000000e+09
6.691821556994711500e+03 1.707729567000000000e+09
6.699188060753663194e+03 3.696163640000000000e+08
6.691476175914242049e+03 3.705644882000000000e+09
6.709527778836110883e+03 1.497998240000000000e+09
6.701575995058878107e+03 5.406738490000000000e+08
6.709398185462077890e+03 3.384596721000000000e+09
6.683868648764094360e+03 1.662091106000000000e+09
6.686490385272862113e+03 2.923954557000000000e+09
6.688234078570045313e+03 1.651841057000000000e+09
6.698887595593455444e+03 3.833115465000000000e+09
6.686551129877994754e+03 1.483132073000000000e+09
6.714672325121795438e+03 1.566532696000000000e+09
6.685039411980165823e+03 3.174708041000000000e+09
6.705947879689959336e+03 3.698660935000000000e+09
6.699710656890236351e+03 4.122810190000000000e+09
6.711649560574901443e+03 1.594269224000000000e+09
6.684450991529667590e+03 3.883431324000000000e+09
6.703051049066728410e+03 2.584456939000000000e+09
6.701724486839751989e+03 6.901025580000000000e+08
6.686861735548940487e+03 3.573040760000000000e+08
6.683153775262167983e+03 3.490174440000000000e+09
6.717693853448185109e+03 3.702793140000000000e+08
6.691041652705564047e+03 4.020194694000000000e+09
6.695008684750469001e+03 6.418923950000000000e+08
6.689033789668046666e+03 2.024081756000000000e+09
6.694244830532851665e+03 3.111877965000000000e+09
6.711964139497034921e+03 1.555726247000000000e+09
6.702515304857353840e+03 3.286059129000000000e+09
6.685633306919431561e+03 2.960537710000000000e+08
6.680045827626934624e+03 2.908518464000000000e+09
6.689228609295413662e+03 3.410741369000000000e+09
6.702828332390799005e+03 4.009712526000000000e+09
6.684495142074143587e+03 3.206379851000000000e+09
6.698805975460141781e+03 1.276078790000000000e+09
6.703454735252656064e+03 1.550227793000000000e+09
6.695644372312919586e+03 3.233173426000000000e+09
6.678142938524120837e+03 2.243397801000000000e+09
6.682820084889558530e+03 8.115901470000000000e+08
6.680250914273367016e+03 1.255533651000000000e+09
6.672074896926253132e+03 1.930491174000000000e+09
6.698621999170654817e+03 4.013521077000000000e+09
6.691797833395305133e+03 5.977107800000000000e+08
6.688987049843362001e+03 3.594328993000000000e+09
6.704438204820071405e+03 2.846621192000000000e+09
6.705909901128666206e+03 2.383352981000000000e+09
6.682885326393316063e+03 4.958093800000000000e+07
6.700030739068569346e+03 3.231117442000000000e+09
6.698338100208648029e+03 1.351096331000000000e+09
6.676997673258008035e+03 1.747328500000000000e+08
6.688534078409268659e+03 2.164991263000000000e+09
6.682819900118601254e+03 2.301821440000000000e+09
6.691766449842727525e+03 1.304639256000000000e+09
6.694519264293623564e+03 1.293605904000000000e+09
6.690224397808518916e+03 2.720971235000000000e+09
6.692140357961567133e+03 4.086070628000000000e+09
6.670211530127991864e+03 1.411393920000000000e+09
6.702758101823828838e+03 3.670892071000000000e+09
6.713670692291054365e+03 1.621977363000000000e+09
6.705695039549660578e+03 2.547856027000000000e+09
6.697299241998423895e+03 2.391654002000000000e+09
6.681391567268293329e+03 6.303746960000000000e+08
6.704096435992119950e+03 2.863457919000000000e+09
6.690430836300881310e+03 4.213385448000000000e+09
6.700786647218708822e+03 3.611784292000000000e+09
6.701825390120097836e+03 3.220155718000000000e+09
6.696645715660824862e+03 1.632158935000000000e+09
6.711996648459517928e+03 3.855927090000000000e+09
6.696544427684496441e+03 3.810421779000000000e+09
6.689286047409453204e+03 3.105046188000000000e+09
6.706740111908750805e+03 3.919959496000000000e+09
6.704748642978286625e+03 3.733920665000000000e+09
6.709798702943560784e+03 1.435170155000000000e+09
6.688372085954089016e+03 1.493608810000000000e+08
6.692148777201215125e+03 9.467383820000000000e+08
6.683188503182014756e+03 2.598497635000000000e+09
6.700513835547724739e+03 3.861223041000000000e+09
6.686555515187066703e+03 2.875551194000000000e+09
6.700438541849476678e+03 2.771240370000000000e+09
6.694784291259020392e+03 2.410221990000000000e+08
6.695756767304455934e+03 3.216663147000000000e+09
6.695497615144116935e+03 1.431887783000000000e+09
6.711182275591434518e+03 4.081845372000000000e+09
6.693614461500690595e+03 2.064927451000000000e+09
6.699401525901805144e+03 3.486841087000000000e+09
6.685982512932702775e+03 1.494573038000000000e+09
6.702839344730798985e+03 2.918141242000000000e+09
6.685000280065678453e+03 6.984714510000000000e+08
6.683525355426251735e+03 3.852128766000000000e+09
6.683808371316557896e+03 1.341940001000000000e+09
6.690893835306879737e+03 2.008862955000000000e+09
6.700660428282508292e+03 2.593374769000000000e+09
6.718201519302117958e+03 1.278075806000000000e+09
6.694241795082858516e+03 3.600554570000000000e+09
6.700990453897858970e+03 6.184199030000000000e+08
6.684224234258375873e+03 2.916723824000000000e+09
6.698431717628613114e+03 1.784795412000000000e+09
6.685003388373960661e+03 2.960275945000000000e+09
6.711265844153200305e+03 2.261168968000000000e+09
6.701068319432120916e+03 3.310833000000000000e+09
6.693330701148253866e+03 5.945105720000000000e+08
6.680643226560005132e+03 1.783249777000000000e+09
6.696313469483964582e+03 8.078270350000000000e+08
6.697069375699393277e+03 9.804968230000000000e+08
6.691068417977845456e+03 2.976253926000000000e+09
6.697699757265994776e+03 3.234962714000000000e+09
6.691889345448119457e+03 3.170531613000000000e+09
6.704595995032928840e+03 2.557170200000000000e+08
6.710386610975416261e+03 3.186522600000000000e+09
6.678034148208606894e+03 2.970909560000000000e+08
6.693396738008328612e+03 3.906008637000000000e+09
6.718155698358522386e+03 2.219449868000000000e+09
6.701572941020538565e+03 2.584323700000000000e+08
6.708703653643891812e+03 2.057838893000000000e+09
6.680291005146847056e+03 1.065021248000000000e+09
6.691986619238844469e+03 6.354279470000000000e+08
6.696911537699123073e+03 4.059173884000000000e+09
6.704083085207542354e+03 1.016527893000000000e+09
6.689121277731102055e+03 3.744092043000000000e+09
6.692508858561594025e+03 8.610516420000000000e+08
6.693280787017734838e+03 3.608181385000000000e+09
6.697226260604857089e+03 4.938814800000000000e+08
6.692280559877195628e+03 3.855425437000000000e+09
6.681421358284938833e+03 1.432712803000000000e+09
6.711788783428331953e+03 9.638589020000000000e+08
6.698611049186005403e+03 1.492828885000000000e+09
6.707506306165715614e+03 9.837027070000000000e+08
6.685952308708108831e+03 3.496802394000000000e+09
6.687250474446846056e+03 2.165961006000000000e+09
6.688575366019733337e+03 7.169874430000000000e+08
6.707533576420282770e+03 3.184044730000000000e+08
6.710741014360663939e+03 9.251121210000000000e+08
6.695336962851552016e+03 2.942701663000000000e+09
6.698262140041531893e+03 4.153535849000000000e+09
6.695421869239280568e+03 3.491817181000000000e+09
6.690387229295928591e+03 2.684369625000000000e+09
6.684284320678247241e+03 3.490067314000000000e+09
6.680329059332827455e+03 1.309340400000000000e+09
6.697105441119538227e+03 2.194811295000000000e+09
6.694145605219930985e+03 2.418481297000000000e+09
6.700104615388714592e+03 1.376467050000000000e+08
6.688560926925666536e+03 2.047101220000000000e+08
6.709507734956978311e+03 1.962251550000000000e+09
6.711459374464825487e+03 1.808705408000000000e+09
6.696136665660695144e+03 8.884133640000000000e+08
6.687911363870889545e+03 6.512080610000000000e+08
6.696663734924288292e+03 1.109779964000000000e+09
6.678743657793771490e+03 2.959532936000000000e+09
6.718306964161224641e+03 8.916803000000000000e+06
6.696862551259674547e+03 2.630289592000000000e+09
6.702830029289306367e+03 3.721511156000000000e+09
6.690553504060656451e+03 2.037427117000000000e+09
6.686848130053900604e+03 3.770354364000000000e+09
6.711948634875983771e+03 1.380622038000000000e+09
6.681852749315936308e+03 1.460139820000000000e+09
6.706260868187070628e+03 1.438677519000000000e+09
6.688160153203177288e+03 1.043213596000000000e+09
6.705018333249417992e+03 2.219219160000000000e+08
6.698161521535492284e+03 2.925859751000000000e+09
6.697183438522056349e+03 3.534451599000000000e+09
6.698745495047766781e+03 5.997834170000000000e+08
6.689403314736269749e+03 8.537054550000000000e+08
6.700846150557293186e+03 1.027382609000000000e+09
6.692429305633018885e+03 4.170249420000000000e+09
6.704631824760383097e+03 1.297214090000000000e+09
6.696824740048139574e+03 2.774304241000000000e+09
6.710611801848721370e+03 2.234845430000000000e+09
6.690811080176365977e+03 3.569021653000000000e+09
6.707517010446673339e+03 1.618122771000000000e+09
6.701678770180795254e+03 2.960598537000000000e+09
6.687137394588928146e+03 1.125893173000000000e+09
6.694079843079017337e+03 2.955419324000000000e+09
6.698991490765725757e+03 4.254308372000000000e+09
6.700734161616719575e+03 1.705119487000000000e+09
6.709294354915115036e+03 1.177434737000000000e+09
6.701266307031353790e+03 3.134450700000000000e+08
6.695386618044622992e+03 6.580153330000000000e+08
6.705584736481408981e+03 2.732469824000000000e+09
6.696242802091087469e+03 3.028620649000000000e+09
6.704654304655507985e+03 1.932291530000000000e+09
6.690494911136138398e+03 1.051749739000000000e+09
6.689680834631756625e+03 4.168127319000000000e+09
6.689606066726192694e+03 6.817476000000000000e+08
6.677006381049110132e+03 2.203983697000000000e+09
6.691525569315200300e+03 2.663284846000000000e+09
6.709567100138407113e+03 1.555472894000000000e+09
6.676251503192938799e+03 1.285209309000000000e+09
6.688724119728178266e+03 1.335294088000000000e+09
6.690378934706555810e+03 1.630795278000000000e+09
6.691471298387079514e+03 1.736731605000000000e+09
6.695329908575968147e+03 3.561505347000000000e+09
6.675531443377980395e+03 3.421036312000000000e+09
6.693098030073923837e+03 3.566216366000000000e+09
6.710185879765595018e+03 5.074476850000000000e+08
6.701836826824714990e+03 4.286648276000000000e+09
6.685100983445106976e+03 1.613566417000000000e+09
6.695234472140233265e+03 8.982561120000000000e+08
6.714441206125294229e+03 1.740006549000000000e+09
6.688993651045524530e+03 1.865716201000000000e+09
6.698844265489466125e+03 3.495094168000000000e+09
6.683070749258158685e+03 4.014882276000000000e+09
6.698238982948701960e+03 5.380180980000000000e+08
6.699666195087429514e+03 1.635608567000000000e+09
6.691251087778536203e+03 1.589809901000000000e+09
6.708795175930566074e+03 2.377128130000000000e+09
6.703393625090623573e+03 3.719940577000000000e+09
6.697040425619992675e+03 2.757694170000000000e+08
6.703291096494609519e+03 6.728652410000000000e+08
6.685963268047193196e+03 1.682107825000000000e+09
6.702546121609381771e+03 3.169861864000000000e+09
6.695260057661729661e+03 2.581985030000000000e+08
6.693980154464215957e+03 2.235766131000000000e+09
6.715412046566323625e+03 7.404280620000000000e+08
6.682478261346726867e+03 5.751062630000000000e+08
6.692180366079961459e+03 3.254050514000000000e+09
6.692082780543921217e+03 4.033774275000000000e+09
6.685569912639895847e+03 1.760442690000000000e+08
6.688860757842183375e+03 3.237584200000000000e+09
6.706785809579454508e+03 3.579390247000000000e+09
6.701848720897511157e+03 2.941334770000000000e+08
6.707772902806473212e+03 3.145122621000000000e+09
6.717809579845461485e+03 1.817226166000000000e+09
6.698533515062435072e+03 6.464788690000000000e+08
6.707355516729251576e+03 3.756602231000000000e+09
6.713936104213607905e+03 1.789944494000000000e+09
6.684379183819377431e+03 3.954230660000000000e+09
6.687685900017223503e+03 9.333118900000000000e+07
6.690783866414552904e+03 3.919390756000000000e+09
6.700680427649353078e+03 1.225049666000000000e+09
6.713642639391383454e+03 7.359378380000000000e+08
6.705909015338976133e+03 1.704677145000000000e+09
6.704695217644921286e+03 9.498688930000000000e+08
6.703421237635362559e+03 3.207865278000000000e+09
6.692742808092359155e+03 7.905932920000000000e+08
6.698442233597103041e+03 3.628920130000000000e+08
6.688103665247811477e+03 3.002225440000000000e+09
6.702853758806258156e+03 1.364717596000000000e+09
6.704154531713842516e+03 1.952983720000000000e+09
6.695691160096552267e+03 1.016896450000000000e+08
6.705579636937657597e+03 3.142030700000000000e+09
6.691454949563443733e+03 3.304549517000000000e+09
6.700391757604885242e+03 3.634772838000000000e+09
6.677561415548803780e+03 2.150862839000000000e+09
6.706891071434913101e+03 3.495959107000000000e+09
6.707863240381935611e+03 2.408964970000000000e+08
6.692193216438700802e+03 2.250836647000000000e+09
6.696650277914643993e+03 4.405848560000000000e+08
6.698506857936945380e+03 1.144829835000000000e+09
6.693843712225801937e+03 7.744134400000000000e+07
6.697515625861504304e+03 2.353939240000000000e+09
6.693179335906836059e+03 3.060034833000000000e+09
6.678111894084117012e+03 2.400569750000000000e+09
6.692822264639533387e+03 3.593566944000000000e+09
6.719744811338511681e+03 2.879526380000000000e+08
6.697482006123917927e+03 1.792872623000000000e+09
6.690933429236412849e+03 1.693790910000000000e+09
6.707664659060255872e+03 2.255985116000000000e+09
6.701860227204501825e+03 6.568074160000000000e+08
6.705557942839362113e+03 7.865442370000000000e+08
6.680903408260042852e+03 2.943595031000000000e+09
6.685749894702908023e+03 3.031721354000000000e+09
