# Lens_likelihood 	 seed
6.246109884044673890e+03 1.709935625000000000e+09
6.266908889985477799e+03 6.607388400000000000e+07
6.282677834498837001e+03 3.664011802000000000e+09
6.240445579742051450e+03 6.867050510000000000e+08
6.222466700753393525e+03 3.502877815000000000e+09
6.270926054136863058e+03 4.105220521000000000e+09
6.233743344011049885e+03 3.587166500000000000e+07
6.267348246846697293e+03 2.333060630000000000e+08
6.264730409361375678e+03 2.768652152000000000e+09
6.221206968540310299e+03 3.681370393000000000e+09
6.280320522858104596e+03 2.398065627000000000e+09
6.225109756383544664e+03 3.818773582000000000e+09
6.257181933627500257e+03 1.825863950000000000e+08
6.249501793202442968e+03 7.875947850000000000e+08
6.250755139493491697e+03 1.057045913000000000e+09
6.254308869901802609e+03 4.155120133000000000e+09
6.250318127665929751e+03 2.524046020000000000e+08
6.211963256764810467e+03 2.637797065000000000e+09
6.261483915495108704e+03 1.548059891000000000e+09
6.276338336607665042e+03 1.017153140000000000e+08
6.277639348957551192e+03 2.407296084000000000e+09
6.263875045117894842e+03 3.560724216000000000e+09
6.255513431126243631e+03 1.187265018000000000e+09
6.255014702067825965e+03 2.703765687000000000e+09
6.271861751748735514e+03 1.680037584000000000e+09
6.254248909373168317e+03 3.230005703000000000e+09
6.232051121312198120e+03 3.674123759000000000e+09
6.253833290451637367e+03 3.254852838000000000e+09
6.234606456481468740e+03 4.233509609000000000e+09
6.220047495991369942e+03 4.729007230000000000e+08
6.255623439087323277e+03 2.682197480000000000e+09
6.240837638863217762e+03 2.439205126000000000e+09
6.277593758123402949e+03 3.705821280000000000e+09
6.273025231553559934e+03 2.779880870000000000e+09
6.254621152768460888e+03 3.294507399000000000e+09
6.239175293980115384e+03 7.569184240000000000e+08
6.283225874156217287e+03 1.351361544000000000e+09
6.246274597927975265e+03 1.228914734000000000e+09
6.258799652594418149e+03 1.566270830000000000e+09
6.242130358256753425e+03 2.212664888000000000e+09
6.271698168970955521e+03 3.078915177000000000e+09
6.281921804534779767e+03 2.694631638000000000e+09
6.265688194024038239e+03 2.033343409000000000e+09
6.259460638343138271e+03 3.674638082000000000e+09
6.254170177080859503e+03 3.444385408000000000e+09
6.275242990151774393e+03 4.204111622000000000e+09
6.250559051487147372e+03 1.877909836000000000e+09
6.277227198429132841e+03 2.900419238000000000e+09
6.249919943286478883e+03 1.845006804000000000e+09
6.237108715425201808e+03 4.336632990000000000e+08
6.242295657430940992e+03 2.655265472000000000e+09
6.231768418737016873e+03 1.364163668000000000e+09
6.224940433370273240e+03 4.693586580000000000e+08
6.253446974105032496e+03 2.206815712000000000e+09
6.262026485292787584e+03 2.705126232000000000e+09
6.274802926810710233e+03 1.367843134000000000e+09
6.256479557843420480e+03 1.902772285000000000e+09
6.238606496863249959e+03 3.946973070000000000e+09
6.258060800730308074e+03 3.087143069000000000e+09
6.270226562795227437e+03 2.583096179000000000e+09
6.249302735919527549e+03 1.058600677000000000e+09
6.272009165610887067e+03 3.140814694000000000e+09
6.271844891299175288e+03 2.825635047000000000e+09
6.263779838929359357e+03 2.989910906000000000e+09
6.266768302749508621e+03 3.263344086000000000e+09
6.228890041645703604e+03 1.966703510000000000e+09
6.222734163545841511e+03 3.276721080000000000e+08
6.263661180056491503e+03 2.809486072000000000e+09
6.255729511689772153e+03 1.000066856000000000e+09
6.239725443067894957e+03 2.837665821000000000e+09
6.228793514329392565e+03 2.922938680000000000e+08
6.264433416508377377e+03 2.375819795000000000e+09
6.269240641906277233e+03 3.258559587000000000e+09
6.235003437917341216e+03 8.124632920000000000e+08
6.244840739806219972e+03 7.097480670000000000e+08
6.232706387232044108e+03 1.763700681000000000e+09
6.270026460414203939e+03 1.608392702000000000e+09
6.230647684449286317e+03 1.068135707000000000e+09
6.264419816212292972e+03 1.598629616000000000e+09
6.254503490751185382e+03 9.382867700000000000e+07
6.267808931527892128e+03 2.684929510000000000e+09
6.260552858981998725e+03 5.332495880000000000e+08
6.266448660701285007e+03 3.818096200000000000e+09
6.261865680305771093e+03 1.831516701000000000e+09
6.239752657759771864e+03 3.413962546000000000e+09
6.266615923549416948e+03 3.125845903000000000e+09
6.238662777320614623e+03 1.710587194000000000e+09
6.225421040552359045e+03 2.110861350000000000e+09
6.225900549157287060e+03 3.352270439000000000e+09
6.262135049085819446e+03 9.112323040000000000e+08
6.291621931086732729e+03 9.207753370000000000e+08
6.273571085102062170e+03 2.969855202000000000e+09
6.265164198990275509e+03 3.254349153000000000e+09
6.243776474939528271e+03 3.597290731000000000e+09
6.246410569096168729e+03 1.158269882000000000e+09
6.252794808799693783e+03 1.715062540000000000e+08
6.276842349515482056e+03 3.461840216000000000e+09
6.243632756267412333e+03 3.794215086000000000e+09
6.258123575733789039e+03 3.858159083000000000e+09
6.252540216964758656e+03 3.839071390000000000e+08
6.245852908382456008e+03 9.747653980000000000e+08
6.263628739663477972e+03 4.043039081000000000e+09
6.253635770013491310e+03 3.660300890000000000e+09
6.255700330554317588e+03 3.001305385000000000e+09
6.248945707473097173e+03 3.710105002000000000e+09
6.262658191488890225e+03 2.915440916000000000e+09
6.240408052798378776e+03 3.641455270000000000e+08
6.280371967666425007e+03 3.498814174000000000e+09
6.219905501945600918e+03 1.461898638000000000e+09
6.206680856449747807e+03 1.410036024000000000e+09
6.207843085982056436e+03 3.989503069000000000e+09
6.265557696574471265e+03 7.408987570000000000e+08
6.262026188982364147e+03 8.437333300000000000e+08
6.254417753926715704e+03 4.041417600000000000e+09
6.277931433620296957e+03 4.084377028000000000e+09
6.240541854383221107e+03 3.661196667000000000e+09
6.231706851286624442e+03 1.642865178000000000e+09
6.286292547924134851e+03 3.294732791000000000e+09
6.254182137783322105e+03 8.217771770000000000e+08
6.228323392911993324e+03 2.992494532000000000e+09
6.220992306615930829e+03 9.938377500000000000e+08
6.270986920790608565e+03 2.420221344000000000e+09
6.187555491250393061e+03 2.062964475000000000e+09
6.257755268243676255e+03 2.284756519000000000e+09
6.272278003968880512e+03 4.242353253000000000e+09
6.240224685737836808e+03 1.884654107000000000e+09
6.240871305903332541e+03 4.116499530000000000e+08
6.241283981838678301e+03 2.988961596000000000e+09
6.242532263565989524e+03 3.697701245000000000e+09
6.216926121672659974e+03 2.050582184000000000e+09
6.264034092122274160e+03 4.027681880000000000e+08
6.213781859511591392e+03 1.831697355000000000e+09
6.221250487331235490e+03 2.790824948000000000e+09
6.237160304598392031e+03 2.080300713000000000e+09
6.220083472208901185e+03 3.987535647000000000e+09
6.230245368611158483e+03 3.088265707000000000e+09
6.256398024102169074e+03 3.152263751000000000e+09
6.261100417984391242e+03 4.313461350000000000e+08
6.242800482744936744e+03 1.441142508000000000e+09
6.237316532834453028e+03 3.366881082000000000e+09
6.245463037048563820e+03 3.225556532000000000e+09
6.266839283435319885e+03 4.245123942000000000e+09
6.268204389082125090e+03 6.768528120000000000e+08
6.236861697774863387e+03 1.425328769000000000e+09
6.259336974927199662e+03 2.771266200000000000e+09
6.268935548593874955e+03 3.285277329000000000e+09
6.297554851069746292e+03 3.976006726000000000e+09
6.266067197167772974e+03 6.746316900000000000e+08
6.279914435309018700e+03 2.908101003000000000e+09
6.247949702045934828e+03 1.046676742000000000e+09
6.252434928944924650e+03 1.483442116000000000e+09
6.256386589462461416e+03 2.467403380000000000e+08
6.245904007784512032e+03 4.128854340000000000e+09
6.264173536619720835e+03 2.158223968000000000e+09
6.261369549137463764e+03 2.666205735000000000e+09
6.274606177891695552e+03 1.423126239000000000e+09
6.266818952691462073e+03 3.727366033000000000e+09
6.237799728728430637e+03 1.451955636000000000e+09
6.254095453073541648e+03 3.971456044000000000e+09
6.225711304827835193e+03 2.154386277000000000e+09
6.246658883280914779e+03 1.927356689000000000e+09
6.236773909183421893e+03 4.865766820000000000e+08
6.242726580833474145e+03 2.597484556000000000e+09
6.256429774464278125e+03 2.880396854000000000e+09
6.268359720331125573e+03 2.925216717000000000e+09
6.241230794434392010e+03 2.833776780000000000e+09
6.274007887367438343e+03 2.745647463000000000e+09
6.243886389587923077e+03 1.854485400000000000e+09
6.259461972567588418e+03 7.560157380000000000e+08
6.247547265354379306e+03 3.741594932000000000e+09
6.252706475778339154e+03 2.581925077000000000e+09
6.250584297497398438e+03 9.488955610000000000e+08
6.207502989976203935e+03 3.231227926000000000e+09
6.251194794442130842e+03 9.440737950000000000e+08
6.272115683361515039e+03 2.818142520000000000e+09
6.250490213843059792e+03 3.805171639000000000e+09
6.240647574653662559e+03 3.772383196000000000e+09
6.248365190517938572e+03 2.160813856000000000e+09
6.280896588082136986e+03 2.085838563000000000e+09
6.274154364909090873e+03 2.112890392000000000e+09
6.204322851115825870e+03 3.015346422000000000e+09
6.249214948799439298e+03 1.750239900000000000e+09
6.282127290978960445e+03 3.316045444000000000e+09
6.284507378129692370e+03 3.976036761000000000e+09
6.251877760591485639e+03 2.709577047000000000e+09
6.243616830706152541e+03 4.598447970000000000e+08
6.255892616850273043e+03 1.458469770000000000e+09
6.255105655995410416e+03 3.298769251000000000e+09
6.225174364778958079e+03 2.270740086000000000e+09
6.251964019526328229e+03 1.121520804000000000e+09
6.258591650378407394e+03 1.752783268000000000e+09
6.237182172902023012e+03 2.436900453000000000e+09
6.247036228926441254e+03 3.113342120000000000e+09
6.237474491982457039e+03 4.068877606000000000e+09
6.234264054413895792e+03 2.566396718000000000e+09
6.261404772413597129e+03 4.880165760000000000e+08
6.275412479588934730e+03 4.765716110000000000e+08
6.239981854689413922e+03 8.376658300000000000e+07
6.252071794013355429e+03 3.954725835000000000e+09
6.269423617482422742e+03 2.258796331000000000e+09
6.257301225783491645e+03 2.115626321000000000e+09
6.252594763490329569e+03 3.382334077000000000e+09
6.232123187359622534e+03 1.989832067000000000e+09
6.274616218257946457e+03 3.500153764000000000e+09
6.249345787332244072e+03 3.320544122000000000e+09
6.254606802572696324e+03 1.835375202000000000e+09
6.265428211481514154e+03 2.590779478000000000e+09
6.252642417604315597e+03 2.201147076000000000e+09
6.250546588449469709e+03 1.690575715000000000e+09
6.273189183237622274e+03 4.091988166000000000e+09
6.251640036706365208e+03 2.237288466000000000e+09
6.202410053532727034e+03 9.346691710000000000e+08
6.272012440961590073e+03 4.338073810000000000e+08
6.270714691121868782e+03 3.068671129000000000e+09
6.247338676067082815e+03 3.923334928000000000e+09
6.258168660417020874e+03 1.803572858000000000e+09
6.265620796430952396e+03 2.875288268000000000e+09
6.241642734037861374e+03 3.675535570000000000e+08
6.255143130046832994e+03 2.066686363000000000e+09
6.281754443109853128e+03 3.423249920000000000e+09
6.244232474020008340e+03 3.811246461000000000e+09
6.248220102643583232e+03 2.284700700000000000e+08
6.254039623675003895e+03 3.911499910000000000e+08
6.231907305445336533e+03 2.116155428000000000e+09
6.244660811033844766e+03 5.528588060000000000e+08
6.224106487413248033e+03 1.747244850000000000e+09
6.254424729593282791e+03 3.621389564000000000e+09
6.245957484977476270e+03 3.115688742000000000e+09
6.237930162009698506e+03 1.189900736000000000e+09
6.238032909512864535e+03 2.340844678000000000e+09
6.223299324289007018e+03 2.218756070000000000e+09
6.225451966842836555e+03 1.123032248000000000e+09
6.241772497136397760e+03 1.009591619000000000e+09
6.269214793922464196e+03 3.881834940000000000e+09
6.236641170700537259e+03 2.301589990000000000e+08
6.270209371967261177e+03 1.534434590000000000e+09
6.277439325154722610e+03 2.621117938000000000e+09
6.255729732437437633e+03 3.341819000000000000e+07
6.237903820317522332e+03 3.181171170000000000e+09
6.262656449373357646e+03 3.264246797000000000e+09
6.228535103197062199e+03 1.748039157000000000e+09
6.260859644127467618e+03 2.009602641000000000e+09
6.248042998950825677e+03 7.095372100000000000e+08
6.288317766985520393e+03 3.957919717000000000e+09
6.230094622254920978e+03 1.421452029000000000e+09
6.264538336016221365e+03 1.518339115000000000e+09
6.243390363100038485e+03 3.310173892000000000e+09
6.280075585385112390e+03 1.829570795000000000e+09
6.258040950376305773e+03 1.463230244000000000e+09
6.254974430982278136e+03 1.362220486000000000e+09
6.254766796150222945e+03 4.521321760000000000e+08
6.281766430838536508e+03 5.264607650000000000e+08
6.252688552764413544e+03 1.058612700000000000e+08
6.223979784428885068e+03 3.839331233000000000e+09
6.211953466514793035e+03 9.908944400000000000e+08
6.248587804980454166e+03 3.444105170000000000e+08
6.249469523590426434e+03 2.280022988000000000e+09
6.268199618031857426e+03 2.595696137000000000e+09
6.279716382843134852e+03 1.409853472000000000e+09
6.264119685071804270e+03 1.375310000000000000e+09
6.242301248729986582e+03 2.679225501000000000e+09
6.278586270421685185e+03 3.384320883000000000e+09
6.278085952054970221e+03 3.082085227000000000e+09
6.272776476829643798e+03 2.960925275000000000e+09
6.229330470214637899e+03 3.709272240000000000e+08
6.266078698317608541e+03 2.363994029000000000e+09
6.269365491423072854e+03 1.936434891000000000e+09
6.247488555703149359e+03 1.428661037000000000e+09
6.276689106988554158e+03 1.160590189000000000e+09
6.268790346492564822e+03 2.403610194000000000e+09
6.230812420016962278e+03 2.467795997000000000e+09
6.255527853475352458e+03 6.388926780000000000e+08
6.225595069508905908e+03 2.954546820000000000e+09
6.252349117238114559e+03 1.860689746000000000e+09
6.231323296009976730e+03 3.982493388000000000e+09
6.268208016854856396e+03 9.350557470000000000e+08
6.253607622173392883e+03 1.051370920000000000e+08
6.241081240437068118e+03 2.609723433000000000e+09
6.234785732473053031e+03 1.430701861000000000e+09
6.189685172690209583e+03 9.730853640000000000e+08
6.249970627230640275e+03 2.155321675000000000e+09
6.248202213377242515e+03 3.495523672000000000e+09
6.246199423870380997e+03 1.896987490000000000e+08
6.279870242656015762e+03 5.964370010000000000e+08
6.246780001078540408e+03 2.093130667000000000e+09
6.267746517235693318e+03 2.405796613000000000e+09
6.230151134090790947e+03 7.392120890000000000e+08
6.280076077789038209e+03 4.416757200000000000e+08
6.242296963499342382e+03 3.442466194000000000e+09
6.266204933340467505e+03 1.929741191000000000e+09
6.242245576895855265e+03 2.328160471000000000e+09
6.240888159028027076e+03 3.303657127000000000e+09
6.240018693681688092e+03 2.771600228000000000e+09
6.220659477270537536e+03 7.581060700000000000e+07
6.262095267458367744e+03 3.895372110000000000e+08
6.241502863866106964e+03 2.949601400000000000e+09
6.236087716754244866e+03 2.242303190000000000e+08
6.260838999718094783e+03 3.147999375000000000e+09
6.264380922271844611e+03 9.877006360000000000e+08
6.268988785186376845e+03 2.509542087000000000e+09
6.255058873476706140e+03 6.726178780000000000e+08
6.268929385250674386e+03 3.387691495000000000e+09
6.221383250827337179e+03 3.364298111000000000e+09
6.221606748851421798e+03 3.646363471000000000e+09
6.249412035531568108e+03 3.778630512000000000e+09
6.242042032232899146e+03 3.405166503000000000e+09
6.235559472734653355e+03 1.118330866000000000e+09
6.231462796093147517e+03 3.700821754000000000e+09
6.275990929902887729e+03 1.402877100000000000e+09
6.252927572201045223e+03 1.855502285000000000e+09
6.257296851250402142e+03 1.279112286000000000e+09
6.251288353810170520e+03 1.328570717000000000e+09
6.298145264116073122e+03 3.764687888000000000e+09
6.266550531652830614e+03 7.773262520000000000e+08
6.257002686460549739e+03 1.828897175000000000e+09
6.267053698081665971e+03 3.967933760000000000e+09
6.255128515081096339e+03 3.477909440000000000e+09
6.236095311717693221e+03 9.164989120000000000e+08
6.240274277364458612e+03 7.856192150000000000e+08
6.229544944673403734e+03 7.189803710000000000e+08
6.223082716470298692e+03 1.006080756000000000e+09
6.247242796596659900e+03 2.587962200000000000e+07
6.228184593312153083e+03 3.229012983000000000e+09
6.257603762540257776e+03 4.199243920000000000e+09
6.261887691692965745e+03 4.114350320000000000e+08
6.232012406449664013e+03 3.624284107000000000e+09
6.238029511427334000e+03 5.907662040000000000e+08
6.255792682633705226e+03 1.258881312000000000e+09
6.222660709705454792e+03 4.138136914000000000e+09
6.246330427822239471e+03 2.078325203000000000e+09
6.279611332658027095e+03 9.654981830000000000e+08
6.236966090235323463e+03 2.692331139000000000e+09
6.223993005417604763e+03 2.169279310000000000e+08
6.230149583454703134e+03 3.570899410000000000e+08
6.255334102151273328e+03 1.380117005000000000e+09
6.257890703097922596e+03 4.120409379000000000e+09
6.250817759126590317e+03 3.318597446000000000e+09
6.272214791946988953e+03 1.574794460000000000e+09
6.232050858937861449e+03 1.565110387000000000e+09
6.254847681041159376e+03 3.323282161000000000e+09
6.222192721868694207e+03 3.933740607000000000e+09
6.269151096139691617e+03 3.791490540000000000e+08
6.235701862840933245e+03 4.754180720000000000e+08
6.280295391791105430e+03 1.461475331000000000e+09
6.253223852093869937e+03 2.408577850000000000e+08
6.262526819986953342e+03 1.291822092000000000e+09
6.249739282469183308e+03 3.183602349000000000e+09
6.261879979821361303e+03 2.322444762000000000e+09
6.251682901896577278e+03 4.090790305000000000e+09
6.258759576295768056e+03 1.543347096000000000e+09
