# Lens_likelihood 	 seed
5.641972739108918176e+03 4.156178675000000000e+09
5.675827442395320759e+03 1.894732605000000000e+09
5.625072684453788497e+03 3.997862659000000000e+09
5.602217113646656799e+03 2.488625060000000000e+09
5.638485565035045511e+03 3.277603030000000000e+08
5.648292356331553492e+03 3.863758734000000000e+09
5.592609132615445560e+03 7.049093400000000000e+08
5.614255161592179320e+03 2.645241344000000000e+09
5.614050531128637886e+03 1.686499488000000000e+09
5.606574521193734654e+03 2.331733039000000000e+09
5.665992080263948083e+03 2.333134425000000000e+09
5.609542185606111161e+03 1.375000340000000000e+09
5.624402891847314095e+03 1.708692399000000000e+09
5.645989585744494434e+03 2.306748222000000000e+09
5.656375181123948096e+03 2.295238921000000000e+09
5.619822301347645407e+03 1.858958429000000000e+09
5.699269180131215762e+03 4.145844642000000000e+09
5.644225544801572141e+03 2.052641543000000000e+09
5.622132793420549206e+03 2.031757827000000000e+09
5.648593582177413737e+03 2.042954937000000000e+09
5.641595484197412588e+03 9.195332760000000000e+08
5.607067984945535500e+03 1.433523171000000000e+09
5.592284616603235918e+03 2.618773046000000000e+09
5.646343354441578413e+03 3.023973097000000000e+09
5.664755561187148487e+03 3.400771143000000000e+09
5.633727326628074479e+03 1.180173890000000000e+09
5.661851932000882698e+03 1.802675178000000000e+09
5.664686924303625347e+03 6.796784120000000000e+08
5.643333291033437490e+03 3.898783718000000000e+09
5.606361198842927479e+03 4.084685999000000000e+09
5.677280886961198121e+03 3.881462742000000000e+09
5.626369526968936043e+03 1.441291434000000000e+09
5.664931791436540152e+03 1.643607724000000000e+09
5.650865846639206211e+03 1.141384790000000000e+09
5.642957492697931229e+03 2.737996230000000000e+09
5.685484511880844366e+03 1.775069223000000000e+09
5.657078350164867516e+03 3.356892426000000000e+09
5.626830459472317671e+03 1.571901037000000000e+09
5.669709315214977323e+03 3.297534400000000000e+09
5.607628686630203447e+03 3.024032630000000000e+09
5.619623608044663342e+03 2.927309499000000000e+09
5.647242776237864746e+03 2.950543786000000000e+09
5.636322264321383045e+03 1.463792931000000000e+09
5.637872386054154049e+03 1.078180451000000000e+09
5.659191988076254347e+03 3.477184722000000000e+09
5.660488447900363099e+03 3.381441243000000000e+09
5.651941204746959556e+03 3.636709485000000000e+09
5.648953915210990090e+03 2.388909720000000000e+08
5.632756049354740753e+03 1.939573484000000000e+09
5.642614341625730049e+03 3.517066947000000000e+09
5.657143069608875521e+03 1.409358577000000000e+09
5.658229024995140207e+03 1.104339337000000000e+09
5.659538709450625902e+03 1.350505525000000000e+09
5.641855122386072253e+03 5.939847000000000000e+06
5.630045869391358792e+03 1.429860393000000000e+09
5.675034183081450465e+03 4.038454711000000000e+09
5.621177318195577755e+03 1.706835407000000000e+09
5.630998461180721279e+03 2.560515491000000000e+09
5.644755149770124262e+03 3.947888915000000000e+09
5.641414107846002480e+03 3.915457107000000000e+09
5.617094218251913844e+03 2.797058518000000000e+09
5.624660602099087555e+03 2.659079721000000000e+09
5.660186460946386433e+03 3.665088301000000000e+09
5.641640388254288155e+03 1.861051360000000000e+08
5.607229626303510486e+03 2.103956671000000000e+09
5.641834986795996883e+03 4.301929700000000000e+08
5.675918456323858663e+03 3.598744321000000000e+09
5.629673961561746182e+03 2.525437240000000000e+08
5.619701443084664788e+03 2.000558436000000000e+09
5.610419362572098180e+03 3.224756019000000000e+09
5.658791359176802871e+03 4.119141645000000000e+09
5.653152609114064944e+03 2.588663082000000000e+09
5.625930798402408072e+03 2.325914887000000000e+09
5.628187642483832860e+03 9.230664990000000000e+08
5.640748714280229251e+03 2.973401384000000000e+09
5.627221059796936061e+03 4.218349079000000000e+09
5.677992863877822856e+03 3.061401880000000000e+09
5.648036686215902591e+03 3.660853699000000000e+09
5.623742098183185590e+03 4.259206515000000000e+09
5.664271214837611296e+03 2.842747301000000000e+09
5.633598573848787055e+03 1.520423027000000000e+09
5.644774200675536122e+03 1.009615050000000000e+08
5.652576376599063224e+03 2.692597057000000000e+09
5.652383617708474048e+03 3.143846070000000000e+08
5.642065977491509329e+03 2.939155052000000000e+09
5.655567095893537044e+03 1.414116794000000000e+09
5.653686864949603660e+03 1.135623182000000000e+09
5.631913857999350512e+03 3.545433653000000000e+09
5.623248436907081668e+03 1.902169484000000000e+09
5.645793097682455482e+03 3.256518738000000000e+09
5.652079561520485186e+03 1.885284656000000000e+09
5.658182658774152515e+03 1.442017240000000000e+08
5.628786349677928229e+03 1.691972782000000000e+09
5.632092383200211771e+03 1.837105275000000000e+09
5.646009158749167909e+03 2.804575776000000000e+09
5.630525527073051308e+03 3.233552284000000000e+09
5.637841826430906622e+03 3.927201224000000000e+09
5.617380676478442183e+03 2.619814468000000000e+09
5.657784053229152050e+03 2.084196536000000000e+09
5.642361083822693217e+03 1.687168079000000000e+09
5.662631995506267231e+03 1.027707070000000000e+08
5.652568039872612644e+03 3.385202152000000000e+09
5.662204866120144288e+03 4.209564415000000000e+09
5.651240766759783583e+03 3.660178785000000000e+09
5.667655229267887989e+03 3.331659004000000000e+09
5.641163679184049215e+03 1.999901693000000000e+09
5.642941421615569197e+03 3.409126872000000000e+09
5.628477649290925910e+03 4.258700912000000000e+09
5.632407981808810291e+03 2.520735784000000000e+09
5.617356345154070368e+03 7.924310220000000000e+08
5.624678704206971815e+03 3.484102119000000000e+09
5.650385276999984853e+03 3.637857410000000000e+08
5.674916907898570571e+03 9.339347300000000000e+07
5.677815129437708492e+03 7.086789200000000000e+07
5.622099065896546563e+03 2.012347489000000000e+09
5.667205583379787640e+03 3.918139753000000000e+09
5.628344376210003247e+03 4.746100120000000000e+08
5.662016865502726432e+03 2.477812472000000000e+09
5.603460739957685291e+03 2.084319429000000000e+09
5.653685513376654853e+03 9.327343330000000000e+08
5.616658417883920265e+03 4.143750000000000000e+06
5.663151278900530087e+03 2.488189994000000000e+09
5.653179117830430187e+03 1.142910730000000000e+09
5.616158730571490196e+03 1.970628517000000000e+09
5.673136062011073591e+03 1.235506425000000000e+09
5.653070611995141917e+03 3.028624187000000000e+09
5.643507794609426128e+03 3.925802931000000000e+09
5.639507217861575555e+03 4.122396630000000000e+09
5.686689536810885329e+03 3.840623314000000000e+09
5.657001125551800214e+03 3.241003160000000000e+08
5.645046170594387149e+03 6.096375010000000000e+08
5.649132846035395232e+03 3.703633376000000000e+09
5.663850681929694474e+03 9.396860500000000000e+07
5.674459048957628511e+03 2.107012469000000000e+09
5.640887717492318188e+03 2.319990537000000000e+09
5.623689308875543247e+03 3.052240980000000000e+09
5.656563365686826728e+03 2.636699860000000000e+09
5.619011907986999177e+03 1.835292439000000000e+09
5.624575740229316580e+03 3.915531570000000000e+08
5.630974781531815097e+03 1.687076009000000000e+09
5.685689923279262075e+03 2.719846533000000000e+09
5.688994540102333303e+03 1.470135190000000000e+09
5.623935946398336455e+03 1.599507996000000000e+09
5.644620617428920923e+03 4.238291259000000000e+09
5.672561475016520490e+03 4.187099441000000000e+09
5.665960691011365270e+03 2.562845248000000000e+09
5.643636058183555178e+03 5.845691790000000000e+08
5.624881219500138286e+03 3.412000302000000000e+09
5.602412754973166557e+03 2.011155380000000000e+08
5.652427179226304361e+03 3.869051032000000000e+09
5.631560144611531541e+03 2.525612577000000000e+09
5.674780580655515223e+03 2.931504807000000000e+09
5.646437042890745943e+03 3.472882440000000000e+09
5.643381462776083936e+03 6.269079340000000000e+08
5.669976965884014135e+03 2.189763673000000000e+09
5.669780048109094423e+03 6.197242400000000000e+08
5.658015694543423706e+03 4.091263980000000000e+09
5.624730403564613880e+03 3.767747175000000000e+09
5.661320829423540999e+03 7.573123320000000000e+08
5.658422751593914654e+03 2.356553995000000000e+09
5.628532866029543584e+03 1.767825446000000000e+09
5.660665106363839186e+03 3.246459019000000000e+09
5.648400080659394916e+03 9.223058180000000000e+08
5.630219916714288047e+03 2.557172407000000000e+09
5.638540822520148140e+03 1.376787433000000000e+09
5.651367502808242534e+03 5.984153250000000000e+08
5.655275374246240972e+03 3.042582871000000000e+09
5.640039302841254539e+03 1.479006237000000000e+09
5.631353019904098801e+03 3.939667905000000000e+09
5.640944232093323080e+03 2.019119662000000000e+09
5.651291207792041860e+03 2.253240480000000000e+08
5.666019884093235305e+03 3.190432400000000000e+08
5.675831403840639723e+03 1.090383612000000000e+09
5.651738209091141471e+03 1.773888182000000000e+09
5.666248275624006965e+03 1.030863088000000000e+09
5.644052372918083165e+03 1.270859264000000000e+09
5.637452082147249712e+03 2.118095351000000000e+09
5.657620918101771167e+03 3.179873170000000000e+08
5.623053691556569902e+03 6.709606310000000000e+08
5.623142212891891177e+03 3.019432521000000000e+09
5.650250649420382615e+03 1.296283322000000000e+09
5.618022316313291412e+03 4.248704924000000000e+09
5.679053558987657198e+03 3.361221115000000000e+09
5.638004961457366335e+03 4.249739225000000000e+09
5.619884092772252188e+03 2.855892559000000000e+09
5.643772828321651104e+03 1.563918827000000000e+09
5.629739961189703536e+03 1.596291484000000000e+09
5.635537913446785751e+03 1.746189308000000000e+09
5.651065513256745362e+03 3.492951816000000000e+09
5.663209357885509235e+03 1.190422854000000000e+09
5.668847913539251749e+03 3.839766718000000000e+09
5.632344021297151812e+03 2.409363738000000000e+09
5.618043490601860867e+03 1.072094739000000000e+09
5.641340512588174533e+03 2.458763700000000000e+09
5.661629873331934505e+03 8.454462270000000000e+08
5.649364355760576473e+03 8.136865600000000000e+07
5.667492247034083448e+03 2.667579145000000000e+09
5.639311506416297561e+03 1.848725405000000000e+09
5.627682113585585284e+03 1.812471146000000000e+09
5.623788868733361596e+03 3.128721895000000000e+09
5.627198614537048343e+03 1.367207130000000000e+08
5.587372961788790235e+03 6.655299020000000000e+08
5.635337923822260564e+03 9.974760620000000000e+08
5.685625650939150546e+03 2.854381348000000000e+09
5.631537138941313970e+03 2.823520745000000000e+09
5.646857028433023515e+03 1.502002785000000000e+09
5.656767823550999310e+03 3.002064247000000000e+09
5.649404743839374532e+03 2.605806841000000000e+09
5.630192526672177337e+03 2.145655080000000000e+08
5.668074460870830990e+03 1.158029784000000000e+09
5.653621306123783143e+03 2.401763176000000000e+09
5.647251372564134726e+03 2.217939960000000000e+09
5.696969417006745061e+03 1.275926160000000000e+09
5.641576632225904177e+03 8.294609960000000000e+08
5.658689868251575717e+03 2.249459490000000000e+09
5.648749612631934724e+03 2.449706109000000000e+09
5.650794782939624383e+03 2.131230578000000000e+09
5.685896575796001343e+03 1.995403351000000000e+09
5.663865168638255454e+03 3.456170455000000000e+09
5.642788121833862533e+03 1.038914304000000000e+09
5.662612968356928832e+03 2.073357172000000000e+09
5.642962920541353014e+03 2.677947808000000000e+09
5.680431208009921647e+03 2.839931071000000000e+09
5.633132671588934500e+03 3.427223896000000000e+09
5.639425404332290782e+03 3.820285187000000000e+09
5.655292117499914639e+03 6.015429880000000000e+08
5.660294682588970318e+03 1.297330156000000000e+09
5.633852418861710248e+03 3.701398099000000000e+09
5.617430203878832799e+03 3.771161430000000000e+08
5.624404228524172140e+03 3.421680362000000000e+09
5.648158364224912475e+03 9.326997650000000000e+08
5.690170414997721309e+03 3.410335405000000000e+09
5.656096536980853671e+03 2.555607380000000000e+09
5.649351992467562013e+03 3.672581547000000000e+09
5.641572081702679498e+03 3.877704268000000000e+09
5.662948780256498139e+03 9.393028700000000000e+08
5.640107624143768589e+03 4.179869790000000000e+08
5.661398956426446603e+03 1.959607180000000000e+09
5.599071844797486847e+03 3.801976867000000000e+09
5.676441230185351742e+03 3.957702767000000000e+09
5.667430207089739270e+03 3.904073914000000000e+09
5.664417533182700026e+03 4.057719230000000000e+08
5.667628028675055248e+03 2.823073500000000000e+08
5.676205724412158816e+03 3.896887201000000000e+09
5.679608044384356617e+03 8.605693340000000000e+08
5.640283254275444051e+03 2.156820104000000000e+09
5.649710516840624223e+03 2.456231154000000000e+09
5.633158165647111673e+03 1.612989770000000000e+08
5.660879011434976746e+03 1.488123987000000000e+09
5.655723951940958614e+03 1.819483239000000000e+09
5.636548628497743266e+03 9.375100680000000000e+08
5.633780088693039033e+03 2.587747470000000000e+09
5.642592257352132947e+03 2.181762738000000000e+09
5.627269968444970800e+03 1.806168720000000000e+08
5.610537325529375266e+03 2.871446186000000000e+09
5.648767921032146660e+03 3.060294844000000000e+09
5.652756232586649276e+03 2.760900350000000000e+08
5.657709158909116923e+03 2.494119220000000000e+09
5.643392037618520590e+03 1.901516685000000000e+09
5.675154570029691968e+03 3.847088270000000000e+08
5.676505426937539596e+03 5.586074580000000000e+08
5.656952170825848953e+03 8.936842200000000000e+07
5.656376513155243629e+03 6.294191970000000000e+08
5.621621123951174013e+03 2.076858840000000000e+09
5.664256211688159965e+03 6.371047290000000000e+08
5.665104355341513838e+03 1.184243114000000000e+09
5.666988236642327138e+03 1.065867679000000000e+09
5.640205629232682440e+03 3.527232942000000000e+09
5.658368621004652596e+03 3.104624830000000000e+08
5.650411017166552483e+03 5.885835440000000000e+08
5.664181490008631044e+03 7.329508420000000000e+08
5.647336222816511508e+03 2.608426588000000000e+09
5.623564791612453519e+03 1.727974475000000000e+09
5.646081251262285150e+03 3.270502509000000000e+09
5.637889839478110844e+03 3.819698876000000000e+09
5.678095545518077415e+03 2.544995913000000000e+09
5.635270560026753628e+03 2.493914732000000000e+09
5.647551703267608900e+03 2.332696484000000000e+09
5.668259935083881828e+03 3.042909738000000000e+09
5.688353715052673579e+03 8.231914150000000000e+08
5.672627624172560900e+03 2.848096153000000000e+09
5.651980109140404238e+03 1.793699623000000000e+09
5.653630083828882562e+03 5.512592930000000000e+08
5.662710237953933756e+03 3.549449766000000000e+09
5.669510634768003001e+03 2.838420235000000000e+09
5.652286302293827248e+03 6.755289450000000000e+08
5.637512563050417157e+03 3.945273922000000000e+09
5.647887828470513341e+03 2.959932554000000000e+09
5.611219930833117360e+03 1.266111068000000000e+09
5.615699272878518968e+03 3.083839616000000000e+09
5.673004979259700121e+03 8.745848690000000000e+08
5.639249821752633579e+03 2.978005444000000000e+09
5.656345720722733859e+03 3.923965399000000000e+09
5.658342138751282619e+03 3.629930423000000000e+09
5.638117374242042388e+03 3.809450091000000000e+09
5.619236678679414581e+03 4.222631100000000000e+09
5.584283453095677942e+03 3.457556350000000000e+09
5.592369937567684246e+03 3.404434901000000000e+09
5.654733765783499621e+03 3.120253646000000000e+09
5.635576166213511897e+03 6.289000970000000000e+08
5.640466485335745347e+03 3.446251434000000000e+09
5.668323694304997844e+03 8.548464000000000000e+06
5.645452061477924872e+03 3.947020952000000000e+09
5.631035533232660782e+03 2.789096721000000000e+09
5.659997959541126875e+03 6.948040240000000000e+08
5.667383758834089349e+03 7.627513230000000000e+08
5.640404658631512575e+03 4.088899467000000000e+09
5.652919803272810896e+03 2.460172547000000000e+09
5.628042026382117001e+03 6.993869780000000000e+08
5.678623736009374625e+03 3.229033404000000000e+09
5.683247906647568016e+03 2.058374834000000000e+09
5.665582398263864889e+03 3.388840178000000000e+09
5.624467835712480337e+03 8.766450810000000000e+08
5.643477870336619162e+03 1.664105360000000000e+08
5.607698592818669567e+03 3.982509984000000000e+09
5.651348330580038237e+03 9.616292370000000000e+08
5.661446076201717005e+03 4.117863324000000000e+09
5.625734998768051810e+03 2.248947572000000000e+09
5.625072147853109527e+03 2.955719340000000000e+08
5.644728095107388071e+03 3.385734040000000000e+08
5.673616106040012710e+03 2.228245569000000000e+09
5.636795492633672438e+03 7.323974000000000000e+07
5.615920245275254274e+03 2.043763863000000000e+09
5.665205211025127028e+03 2.013033438000000000e+09
5.655888726399796724e+03 1.080465148000000000e+09
5.642545864837651607e+03 3.981806235000000000e+09
5.648575468887098395e+03 2.250441429000000000e+09
5.630017785378156987e+03 3.280274670000000000e+09
5.628650359857917465e+03 8.461329370000000000e+08
5.611142147573975308e+03 5.576412770000000000e+08
5.619774220805344157e+03 2.809410652000000000e+09
5.636210489966152636e+03 1.883681241000000000e+09
5.632911132994456239e+03 3.718761046000000000e+09
5.619883899796573132e+03 1.127292644000000000e+09
5.686516501600680385e+03 4.080007652000000000e+09
5.664460248355007934e+03 3.534047184000000000e+09
5.655578448673944877e+03 2.636166313000000000e+09
5.654330716576560008e+03 2.402696156000000000e+09
5.651378556233828931e+03 3.256520321000000000e+09
5.633577025172614412e+03 2.237214770000000000e+09
5.654911400535170287e+03 3.056641431000000000e+09
5.629581829745370669e+03 3.445001010000000000e+09
5.624429917701154409e+03 3.766921069000000000e+09
5.612329032996900423e+03 1.777453370000000000e+09
5.626544405956608898e+03 9.498149440000000000e+08
5.656375879346184774e+03 9.799630500000000000e+08
5.638977181178302999e+03 1.711585267000000000e+09
5.636773871026931374e+03 3.065488069000000000e+09
5.677693063617811276e+03 4.066412217000000000e+09
5.666419625533248109e+03 2.265980564000000000e+09
