# Lens_likelihood 	 seed
6.585184635659432388e+03 2.600794290000000000e+08
6.549762357826029074e+03 2.258653346000000000e+09
6.587371184510614512e+03 1.270932037000000000e+09
6.567691910979787281e+03 2.682766426000000000e+09
6.564390775574007421e+03 3.591264567000000000e+09
6.586064427711439748e+03 2.995306986000000000e+09
6.579968980545250815e+03 2.468243286000000000e+09
6.564937465638384310e+03 2.859142102000000000e+09
6.561548311591475795e+03 1.235132210000000000e+08
6.554424994180693830e+03 2.202105142000000000e+09
6.558344802962056747e+03 2.441402029000000000e+09
6.599500671098783641e+03 4.144012019000000000e+09
6.600574824895945312e+03 3.802459568000000000e+09
6.595682594590482040e+03 5.437232880000000000e+08
6.587648371638074423e+03 3.431702041000000000e+09
6.594087749272370274e+03 2.877857030000000000e+09
6.591141922078019888e+03 1.781047213000000000e+09
6.503948225826905400e+03 3.847597233000000000e+09
6.629739588376051870e+03 5.332512100000000000e+08
6.585337130438541863e+03 2.390258120000000000e+08
6.577861964157813418e+03 2.965129712000000000e+09
6.576246262475522599e+03 1.283211027000000000e+09
6.557353459743157146e+03 2.042168210000000000e+08
6.596649646263099385e+03 3.847688890000000000e+08
6.593424790275171290e+03 2.867257233000000000e+09
6.576705858765984885e+03 6.140076990000000000e+08
6.560366983475461893e+03 3.543335670000000000e+08
6.608247032077451877e+03 2.906049487000000000e+09
6.574810257436985921e+03 1.396993308000000000e+09
6.557961915395027063e+03 2.414354488000000000e+09
6.597523163252793893e+03 7.934762530000000000e+08
6.606135848169108613e+03 2.372806202000000000e+09
6.570165748532592261e+03 2.978015500000000000e+08
6.580540309274953870e+03 2.065474163000000000e+09
6.574570404802748271e+03 1.111632974000000000e+09
6.605751886187726086e+03 4.030207246000000000e+09
6.542339116115535035e+03 4.125814674000000000e+09
6.637428220638819766e+03 3.030836536000000000e+09
6.542598000556420629e+03 3.774843765000000000e+09
6.560062639096928251e+03 3.607367220000000000e+08
6.594362368681435328e+03 3.320163215000000000e+09
6.584038761233595324e+03 1.443428806000000000e+09
6.590656005735378130e+03 2.372022942000000000e+09
6.582131092549329878e+03 1.099596945000000000e+09
6.545052974896723754e+03 4.424385270000000000e+08
6.597849172958965937e+03 1.983620475000000000e+09
6.566809927163638349e+03 4.019275017000000000e+09
6.565911594238961698e+03 9.086016300000000000e+07
6.576151529320206464e+03 1.610438138000000000e+09
6.591442270774005010e+03 3.519709610000000000e+08
6.579909444774277290e+03 2.596190492000000000e+09
6.618011001572565874e+03 4.247120140000000000e+09
6.580461290472720975e+03 7.432770930000000000e+08
6.540532988255165947e+03 2.812905030000000000e+09
6.548268834508908185e+03 4.103973880000000000e+09
6.577144622612737294e+03 4.246761942000000000e+09
6.561555079800535168e+03 2.308910362000000000e+09
6.567697921028664496e+03 3.665667396000000000e+09
6.566187748077676588e+03 3.932371037000000000e+09
6.564335579950124156e+03 1.252739427000000000e+09
6.584911051385570318e+03 3.660774993000000000e+09
6.523820664250386471e+03 1.668653540000000000e+08
6.612139810623213634e+03 1.804860576000000000e+09
6.528477402020383124e+03 4.337534000000000000e+06
6.544786884682782329e+03 1.171038213000000000e+09
6.586830563913128572e+03 3.458948876000000000e+09
6.574625814230574179e+03 2.071134708000000000e+09
6.543626287621009396e+03 1.941058410000000000e+09
6.611951370046735974e+03 1.867800300000000000e+09
6.599202499890247054e+03 3.781633865000000000e+09
6.581049551828062249e+03 3.485859230000000000e+08
6.608362477472121100e+03 1.975066504000000000e+09
6.568055161436535855e+03 4.091468941000000000e+09
6.570133849551395542e+03 3.747178706000000000e+09
6.602783184240962328e+03 3.972222518000000000e+09
6.544485700770857875e+03 7.909410480000000000e+08
6.610949503708527118e+03 2.048869191000000000e+09
6.563451469717153486e+03 3.177846046000000000e+09
6.600413997359986752e+03 2.242362910000000000e+09
6.598932108391132715e+03 8.677284830000000000e+08
6.557100095426100779e+03 2.051807608000000000e+09
6.596732095220479096e+03 2.172685360000000000e+08
6.567848951566231335e+03 3.044255834000000000e+09
6.561169508612721984e+03 2.403645647000000000e+09
6.584679178442295779e+03 2.636649339000000000e+09
6.615972727313708674e+03 2.092801248000000000e+09
6.558787784762069350e+03 5.293240410000000000e+08
6.554990318330417722e+03 9.779384890000000000e+08
6.577681678688882130e+03 1.242579255000000000e+09
6.602547437921849451e+03 2.520562799000000000e+09
6.576022517625403452e+03 2.076546548000000000e+09
6.584493066647339219e+03 2.628911001000000000e+09
6.580082537136566316e+03 4.124116571000000000e+09
6.570639888499747030e+03 2.850757951000000000e+09
6.602815427920444563e+03 3.619478486000000000e+09
6.593928123737471651e+03 2.062865095000000000e+09
6.611236125550016368e+03 3.610703689000000000e+09
6.563044948928763915e+03 6.756347540000000000e+08
6.578597042612872428e+03 3.488696348000000000e+09
6.572775211681161636e+03 2.469886105000000000e+09
6.611204766411823584e+03 5.836090980000000000e+08
6.581219377160322438e+03 3.504839151000000000e+09
6.608979638742042880e+03 3.419725644000000000e+09
6.596203986405083924e+03 1.779847100000000000e+07
6.611853264795507130e+03 3.994348396000000000e+09
6.579291348043905600e+03 1.340818344000000000e+09
6.561954428617133999e+03 1.835878562000000000e+09
6.574084028927898544e+03 3.401565588000000000e+09
6.592432922127901293e+03 1.220059399000000000e+09
6.549950491842059819e+03 6.400580800000000000e+07
6.582740127332752309e+03 2.683115924000000000e+09
6.569790318742371710e+03 2.443879946000000000e+09
6.610816856628866844e+03 2.805174959000000000e+09
6.584133363669856408e+03 5.016787410000000000e+08
6.543206193977983276e+03 1.698368093000000000e+09
6.565728018482989683e+03 1.523088759000000000e+09
6.605364634283700980e+03 2.994478170000000000e+08
6.576726115578276222e+03 6.301825800000000000e+08
6.550139962592953452e+03 4.040826983000000000e+09
6.582471926676998919e+03 1.370601042000000000e+09
6.619239891127065675e+03 3.662919818000000000e+09
6.540944312540816099e+03 4.255326590000000000e+09
6.604987812135880631e+03 1.866427323000000000e+09
6.569856214996035305e+03 2.009631998000000000e+09
6.587499563424999906e+03 2.394063611000000000e+09
6.563321429906997764e+03 3.847936507000000000e+09
6.571445478167016518e+03 3.950470490000000000e+08
6.612187618641367408e+03 9.867990650000000000e+08
6.609537078269157064e+03 1.326729907000000000e+09
6.571779900456172982e+03 1.658261106000000000e+09
6.563568951411208218e+03 4.014132021000000000e+09
6.574985224771043249e+03 3.025359591000000000e+09
6.611772382316449693e+03 1.086484837000000000e+09
6.531665495806568288e+03 2.798566462000000000e+09
6.556448110959176120e+03 3.342165446000000000e+09
6.543644858562686750e+03 2.220217778000000000e+09
6.570301599306409116e+03 1.890405727000000000e+09
6.572715371259222593e+03 1.954048988000000000e+09
6.583436953681115483e+03 6.931806080000000000e+08
6.582868333931464804e+03 3.421302769000000000e+09
6.591764763734845474e+03 2.142347957000000000e+09
6.561127333211652513e+03 2.591200879000000000e+09
6.557896691956313589e+03 3.805631967000000000e+09
6.572398947403845341e+03 2.868347219000000000e+09
6.572905252055546953e+03 2.020653655000000000e+09
6.611821686581125505e+03 3.210183140000000000e+08
6.628623324692450296e+03 1.412548590000000000e+09
6.576105385834846857e+03 2.746879234000000000e+09
6.585206873148152226e+03 1.847309573000000000e+09
6.548402240562046245e+03 3.283964898000000000e+09
6.594338145688207078e+03 4.177719770000000000e+08
6.578852666809366383e+03 1.009117770000000000e+08
6.554834596709387370e+03 3.725071828000000000e+09
6.597433505152927864e+03 3.670133925000000000e+09
6.637549046528716644e+03 7.468659950000000000e+08
6.600335140640674581e+03 9.736761400000000000e+07
6.582593818501436544e+03 2.682959341000000000e+09
6.583279028030340669e+03 8.182856100000000000e+07
6.560969859026099584e+03 3.188777663000000000e+09
6.529515114908634132e+03 2.251734209000000000e+09
6.558963345897544968e+03 3.468297920000000000e+09
6.572780783551853347e+03 1.312331100000000000e+08
6.541914662073423642e+03 1.037289760000000000e+08
6.560962175223588019e+03 2.117635582000000000e+09
6.609020645433428399e+03 2.053591135000000000e+09
6.576329102296070232e+03 2.823074122000000000e+09
6.599093827281508311e+03 2.331962842000000000e+09
6.589242810012274276e+03 2.161924305000000000e+09
6.588380399896914241e+03 2.344383999000000000e+09
6.575592673019992617e+03 4.168950814000000000e+09
6.591967972157484837e+03 1.725503125000000000e+09
6.573194300851260778e+03 1.902130132000000000e+09
6.599826548798691874e+03 1.192023475000000000e+09
6.566987030435222550e+03 3.839847130000000000e+08
6.597983816862310960e+03 3.050787444000000000e+09
6.570959713020077288e+03 3.670862899000000000e+09
6.590122255607791885e+03 2.018272516000000000e+09
6.587653502429559012e+03 1.724389832000000000e+09
6.586822135751377573e+03 3.865254926000000000e+09
6.542080611881006007e+03 3.375091998000000000e+09
6.606124941060226774e+03 1.283042380000000000e+09
6.600799673925223942e+03 3.444424091000000000e+09
6.557331520633682885e+03 1.354314206000000000e+09
6.550239523983362233e+03 2.325109580000000000e+08
6.564687389718508712e+03 1.363142239000000000e+09
6.585329014078204636e+03 2.456651855000000000e+09
6.594737310357591014e+03 2.847959505000000000e+09
6.585953097093797624e+03 6.423319940000000000e+08
6.585245052935682907e+03 3.278771169000000000e+09
6.560089229348252957e+03 1.907575928000000000e+09
6.586377186645333495e+03 1.320195731000000000e+09
6.568293692744451619e+03 5.396771430000000000e+08
6.533880375916573030e+03 3.871173947000000000e+09
6.579991788892107252e+03 2.262444360000000000e+09
6.548940564434236876e+03 2.108981018000000000e+09
6.531400405481508642e+03 3.836669959000000000e+09
6.560745181726848386e+03 3.105663339000000000e+09
6.558705050020493218e+03 1.164798194000000000e+09
6.572863829424451978e+03 3.750700289000000000e+09
6.565134055523014467e+03 2.970071562000000000e+09
6.531122992147908008e+03 3.706245940000000000e+08
6.577103944644534749e+03 2.761166160000000000e+09
6.562954782604571847e+03 1.770923798000000000e+09
6.582682792466707724e+03 4.152335845000000000e+09
6.589093185602282574e+03 2.306010824000000000e+09
6.568406719023656478e+03 2.366065354000000000e+09
6.601087278116513517e+03 3.151994384000000000e+09
6.563735649872649446e+03 1.504233813000000000e+09
6.539300468262141294e+03 1.183600520000000000e+08
6.569095552047923775e+03 3.290537280000000000e+09
6.566645789625939869e+03 1.935539190000000000e+09
6.609346170240889478e+03 7.406875070000000000e+08
6.562148853392704041e+03 1.974891780000000000e+08
6.625177047284676519e+03 3.977332437000000000e+09
6.604132535302762335e+03 2.191727592000000000e+09
6.565580083016171557e+03 3.866391594000000000e+09
6.553503914564775187e+03 4.047903230000000000e+08
6.562654424655726871e+03 8.894682700000000000e+07
6.543117071746989495e+03 1.209172060000000000e+08
6.636311878225184046e+03 1.535462781000000000e+09
6.564031909467126752e+03 3.958705807000000000e+09
6.562690129212322063e+03 4.451275520000000000e+08
6.606269261533097961e+03 1.916297121000000000e+09
6.577454518915779772e+03 2.190568561000000000e+09
6.586644290838015877e+03 6.235460210000000000e+08
6.606225943687510153e+03 5.037531030000000000e+08
6.546608648460172844e+03 5.809243940000000000e+08
6.587328254833028950e+03 1.531917890000000000e+08
6.547302370750219779e+03 2.884610246000000000e+09
6.594404543670568273e+03 5.041244110000000000e+08
6.590661936900930414e+03 3.493111215000000000e+09
6.542306682151008317e+03 7.013657200000000000e+07
6.591748104970411077e+03 1.325559420000000000e+09
6.586294744717751200e+03 5.047479420000000000e+08
6.589234856512010083e+03 9.591145370000000000e+08
6.611239243430982242e+03 4.113900719000000000e+09
6.547287815889219019e+03 2.317812028000000000e+09
6.614988668840660466e+03 4.102816263000000000e+09
6.591092971516052785e+03 1.045781180000000000e+09
6.568823481216422806e+03 2.946740349000000000e+09
6.599694121438717048e+03 2.362424152000000000e+09
6.562266261008619040e+03 8.705263950000000000e+08
6.564071346962630741e+03 1.158776320000000000e+09
6.570728251584558166e+03 3.330597990000000000e+09
6.554302575092504412e+03 1.466732949000000000e+09
6.568851340524284751e+03 1.531623540000000000e+09
6.575374698272014939e+03 1.920406774000000000e+09
6.521762282559111554e+03 3.743935036000000000e+09
6.585388720912974350e+03 5.113476640000000000e+08
6.569905115647958155e+03 6.092204030000000000e+08
6.578979819120773755e+03 6.229681090000000000e+08
6.562224473975463297e+03 9.855072000000000000e+07
6.576989752972797760e+03 7.400541810000000000e+08
6.519685435162148679e+03 3.438080405000000000e+09
6.575093224740124242e+03 3.517314093000000000e+09
6.555462840639721435e+03 1.214374470000000000e+09
6.567504933263944622e+03 4.017375638000000000e+09
6.592399069468883681e+03 4.037780550000000000e+08
6.597238683414346269e+03 3.635458917000000000e+09
6.588097212539123575e+03 3.083896471000000000e+09
6.564655025918265892e+03 5.143153530000000000e+08
6.506473453254120614e+03 1.932330796000000000e+09
6.588810546981007974e+03 3.100094254000000000e+09
6.584166464206276942e+03 2.399469128000000000e+09
6.602539005007919513e+03 2.810942443000000000e+09
6.577568518101680638e+03 4.206910463000000000e+09
6.611281099923344300e+03 1.267418359000000000e+09
6.571906609713044418e+03 3.210753700000000000e+08
6.555019584981404478e+03 1.554908953000000000e+09
6.552721516065911601e+03 2.169611401000000000e+09
6.575755234766016656e+03 5.345168860000000000e+08
6.589144558925945603e+03 4.093400459000000000e+09
6.593587724208873624e+03 2.159838070000000000e+09
6.590477704775625170e+03 4.226921680000000000e+09
6.595719915421119367e+03 2.621727007000000000e+09
6.564730152754024857e+03 2.721114900000000000e+08
6.566108902903693888e+03 3.593134884000000000e+09
6.555647709055288033e+03 1.947504122000000000e+09
6.607317534947547756e+03 2.132302503000000000e+09
6.582483104265314978e+03 3.569315150000000000e+08
6.578578051184234937e+03 3.435077113000000000e+09
6.558831174248731259e+03 1.990166542000000000e+09
6.581748108193738517e+03 2.514500174000000000e+09
6.585172558581013618e+03 3.106754326000000000e+09
6.561954042065981412e+03 1.038733127000000000e+09
6.584634361082926262e+03 8.937004560000000000e+08
6.587275043470856872e+03 2.359634956000000000e+09
6.534229401857024641e+03 2.190422909000000000e+09
6.565622533330527403e+03 5.645841520000000000e+08
6.621022421865653087e+03 3.720601839000000000e+09
6.592749808815520737e+03 1.171145034000000000e+09
6.627104405824280548e+03 2.868675233000000000e+09
6.600498734835116011e+03 4.045030888000000000e+09
6.592312618723984087e+03 3.876280736000000000e+09
6.591149182928174923e+03 1.556139996000000000e+09
6.562183722757790747e+03 2.064466532000000000e+09
6.587779825516750861e+03 1.337734814000000000e+09
6.581233446987603202e+03 1.124590158000000000e+09
6.572001736533747135e+03 1.348294546000000000e+09
6.597257798906761309e+03 3.743032910000000000e+09
6.566428801670239409e+03 3.835663660000000000e+08
6.564973220142876926e+03 3.035862150000000000e+09
6.573410910355727538e+03 4.291545931000000000e+09
6.576679288153637572e+03 9.758288370000000000e+08
6.590785072249459517e+03 4.362447900000000000e+08
6.597118361893286419e+03 4.071768509000000000e+09
6.528080517352353127e+03 1.126904682000000000e+09
6.576285211417822211e+03 9.931937800000000000e+08
6.564520891842616948e+03 9.120575640000000000e+08
6.588762771873680322e+03 2.386164482000000000e+09
6.581018727608891822e+03 1.675775899000000000e+09
6.574158508779586555e+03 3.230602650000000000e+08
6.582438280583608503e+03 1.195703048000000000e+09
6.567007290078136975e+03 2.406800444000000000e+09
6.558214539636805057e+03 1.581408914000000000e+09
6.558818698312794368e+03 2.959048149000000000e+09
6.589825811674263605e+03 3.856208022000000000e+09
6.537612179163217661e+03 1.211647930000000000e+09
6.592243751764739500e+03 2.744467029000000000e+09
6.566640760954453071e+03 3.466271283000000000e+09
6.552090645913800472e+03 4.056246150000000000e+09
6.610013335608538910e+03 8.664511920000000000e+08
6.559009890990381791e+03 4.059103642000000000e+09
6.551621710616066594e+03 3.141707591000000000e+09
6.589136693209559780e+03 3.947928687000000000e+09
6.547841426306269568e+03 8.677565000000000000e+06
6.579233985382144056e+03 2.248632851000000000e+09
6.587385123437418770e+03 2.525564573000000000e+09
6.559568531700069798e+03 2.079092817000000000e+09
6.545658763086868021e+03 2.770757693000000000e+09
6.569659051009295581e+03 2.198611885000000000e+09
6.570824310205183792e+03 3.548408748000000000e+09
6.573374355657064370e+03 2.954053919000000000e+09
6.580697645837619348e+03 5.704198080000000000e+08
6.585415820072119459e+03 2.786586335000000000e+09
6.584883805251875856e+03 1.402830260000000000e+09
6.576298327242805499e+03 6.619404010000000000e+08
6.538545042566463962e+03 3.473195325000000000e+09
6.554316493266507678e+03 5.730075140000000000e+08
6.543579838992729492e+03 6.854657300000000000e+07
6.560080992805475034e+03 9.641888590000000000e+08
6.569232755509548042e+03 7.152972900000000000e+08
6.585891631230165331e+03 3.620920466000000000e+09
6.525861286866980663e+03 3.944978440000000000e+09
6.580218021026867063e+03 3.383036901000000000e+09
6.598674574451043554e+03 8.109582670000000000e+08
6.551052002397538672e+03 1.052757460000000000e+09
6.556119960492054815e+03 3.387178757000000000e+09
6.570129683692091930e+03 1.856984855000000000e+09
6.583090068755264838e+03 3.676206749000000000e+09
