# Lens_likelihood 	 seed
6.943177444583820034e+03 2.495019914000000000e+09
6.936240203825853314e+03 3.596243845000000000e+09
6.931495536702905156e+03 1.595735656000000000e+09
6.944113903370704065e+03 2.532613897000000000e+09
6.941668248736723399e+03 9.865754050000000000e+08
6.958891433562942439e+03 3.532430559000000000e+09
6.940939402371270262e+03 2.717338867000000000e+09
6.962755246180113318e+03 2.936338152000000000e+09
6.952990245403033441e+03 9.766946400000000000e+08
6.941643719398213761e+03 4.164886968000000000e+09
6.935570718468206906e+03 4.128455578000000000e+09
6.937715176962105033e+03 3.409558824000000000e+09
6.945980674517201805e+03 1.868895481000000000e+09
6.944559861721796551e+03 3.119979059000000000e+09
6.961909151285159169e+03 3.283711044000000000e+09
6.948183983295974031e+03 8.380246520000000000e+08
6.943082688904277347e+03 6.923449140000000000e+08
6.950928127035329453e+03 3.715204124000000000e+09
6.936144279145578366e+03 3.551385360000000000e+08
6.945623505690686216e+03 1.519641638000000000e+09
6.934178668049595217e+03 1.427489889000000000e+09
6.957620361555618729e+03 5.654414200000000000e+07
6.928483382376436566e+03 4.107798443000000000e+09
6.948841943955088936e+03 3.459739611000000000e+09
6.927886571449635085e+03 2.101028925000000000e+09
6.938772354029653798e+03 1.916973847000000000e+09
6.958468085344766223e+03 2.167614187000000000e+09
6.931623889721630803e+03 3.409891572000000000e+09
6.947076737253184547e+03 1.952568550000000000e+09
6.949809249064724099e+03 2.746597785000000000e+09
6.943673848916974748e+03 9.092242530000000000e+08
6.947102328626881899e+03 1.022759180000000000e+09
6.942737439186056690e+03 4.174963018000000000e+09
6.949287018677126980e+03 4.251639516000000000e+09
6.958484452528586189e+03 4.635848690000000000e+08
6.916753171315924192e+03 1.903705656000000000e+09
6.955540237154047645e+03 8.038400530000000000e+08
6.935743334689732364e+03 3.155471738000000000e+09
6.939887844462586145e+03 2.125708220000000000e+09
6.942828745750532107e+03 1.193086835000000000e+09
6.923325955588030411e+03 2.459789558000000000e+09
6.946981198122737624e+03 3.805899831000000000e+09
6.939642530013273245e+03 3.770740069000000000e+09
6.932657718375545301e+03 3.967944008000000000e+09
6.937696904509721207e+03 1.414588570000000000e+08
6.937862034518290784e+03 1.902463567000000000e+09
6.949268333740560593e+03 2.682692588000000000e+09
6.944568028954359761e+03 4.284764086000000000e+09
6.943079172712000400e+03 2.578245866000000000e+09
6.952712698245693900e+03 3.304846346000000000e+09
6.942991521190617277e+03 1.489644702000000000e+09
6.955929490399888891e+03 7.037857520000000000e+08
6.934476850685606223e+03 1.908514846000000000e+09
6.944035385671291806e+03 2.277363579000000000e+09
6.943224218669151014e+03 2.754815344000000000e+09
6.954363785256390656e+03 1.137916584000000000e+09
6.959860486533912990e+03 2.113454851000000000e+09
6.946183478141635533e+03 3.228424752000000000e+09
6.937716363387986348e+03 3.732237249000000000e+09
6.955527965563362159e+03 1.963251328000000000e+09
6.954892730791826580e+03 4.239096251000000000e+09
6.949517017643619511e+03 3.168466995000000000e+09
6.947304283111107907e+03 3.137266324000000000e+09
6.928159914940984891e+03 3.804942073000000000e+09
6.933597522943121476e+03 4.086999720000000000e+08
6.936785951883146481e+03 1.856837811000000000e+09
6.941087781391982389e+03 1.370321076000000000e+09
6.956558119562429056e+03 1.911702290000000000e+09
6.941147774010301873e+03 1.250877626000000000e+09
6.940197882629730884e+03 3.220607670000000000e+09
6.953146175629618483e+03 3.445199587000000000e+09
6.939908080529345170e+03 5.724229420000000000e+08
6.923763633825132274e+03 3.718620192000000000e+09
6.940538969463454123e+03 4.247649227000000000e+09
6.952833253750804943e+03 4.243686275000000000e+09
6.939492674435018671e+03 2.472596169000000000e+09
6.930188091695106777e+03 1.420709123000000000e+09
6.934011157998060298e+03 4.189133930000000000e+08
6.932864627061351712e+03 1.333049617000000000e+09
6.932079655122650365e+03 1.984016345000000000e+09
6.941661375509598656e+03 4.031693958000000000e+09
6.942474540649791379e+03 3.002992736000000000e+09
6.941647997443429631e+03 2.555709865000000000e+09
6.948225061278093563e+03 3.627011194000000000e+09
6.942974546376500257e+03 3.701828237000000000e+09
6.938607750344073793e+03 3.059417905000000000e+09
6.945176429356866720e+03 3.508692770000000000e+08
6.939790419555668450e+03 3.985760460000000000e+08
6.943461604007013193e+03 1.778260214000000000e+09
6.930271023043198511e+03 3.311868961000000000e+09
6.950153434899427339e+03 7.380847300000000000e+08
6.953921969622118922e+03 1.740434260000000000e+08
6.955980453529745319e+03 4.173181076000000000e+09
6.943337598126580815e+03 2.315481352000000000e+09
6.948532985378066769e+03 4.069316737000000000e+09
6.942373866712800009e+03 3.968193682000000000e+09
6.930675595058052750e+03 3.199942884000000000e+09
6.940048653654572263e+03 2.472318962000000000e+09
6.939416464757630820e+03 1.008403554000000000e+09
6.948847409901964056e+03 3.024310315000000000e+09
6.929578543880039433e+03 5.061881740000000000e+08
6.941810244636631978e+03 1.739366863000000000e+09
6.956390597465129758e+03 3.530444764000000000e+09
6.935613531733059062e+03 1.056588698000000000e+09
6.944787350109833824e+03 2.953378657000000000e+09
6.953216237174410708e+03 4.098822056000000000e+09
6.942942500996872695e+03 3.492931185000000000e+09
6.929973721384119926e+03 3.847150868000000000e+09
6.959476939951055101e+03 2.277236424000000000e+09
6.935930039160642991e+03 3.756392194000000000e+09
6.935969994060269528e+03 4.007185225000000000e+09
6.939866052761216451e+03 2.391568785000000000e+09
6.931485597846912242e+03 8.373942400000000000e+07
6.948828450037435687e+03 2.588397294000000000e+09
6.945077274171604586e+03 2.826712453000000000e+09
6.956634499029869403e+03 3.299685040000000000e+09
6.955373902659084706e+03 2.484802435000000000e+09
6.916532436113157019e+03 2.576458890000000000e+09
6.924796687113559528e+03 3.229656746000000000e+09
6.928963596452455022e+03 3.850561109000000000e+09
6.933111576385126682e+03 2.241221610000000000e+09
6.934191667618571046e+03 2.780154670000000000e+08
6.953867969580556746e+03 2.390885963000000000e+09
6.942744663355339981e+03 3.173789746000000000e+09
6.948447288367959118e+03 9.805130000000000000e+05
6.910526115541302715e+03 1.569002419000000000e+09
6.943674586291567721e+03 4.130646752000000000e+09
6.944079977914738265e+03 3.245824179000000000e+09
6.938772876303799421e+03 9.925354400000000000e+07
6.962158188433430041e+03 1.317808040000000000e+09
6.930805505428254037e+03 2.077941611000000000e+09
6.943966969253073330e+03 3.576072917000000000e+09
6.937494519928142836e+03 1.849744758000000000e+09
6.940858424715873298e+03 1.523822463000000000e+09
6.934087352706694219e+03 1.005387064000000000e+09
6.948543243218389762e+03 1.200425398000000000e+09
6.946675634193298720e+03 7.589694200000000000e+07
6.943668965551079054e+03 2.938671301000000000e+09
6.937945934556140855e+03 1.698992274000000000e+09
6.936480511397957343e+03 3.315976723000000000e+09
6.938297096959157898e+03 4.272833985000000000e+09
6.945266754121975282e+03 1.477494547000000000e+09
6.949164670587631917e+03 2.558619950000000000e+09
6.939101327779356325e+03 2.503243330000000000e+08
6.952818635455136246e+03 5.102370880000000000e+08
6.941499700730661061e+03 1.816595575000000000e+09
6.954665715629580518e+03 4.043629108000000000e+09
6.937022870837734445e+03 3.182613544000000000e+09
6.940199669194704256e+03 1.086333348000000000e+09
6.944746712743455646e+03 3.382284793000000000e+09
6.950367403009637201e+03 3.647041131000000000e+09
6.921105661327319467e+03 1.120314291000000000e+09
6.931366323906739126e+03 2.124088540000000000e+09
6.935459450858099444e+03 4.868804000000000000e+08
6.938173822658368408e+03 2.963763984000000000e+09
6.948905459263691228e+03 1.228445909000000000e+09
6.927479422085115402e+03 1.234441584000000000e+09
6.942310314543760796e+03 1.989355145000000000e+09
6.947844096268960129e+03 3.781607764000000000e+09
6.930598197780867849e+03 4.411718490000000000e+08
6.930614790899477157e+03 9.314140990000000000e+08
6.943405265829303062e+03 3.397946072000000000e+09
6.934540046012811217e+03 4.075090171000000000e+09
6.940630771209480372e+03 3.652500388000000000e+09
6.948168813384131681e+03 1.313364722000000000e+09
6.930548011417238740e+03 3.727553205000000000e+09
6.947898608127008629e+03 2.828418141000000000e+09
6.934637807452628294e+03 1.476963972000000000e+09
6.921347362521516516e+03 7.251305900000000000e+07
6.941978585412275606e+03 3.121365139000000000e+09
6.935682031294160879e+03 2.729223220000000000e+08
6.923542031056642372e+03 2.322014223000000000e+09
6.934526883302069109e+03 2.960089567000000000e+09
6.940964124438089129e+03 5.596902050000000000e+08
6.940774188653919737e+03 3.070293680000000000e+09
6.927176214814705418e+03 4.277671253000000000e+09
6.939426659569585354e+03 2.027270604000000000e+09
6.931293957123372820e+03 7.622877130000000000e+08
6.957457084637082517e+03 4.159974953000000000e+09
6.930574024437582921e+03 2.913253328000000000e+09
6.949846576897468367e+03 1.766609390000000000e+08
6.947446371441613337e+03 2.607893720000000000e+09
6.928170333711816056e+03 3.093088002000000000e+09
6.955475772628909908e+03 6.298019950000000000e+08
6.922210414308849977e+03 1.689871678000000000e+09
6.948665116429992850e+03 3.216874515000000000e+09
6.935878914151348908e+03 2.767167143000000000e+09
6.933803013517846921e+03 2.065195981000000000e+09
6.965999394352997115e+03 4.267998204000000000e+09
6.952857487166600549e+03 4.260756980000000000e+09
6.932945001851816414e+03 3.710729752000000000e+09
6.931538073558693213e+03 2.235764038000000000e+09
6.928318361546044798e+03 1.551830521000000000e+09
6.951222357126382121e+03 1.857163853000000000e+09
6.935304458464679556e+03 6.805214340000000000e+08
6.959097162550428038e+03 3.707594974000000000e+09
6.942536227616006727e+03 2.476731940000000000e+08
6.938687815245943057e+03 3.237640226000000000e+09
6.947281754038454892e+03 3.943769548000000000e+09
6.941706732567604377e+03 3.258973295000000000e+09
6.936467056539262558e+03 4.233559644000000000e+09
6.949066306366734352e+03 1.157738742000000000e+09
6.950080082920917448e+03 3.975679919000000000e+09
6.937327026847885463e+03 2.149333041000000000e+09
6.939040311319997272e+03 3.622017837000000000e+09
6.964731508935396050e+03 5.672548910000000000e+08
6.942212630043366516e+03 2.066362833000000000e+09
6.955082910972643731e+03 3.657376422000000000e+09
6.949450105818354132e+03 2.191365025000000000e+09
6.924148539018129668e+03 2.686177332000000000e+09
6.928246279714981938e+03 8.541016320000000000e+08
6.919520591001986759e+03 3.193713607000000000e+09
6.940910053544957918e+03 1.786425642000000000e+09
6.936841285614360459e+03 2.049551781000000000e+09
6.963160675373987033e+03 3.309285121000000000e+09
6.937844870566747886e+03 1.238662778000000000e+09
6.943835577337566065e+03 2.121669746000000000e+09
6.936054867107898644e+03 1.928269966000000000e+09
6.949293333484891264e+03 2.398940306000000000e+09
6.951308124187282374e+03 1.009965664000000000e+09
6.921048131096166799e+03 3.064758580000000000e+09
6.939427760105570997e+03 3.136479284000000000e+09
6.932896088152155244e+03 1.197602936000000000e+09
6.943928632432026461e+03 3.458096997000000000e+09
6.941952384261638144e+03 2.887039788000000000e+09
6.923856268368487690e+03 1.509677197000000000e+09
6.932258016280494303e+03 2.381865379000000000e+09
6.940076109313822599e+03 1.704309435000000000e+09
6.938737875979696582e+03 3.404124857000000000e+09
6.942925104276302591e+03 2.164587301000000000e+09
6.940665430406914311e+03 1.858958261000000000e+09
6.931259278069669563e+03 2.180742790000000000e+08
6.943250363731014659e+03 7.448288510000000000e+08
6.940144768430424847e+03 3.102200442000000000e+09
6.956458835465004086e+03 1.803498831000000000e+09
6.940490653771906182e+03 4.655498200000000000e+07
6.943476213577163435e+03 9.986497250000000000e+08
6.942729043949657353e+03 1.752042980000000000e+09
6.930071150632420540e+03 9.426587420000000000e+08
6.936374156404688620e+03 3.769799571000000000e+09
6.940261229946187086e+03 4.019329423000000000e+09
6.947551304923761563e+03 3.574250518000000000e+09
6.930577291391971812e+03 1.361597001000000000e+09
6.927168421116998616e+03 9.210278800000000000e+08
6.957264939250489078e+03 2.169325280000000000e+09
6.937260380557972894e+03 3.458158562000000000e+09
6.937376820550239245e+03 2.095567319000000000e+09
6.938563555590908436e+03 2.273051522000000000e+09
6.938478783252428002e+03 3.733938460000000000e+08
6.934591898565005977e+03 1.165878343000000000e+09
6.924025246320743463e+03 7.409625060000000000e+08
6.941058260451053684e+03 9.350051480000000000e+08
6.943690769850838478e+03 1.976469548000000000e+09
6.943315657085613566e+03 2.207343724000000000e+09
6.946871644811286387e+03 2.738657824000000000e+09
6.932479727345329593e+03 4.280783049000000000e+09
6.943892628297900956e+03 2.646425930000000000e+09
6.954362146111899165e+03 1.288102298000000000e+09
6.941229692350368168e+03 2.396498954000000000e+09
6.929414009692623949e+03 1.225840696000000000e+09
6.935508243576683526e+03 3.734816853000000000e+09
6.943734090209023634e+03 3.883067834000000000e+09
6.950506030443575582e+03 3.495145688000000000e+09
6.940059851495124349e+03 3.227764598000000000e+09
6.953262333204550487e+03 2.825814355000000000e+09
6.934143819880329829e+03 1.200133870000000000e+08
6.942296083710453786e+03 1.545103719000000000e+09
6.925576760231842854e+03 5.973843650000000000e+08
6.935580018270478831e+03 5.668073630000000000e+08
6.951849110574021324e+03 4.690333650000000000e+08
6.926867895922700882e+03 3.046857310000000000e+08
6.939922981045732740e+03 2.887312920000000000e+08
6.947666163559933921e+03 2.556258360000000000e+08
6.931520329744455012e+03 2.303475036000000000e+09
6.952899446002720651e+03 1.694659288000000000e+09
6.948219424468270518e+03 5.972626590000000000e+08
6.955264783841944336e+03 3.597671712000000000e+09
6.949284659184811971e+03 2.534334703000000000e+09
6.946878279933229351e+03 3.570380918000000000e+09
6.938742462848245850e+03 3.437355760000000000e+08
6.942217134033704497e+03 2.107364835000000000e+09
6.933342346824731067e+03 3.034472150000000000e+09
6.945096149046808932e+03 6.161776500000000000e+08
6.952588454179730434e+03 2.700503750000000000e+08
6.952042776976747518e+03 3.324191838000000000e+09
6.943404777176812786e+03 1.985792561000000000e+09
6.926914820290307034e+03 3.304322836000000000e+09
6.946113038759713163e+03 3.376149407000000000e+09
6.942628365577174918e+03 1.079844174000000000e+09
6.939623655919685916e+03 3.314295400000000000e+09
6.944940957075466031e+03 9.085511130000000000e+08
6.961764069486232984e+03 1.781377975000000000e+09
6.923342793015903226e+03 4.075690426000000000e+09
6.937309851723166503e+03 2.487361748000000000e+09
6.947740711441962048e+03 2.961633801000000000e+09
6.946200729088773187e+03 1.610642446000000000e+09
6.949631794285084652e+03 2.042409044000000000e+09
6.940119079999549285e+03 4.228929809000000000e+09
6.931931504241774746e+03 2.205978361000000000e+09
6.951484694892264088e+03 9.148326250000000000e+08
6.937051603840873213e+03 1.478150643000000000e+09
6.944836155439648792e+03 1.433195688000000000e+09
6.936297944295363777e+03 9.897970220000000000e+08
6.948696686556223540e+03 4.128701950000000000e+08
6.933199615710020225e+03 1.109136393000000000e+09
6.941804751574985858e+03 1.262879216000000000e+09
6.951305614257735215e+03 2.745504316000000000e+09
6.940407923324354670e+03 2.497972315000000000e+09
6.938699159467215395e+03 1.107548680000000000e+09
6.936695011585336943e+03 5.635505540000000000e+08
6.925605724149647358e+03 3.132270217000000000e+09
6.947185112878871223e+03 1.922883423000000000e+09
6.934709742975430345e+03 1.551751096000000000e+09
6.915676671343830094e+03 7.900165830000000000e+08
6.947050472735391850e+03 1.419460325000000000e+09
6.949059511354228562e+03 4.067023986000000000e+09
6.959030117204792987e+03 5.142343570000000000e+08
6.948128195955730007e+03 1.277956850000000000e+08
6.953992898081020940e+03 2.618803390000000000e+09
6.941674431250732596e+03 7.768424270000000000e+08
6.945940218501623349e+03 1.189003021000000000e+09
6.946689493106116970e+03 1.639902919000000000e+09
6.938180229503401279e+03 4.132770221000000000e+09
6.939926561806711106e+03 4.092754051000000000e+09
6.949196824114314040e+03 6.393274320000000000e+08
6.932443311220878968e+03 3.233864804000000000e+09
6.937196641047218691e+03 2.032338929000000000e+09
6.953201320029388626e+03 1.487280981000000000e+09
6.936920495765038140e+03 1.644091559000000000e+09
6.936682273076783531e+03 1.872682727000000000e+09
6.935565679941709277e+03 1.994116712000000000e+09
6.941022426862743487e+03 2.600258887000000000e+09
6.953415435359439471e+03 3.277436881000000000e+09
6.942296589978373049e+03 6.576461900000000000e+07
6.942730300063953109e+03 1.826936147000000000e+09
6.946557159991336448e+03 2.831155201000000000e+09
6.945533080694762248e+03 2.032330748000000000e+09
6.957405518571569701e+03 1.218742872000000000e+09
6.950986303841356857e+03 1.265843772000000000e+09
6.942362109591641456e+03 2.320819546000000000e+09
6.944120164496092912e+03 1.487263108000000000e+09
6.929505254575016806e+03 3.198414195000000000e+09
6.954229992167423006e+03 1.290006364000000000e+09
6.962578104065148182e+03 5.127686510000000000e+08
6.943840751626216843e+03 2.870166515000000000e+09
6.930474702215335128e+03 1.853638780000000000e+08
6.954564019631764495e+03 3.961812433000000000e+09
6.920736632584983454e+03 3.044075007000000000e+09
6.932841117191034755e+03 9.511877430000000000e+08
6.956138715682889597e+03 3.145968921000000000e+09
