# Lens_likelihood 	 seed
6.549431361608073530e+03 5.548370300000000000e+07
6.554691468962241743e+03 1.916135931000000000e+09
6.494073059365789959e+03 1.668184094000000000e+09
6.552606036009257878e+03 6.983977750000000000e+08
6.541265148346199567e+03 6.301496780000000000e+08
6.560866869698293158e+03 6.582254760000000000e+08
6.536026661626595342e+03 2.816582271000000000e+09
6.525207885941215864e+03 2.783810140000000000e+09
6.527827887574926535e+03 1.421694666000000000e+09
6.513764409334924494e+03 1.220277474000000000e+09
6.518344648583041817e+03 2.221439773000000000e+09
6.524370195423249243e+03 1.151967080000000000e+09
6.556336153896881115e+03 2.650024322000000000e+09
6.504402655447896905e+03 4.052959312000000000e+09
6.522218939326096006e+03 1.788974534000000000e+09
6.506790212736204921e+03 3.012756500000000000e+09
6.527234511781189212e+03 3.207072170000000000e+08
6.540433745661734065e+03 4.023075960000000000e+09
6.521135851333905521e+03 1.526925350000000000e+08
6.565819298400669140e+03 4.236616063000000000e+09
6.567849648699520912e+03 2.184996520000000000e+09
6.518339967617899674e+03 3.674911416000000000e+09
6.511661098712163948e+03 3.540146608000000000e+09
6.517874426377740747e+03 2.129623830000000000e+09
6.525743705015633168e+03 3.414952850000000000e+08
6.535848203902356545e+03 1.083079523000000000e+09
6.546566644376513977e+03 1.134507000000000000e+06
6.515321325684726617e+03 1.408801670000000000e+08
6.499179409601488260e+03 8.799821680000000000e+08
6.533304431701519206e+03 1.855866052000000000e+09
6.533341900228098893e+03 1.243697477000000000e+09
6.509919395107759556e+03 4.705267100000000000e+08
6.523639766805628824e+03 2.182884950000000000e+08
6.526958938878285153e+03 3.733436305000000000e+09
6.504673903670320215e+03 1.634884000000000000e+07
6.503082466854211816e+03 8.083593360000000000e+08
6.510087526297097611e+03 3.939946593000000000e+09
6.498023422845037203e+03 3.317142315000000000e+09
6.477660403306745138e+03 1.760363059000000000e+09
6.530062725633115406e+03 2.996639070000000000e+08
6.512368395163973219e+03 1.956118037000000000e+09
6.518954506822914482e+03 1.324364410000000000e+09
6.471781311566248405e+03 1.941493339000000000e+09
6.487952427555546819e+03 9.028831300000000000e+07
6.538420224354161292e+03 3.497286861000000000e+09
6.510224438390661817e+03 3.267830454000000000e+09
6.556403992676323469e+03 3.743075553000000000e+09
6.511116662912673746e+03 3.315087276000000000e+09
6.508208963562783538e+03 9.727736900000000000e+08
6.523167973392818567e+03 3.025561876000000000e+09
6.536599424944281964e+03 5.066494670000000000e+08
6.553568575831710405e+03 1.826985789000000000e+09
6.493263306363255651e+03 2.619179329000000000e+09
6.499001870989624877e+03 2.967464302000000000e+09
6.568174808232772193e+03 3.528247724000000000e+09
6.481911536392102789e+03 3.000705050000000000e+08
6.500362771713529582e+03 2.252082523000000000e+09
6.572110020090289254e+03 3.130003503000000000e+09
6.515362245450427508e+03 2.479022218000000000e+09
6.518229951199384232e+03 1.284161609000000000e+09
6.545367755888783904e+03 2.265317788000000000e+09
6.510625913150265660e+03 6.947226100000000000e+07
6.560528566644763487e+03 1.632374768000000000e+09
6.537900054013635781e+03 1.336295894000000000e+09
6.505142207345895258e+03 3.536510718000000000e+09
6.509311656507956286e+03 1.702426230000000000e+09
6.453241301914738870e+03 2.610110800000000000e+07
6.535987548952768520e+03 8.016158910000000000e+08
6.478141991028584016e+03 5.884771300000000000e+07
6.527357422358782060e+03 6.467538580000000000e+08
6.499586165177159273e+03 1.450137442000000000e+09
6.536244944274852969e+03 3.649652616000000000e+09
6.518269113005726467e+03 3.205314551000000000e+09
6.527563434881485591e+03 3.478577140000000000e+08
6.489281471108600272e+03 2.944275980000000000e+09
6.503521170061590055e+03 3.964305771000000000e+09
6.537229157666194624e+03 3.861023837000000000e+09
6.518923615624761624e+03 3.905815730000000000e+08
6.491441465310060266e+03 1.879435754000000000e+09
6.525134536445576487e+03 2.147976224000000000e+09
6.484713061213816218e+03 1.445726753000000000e+09
6.542908707810771375e+03 3.140909238000000000e+09
6.529248802070329475e+03 3.058307940000000000e+09
6.528985914630357001e+03 1.096779441000000000e+09
6.502366333428932194e+03 1.894788881000000000e+09
6.521512452713935090e+03 1.731278539000000000e+09
6.492894015552277779e+03 4.141237934000000000e+09
6.520324664118097644e+03 3.654769243000000000e+09
6.582983191617834564e+03 6.235475880000000000e+08
6.519536999870784712e+03 4.131891920000000000e+09
6.491064487436745367e+03 2.441115652000000000e+09
6.502189062767672112e+03 3.367548381000000000e+09
6.513461359426662966e+03 1.569477203000000000e+09
6.538684285448482115e+03 1.846354494000000000e+09
6.477016123280249303e+03 2.234336539000000000e+09
6.492222726916905231e+03 2.865503190000000000e+09
6.504258110514043437e+03 1.210196826000000000e+09
6.545714604049954687e+03 5.952807910000000000e+08
6.487017248030286282e+03 4.080854000000000000e+08
6.518978282725656754e+03 3.879839072000000000e+09
6.528540823319726769e+03 3.094538682000000000e+09
6.510827343770046355e+03 2.141304584000000000e+09
6.524186170642315119e+03 3.820328022000000000e+09
6.541026724437795565e+03 2.626390525000000000e+09
6.540570261537096485e+03 1.306779718000000000e+09
6.523076846326291161e+03 2.220408107000000000e+09
6.529384984137323045e+03 8.898837360000000000e+08
6.527179693186921213e+03 3.214236549000000000e+09
6.544922771694134099e+03 1.384264343000000000e+09
6.523287345455949435e+03 2.661587916000000000e+09
6.507800823412580939e+03 1.009004980000000000e+09
6.537424030111581487e+03 1.507791545000000000e+09
6.532983578645307716e+03 2.566139076000000000e+09
6.521972530420773182e+03 2.067211788000000000e+09
6.527314767083715196e+03 5.402171980000000000e+08
6.488296721826660360e+03 2.395020044000000000e+09
6.540878035067557903e+03 3.972624504000000000e+09
6.537961540054820944e+03 1.537162660000000000e+09
6.524944448443152396e+03 9.550991450000000000e+08
6.531683026892827002e+03 1.830001551000000000e+09
6.526851432403591389e+03 1.605430073000000000e+09
6.527946459807668361e+03 2.300927837000000000e+09
6.548658614959185797e+03 2.049671757000000000e+09
6.540954490272497424e+03 5.593922080000000000e+08
6.523648405249938151e+03 2.717748700000000000e+07
6.487835979707358092e+03 2.600676221000000000e+09
6.538109603609430451e+03 3.147871307000000000e+09
6.523471943097889380e+03 3.943393349000000000e+09
6.491867259668988481e+03 1.669063830000000000e+09
6.494292663376454584e+03 1.867497613000000000e+09
6.501855697300617067e+03 1.832046627000000000e+09
6.519176143899869203e+03 2.206978261000000000e+09
6.519174462354374555e+03 9.134417480000000000e+08
6.498057584794135437e+03 1.715512958000000000e+09
6.505376912651505336e+03 3.754895938000000000e+09
6.568806349198038333e+03 1.348636381000000000e+09
6.522729931768103597e+03 2.979480788000000000e+09
6.511868058704171744e+03 2.862723154000000000e+09
6.493142494519909633e+03 1.305635278000000000e+09
6.488617378526616449e+03 2.283159695000000000e+09
6.517938644053485405e+03 4.173400889000000000e+09
6.494202852434806118e+03 1.854566210000000000e+08
6.505004705810503765e+03 3.643643210000000000e+09
6.564804163060627616e+03 2.457878430000000000e+08
6.529231566373114219e+03 2.919404025000000000e+09
6.535710031702184097e+03 7.914249040000000000e+08
6.534055169206834762e+03 5.201584580000000000e+08
6.503782701569842175e+03 6.810580060000000000e+08
6.563517414527395886e+03 2.530797657000000000e+09
6.509328440049580422e+03 1.599505595000000000e+09
6.544592771612847173e+03 4.290939007000000000e+09
6.570469932456614515e+03 1.219522713000000000e+09
6.519823012700695472e+03 8.868743680000000000e+08
6.566423236386469398e+03 2.578787334000000000e+09
6.465472987911054588e+03 3.721637244000000000e+09
6.490748673954367405e+03 8.794540580000000000e+08
6.563990715170681142e+03 4.113799371000000000e+09
6.471442001138810156e+03 1.329964721000000000e+09
6.535293325053719855e+03 1.128375674000000000e+09
6.522262312231946453e+03 2.964229645000000000e+09
6.513710348005379274e+03 1.670960555000000000e+09
6.511207705706958222e+03 9.649058000000000000e+07
6.506552973154670326e+03 6.035437930000000000e+08
6.493758150764529091e+03 1.237019578000000000e+09
6.529230603145077112e+03 1.887119829000000000e+09
6.525404148246784644e+03 1.475343746000000000e+09
6.557356992159075162e+03 3.939908873000000000e+09
6.524563244269755160e+03 3.027391042000000000e+09
6.511131123629540525e+03 3.145158530000000000e+09
6.557292236945999321e+03 2.726597985000000000e+09
6.542581997774375850e+03 2.207279877000000000e+09
6.541152655237151521e+03 1.174671743000000000e+09
6.479959925930370446e+03 4.813407400000000000e+07
6.513062715971076614e+03 1.162678630000000000e+09
6.503687758950949501e+03 3.290069502000000000e+09
6.468485952025008373e+03 5.286330530000000000e+08
6.514403053982981874e+03 2.393897019000000000e+09
6.522520358262014270e+03 3.354292830000000000e+08
6.532709972921725239e+03 1.791692338000000000e+09
6.507299927511616261e+03 1.704036402000000000e+09
6.507544396563926057e+03 2.721628325000000000e+09
6.537865348795600767e+03 3.755578341000000000e+09
6.508408592141438021e+03 2.339822532000000000e+09
6.500993772851668837e+03 3.867840710000000000e+09
6.558538528546874659e+03 2.774221013000000000e+09
6.520906488701304625e+03 1.071802078000000000e+09
6.514164613475662009e+03 1.836095483000000000e+09
6.520377526191787183e+03 2.204761603000000000e+09
6.532544093967009758e+03 1.642697142000000000e+09
6.480712940923864153e+03 9.391772660000000000e+08
6.506513791918732750e+03 9.921331570000000000e+08
6.523786465856910581e+03 9.642893740000000000e+08
6.525918061860837952e+03 2.469866272000000000e+09
6.511122381674880671e+03 8.132517350000000000e+08
6.465140565048043754e+03 1.617273792000000000e+09
6.529307927445370296e+03 1.901304126000000000e+09
6.541705911315466437e+03 1.168215965000000000e+09
6.541219662988412892e+03 2.392054911000000000e+09
6.514465172220810018e+03 2.229405356000000000e+09
6.479641658059361362e+03 5.173696770000000000e+08
6.477892984592067478e+03 2.362217050000000000e+08
6.505534507903700614e+03 1.171593270000000000e+08
6.538542810938130060e+03 1.185616972000000000e+09
6.517021176639049372e+03 1.856083179000000000e+09
6.506430988578622419e+03 4.951049160000000000e+08
6.507575157904002481e+03 2.930064814000000000e+09
6.506961192168478192e+03 3.136926176000000000e+09
6.518321630520686085e+03 2.782943947000000000e+09
6.536858192469395362e+03 1.051929391000000000e+09
6.490838657558590057e+03 1.340711509000000000e+09
6.539434630372176798e+03 2.067568907000000000e+09
6.480214266858878545e+03 4.254329970000000000e+08
6.566694333185666437e+03 2.876165292000000000e+09
6.521110552148262286e+03 1.234323200000000000e+07
6.533562341288732569e+03 5.811181440000000000e+08
6.527522562517418010e+03 5.830217650000000000e+08
6.547939160500920480e+03 4.185316459000000000e+09
6.543462018023634300e+03 4.148021981000000000e+09
6.539797425465219931e+03 3.444550431000000000e+09
6.514013014091932746e+03 9.726957670000000000e+08
6.499857163997750831e+03 2.036899172000000000e+09
6.564330603864778823e+03 6.348562060000000000e+08
6.510762973250906725e+03 4.002455064000000000e+09
6.538366195355914897e+03 4.879622810000000000e+08
6.558557724827957827e+03 5.556304390000000000e+08
6.531945638285831592e+03 3.867785250000000000e+08
6.498615029692569806e+03 6.618503330000000000e+08
6.540090932208782760e+03 2.364861084000000000e+09
6.536369172821531720e+03 1.491953780000000000e+09
6.490479735992590577e+03 3.954199593000000000e+09
6.508560782288787777e+03 3.189683660000000000e+09
6.517137715382974420e+03 4.259818494000000000e+09
6.570519464587923721e+03 1.300041751000000000e+09
6.510851109043665929e+03 2.714339483000000000e+09
6.551699747318899426e+03 1.692799888000000000e+09
6.500677450526380198e+03 3.064443260000000000e+09
6.509356304889211970e+03 4.186521090000000000e+09
6.549839089238452289e+03 9.076712830000000000e+08
6.541877763179479189e+03 1.658183163000000000e+09
6.533257197199096481e+03 8.270970840000000000e+08
6.545934807272580656e+03 6.822044800000000000e+07
6.553422691265725007e+03 3.573335003000000000e+09
6.560912091959159625e+03 7.009879820000000000e+08
6.534784781113497047e+03 9.337295300000000000e+08
6.536493451578580789e+03 2.366946713000000000e+09
6.548794512671194752e+03 6.195474930000000000e+08
6.537220003049189472e+03 2.732666396000000000e+09
6.563599575117671520e+03 1.783081277000000000e+09
6.527180005697524393e+03 7.578281210000000000e+08
6.548233539824665968e+03 9.375797310000000000e+08
6.532892241245690457e+03 3.173141630000000000e+09
6.543066690612339698e+03 3.408960663000000000e+09
6.472174651552382784e+03 2.357187420000000000e+09
6.497266610772949207e+03 3.882141739000000000e+09
6.522774746704359131e+03 2.287868940000000000e+08
6.563355863358973693e+03 4.112368192000000000e+09
6.492946770634750465e+03 2.221276924000000000e+09
6.509764789394454056e+03 3.424829371000000000e+09
6.517035406082643021e+03 2.855232394000000000e+09
6.488215457859827438e+03 1.396497410000000000e+09
6.529949195671226335e+03 3.156848411000000000e+09
6.525906294642543799e+03 4.268112628000000000e+09
6.489365100828986215e+03 3.125305544000000000e+09
6.555232430192579159e+03 8.941784680000000000e+08
6.540670642630483599e+03 3.515397748000000000e+09
6.498437407860139501e+03 1.596942503000000000e+09
6.507089709723785745e+03 1.611191063000000000e+09
6.541009078946794034e+03 2.678217187000000000e+09
6.486395082459422156e+03 3.717804117000000000e+09
6.544637697324093097e+03 8.357607720000000000e+08
6.482675140813960752e+03 3.784834468000000000e+09
6.522975566928381340e+03 1.704281157000000000e+09
6.489779892818592998e+03 3.496635972000000000e+09
6.534536163283853057e+03 1.636978399000000000e+09
6.507889313120229417e+03 2.775224415000000000e+09
6.595093055547438780e+03 1.963763151000000000e+09
6.532998578178903699e+03 3.758634289000000000e+09
6.522640054505851367e+03 1.355590288000000000e+09
6.509389748041121493e+03 1.424179439000000000e+09
6.535460145999997621e+03 2.796508807000000000e+09
6.516417583325174746e+03 2.708535372000000000e+09
6.527701973537537015e+03 6.098764750000000000e+08
6.503341202024703307e+03 9.023565650000000000e+08
6.515727452398177775e+03 1.514953421000000000e+09
6.517464331518600375e+03 5.285838780000000000e+08
6.496371044197480842e+03 2.595065308000000000e+09
6.549800158897333858e+03 1.047182617000000000e+09
6.561868852161675022e+03 7.068505930000000000e+08
6.554687726716016186e+03 2.680997400000000000e+08
6.537131388887072717e+03 6.900879600000000000e+07
6.514685225851013456e+03 3.693646120000000000e+08
6.482632393063877316e+03 2.953921700000000000e+08
6.560553320484546930e+03 1.218149629000000000e+09
6.554350668642427081e+03 1.449512183000000000e+09
6.521280920491650249e+03 3.461657874000000000e+09
6.514488300156105652e+03 1.151612222000000000e+09
6.478134167888285447e+03 8.686011450000000000e+08
6.565446477790607787e+03 1.554681203000000000e+09
6.501029834685846254e+03 8.902288390000000000e+08
6.522193321310433021e+03 3.023239734000000000e+09
6.515904758391016003e+03 1.033887809000000000e+09
6.510657128277160155e+03 2.882655819000000000e+09
6.542627286962537255e+03 3.178462099000000000e+09
6.535978885033441657e+03 3.798201502000000000e+09
6.505045536324969362e+03 2.476760719000000000e+09
6.529080435504686648e+03 2.373583728000000000e+09
6.511073548592748921e+03 1.170146770000000000e+09
6.440834204782066081e+03 3.808991384000000000e+09
6.523399375978006901e+03 1.185658061000000000e+09
6.499151564649403554e+03 1.449369230000000000e+09
6.521063873811681333e+03 2.634563214000000000e+09
6.515050524767227216e+03 3.771460734000000000e+09
6.498933759969519087e+03 1.422399519000000000e+09
6.517133511793114849e+03 1.971787403000000000e+09
6.511226152126751913e+03 3.755742559000000000e+09
6.512339302803713508e+03 3.740803500000000000e+07
6.517657232739335086e+03 1.556870071000000000e+09
6.511710356271271849e+03 3.261201947000000000e+09
6.510321978031781327e+03 2.836480866000000000e+09
6.472876679883889665e+03 1.784346215000000000e+09
6.516304646546245749e+03 3.558887749000000000e+09
6.536325829568620065e+03 2.031910554000000000e+09
6.470579846741748952e+03 3.737063060000000000e+08
6.524756091818282584e+03 2.564799344000000000e+09
6.539739979637436591e+03 4.153188079000000000e+09
6.526820837494540683e+03 2.589812957000000000e+09
6.546180750043626176e+03 1.048326590000000000e+09
6.515427061376418351e+03 1.957332838000000000e+09
6.518112615697982619e+03 3.273897917000000000e+09
6.490972418720480164e+03 2.045086869000000000e+09
6.557138280171644510e+03 6.841633440000000000e+08
6.506647632969499682e+03 2.146928074000000000e+09
6.516044091943501371e+03 2.462032615000000000e+09
6.563045513968754676e+03 4.039063307000000000e+09
6.521615691753002466e+03 1.569226117000000000e+09
6.527988695986869061e+03 2.993991657000000000e+09
6.558558612076330974e+03 3.049222026000000000e+09
6.533180749977803316e+03 1.355926855000000000e+09
6.511919829175940322e+03 2.141930412000000000e+09
6.539071483026139504e+03 2.220991728000000000e+09
6.519280913449786567e+03 2.007488952000000000e+09
6.506477752369291011e+03 3.860144019000000000e+09
6.539662927833731374e+03 1.024690134000000000e+09
6.501948055109363850e+03 3.006164725000000000e+09
6.528510851920172172e+03 2.531400980000000000e+08
6.546042899999209112e+03 1.483324420000000000e+09
6.512757416714992360e+03 6.728874480000000000e+08
6.528100773966540146e+03 1.818011840000000000e+09
6.579265536439669631e+03 3.167117620000000000e+09
6.533355287013828274e+03 1.281140518000000000e+09
