# Lens_likelihood 	 seed
6.643411239084230147e+03 1.147257760000000000e+09
6.658167329212179538e+03 2.535975135000000000e+09
6.660226254184211029e+03 3.685176976000000000e+09
6.646440702903889360e+03 1.802434308000000000e+09
6.637183887786310152e+03 1.087140969000000000e+09
6.640463159692636509e+03 1.747223550000000000e+08
6.647499518867577535e+03 1.068380783000000000e+09
6.633316816086827203e+03 1.512979906000000000e+09
6.634401760326834847e+03 1.851904232000000000e+09
6.622196562594535862e+03 2.801634582000000000e+09
6.647016616954315396e+03 1.463538296000000000e+09
6.658344679752961383e+03 7.240211300000000000e+07
6.625876167499505755e+03 1.845867232000000000e+09
6.632476733781752046e+03 1.319428441000000000e+09
6.636987290599061453e+03 2.592566465000000000e+09
6.646475717725720642e+03 1.002578326000000000e+09
6.642814311159633689e+03 4.271195065000000000e+09
6.631877362468028878e+03 1.014682994000000000e+09
6.637661327676996734e+03 4.292171607000000000e+09
6.649419692377636238e+03 1.596998542000000000e+09
6.653002641158018378e+03 5.357380590000000000e+08
6.637082154123361761e+03 3.614760968000000000e+09
6.632597146751226319e+03 3.701776570000000000e+08
6.634484207519300980e+03 2.653920972000000000e+09
6.652183768371984115e+03 1.717143603000000000e+09
6.636400854447789243e+03 1.110317527000000000e+09
6.655861547033533498e+03 3.930800610000000000e+08
6.651447067297002832e+03 3.304798857000000000e+09
6.664758708726640180e+03 3.950184362000000000e+09
6.644068274507666501e+03 9.590822580000000000e+08
6.632858390957020674e+03 1.597672132000000000e+09
6.640140596050430759e+03 1.413897040000000000e+09
6.638700350364381848e+03 2.069511980000000000e+09
6.646417284599703635e+03 3.392905971000000000e+09
6.621972244343907732e+03 2.041103027000000000e+09
6.635650269491804465e+03 8.923210550000000000e+08
6.631807785843407146e+03 4.211367673000000000e+09
6.643551203570275902e+03 1.228225186000000000e+09
6.655480953702670377e+03 5.679128480000000000e+08
6.655664397821688908e+03 4.641183600000000000e+07
6.624669036249430064e+03 1.070606571000000000e+09
6.643261846031953610e+03 2.418304951000000000e+09
6.636688494934809569e+03 1.181429107000000000e+09
6.648120900322928719e+03 3.330437690000000000e+08
6.647073072294735539e+03 2.770796344000000000e+09
6.644093618177686949e+03 2.028166835000000000e+09
6.645730115465532435e+03 2.599254145000000000e+09
6.650083302984114198e+03 6.988395310000000000e+08
6.628790206514509919e+03 8.734758120000000000e+08
6.657390510398055994e+03 3.521104644000000000e+09
6.648556765778786030e+03 3.523538162000000000e+09
6.638158431965363889e+03 2.059892295000000000e+09
6.664354991345951930e+03 1.676255444000000000e+09
6.639500296749564768e+03 3.548705067000000000e+09
6.653295890572586359e+03 3.077777904000000000e+09
6.630744335840837266e+03 4.327669210000000000e+08
6.645915552004581514e+03 1.960984744000000000e+09
6.647821512717984660e+03 1.748500076000000000e+09
6.637403274692042032e+03 3.734846340000000000e+08
6.648556110326077942e+03 3.746857326000000000e+09
6.643503918758469808e+03 3.642840513000000000e+09
6.662608114321326866e+03 2.221046104000000000e+09
6.642870319945291158e+03 3.650524606000000000e+09
6.634891675875387591e+03 4.146181060000000000e+09
6.654395995629598474e+03 2.333750814000000000e+09
6.635392228735450772e+03 3.800176066000000000e+09
6.666998699656468489e+03 3.091301650000000000e+09
6.635878263884022999e+03 9.971602890000000000e+08
6.641543450057401060e+03 8.723367900000000000e+08
6.635272193825292561e+03 3.395464281000000000e+09
6.650870240823032873e+03 2.825764290000000000e+09
6.640145838882674070e+03 3.329557335000000000e+09
6.630225273332511279e+03 1.619979834000000000e+09
6.647821766159132494e+03 3.069311646000000000e+09
6.652316552263772792e+03 1.391673244000000000e+09
6.635506822151879533e+03 3.086681246000000000e+09
6.648885160831159737e+03 7.162346050000000000e+08
6.646116962359775243e+03 3.035603548000000000e+09
6.653150079810014176e+03 4.026363030000000000e+09
6.636919564633776645e+03 1.541192257000000000e+09
6.648616072562988847e+03 6.184138890000000000e+08
6.644487229210974874e+03 3.331430692000000000e+09
6.633103720339018764e+03 4.280855845000000000e+09
6.630442415977588098e+03 4.100171825000000000e+09
6.645871424229534568e+03 9.498509890000000000e+08
6.644467148911938239e+03 3.376121732000000000e+09
6.626427128329496554e+03 1.210735156000000000e+09
6.633507144627013986e+03 3.711107739000000000e+09
6.645395073682097063e+03 3.437431260000000000e+08
6.656531222349070049e+03 3.496664835000000000e+09
6.653550214302405038e+03 3.023462135000000000e+09
6.628217621714576126e+03 4.075460996000000000e+09
6.650460717602351906e+03 3.671155960000000000e+08
6.668273425784955180e+03 2.113335481000000000e+09
6.636195338225897103e+03 7.811161280000000000e+08
6.653259515984609607e+03 8.192173900000000000e+08
6.658577385507971485e+03 3.479414050000000000e+09
6.631155695699208081e+03 1.462434691000000000e+09
6.657534225696114845e+03 2.896952018000000000e+09
6.634546872883072865e+03 1.969538520000000000e+09
6.635309427378685541e+03 4.113549881000000000e+09
6.637277997538600175e+03 1.028919160000000000e+08
6.654144190857105059e+03 1.925180307000000000e+09
6.645732334970222837e+03 2.451021719000000000e+09
6.631849721547902845e+03 1.826746260000000000e+09
6.645768075849577144e+03 1.370703386000000000e+09
6.644246273121182639e+03 1.873150755000000000e+09
6.628879986026568076e+03 4.213861078000000000e+09
6.631913278247309790e+03 1.725843439000000000e+09
6.631634621542445529e+03 1.305053303000000000e+09
6.640800238231847288e+03 3.204262528000000000e+09
6.620670333569058130e+03 3.628717002000000000e+09
6.650030808219580649e+03 3.172612002000000000e+09
6.635758751743119319e+03 6.049447370000000000e+08
6.631653246892636162e+03 9.332193120000000000e+08
6.645856206597967685e+03 1.764976446000000000e+09
6.631179471138946610e+03 3.321511871000000000e+09
6.608141874744707820e+03 3.243714284000000000e+09
6.652635607653087391e+03 1.338563361000000000e+09
6.621957919730596586e+03 6.005649270000000000e+08
6.627931765422832541e+03 4.013547902000000000e+09
6.646482482216080825e+03 4.294362498000000000e+09
6.649133317658988744e+03 3.539693331000000000e+09
6.655387261769840734e+03 1.478938595000000000e+09
6.600817001963115217e+03 1.646326926000000000e+09
6.628811784591704964e+03 3.861556214000000000e+09
6.650033348346645653e+03 8.954491700000000000e+07
6.635554666914053087e+03 3.718128900000000000e+08
6.613211923999431747e+03 2.053364084000000000e+09
6.639154700530205446e+03 1.992711630000000000e+09
6.638471341629117887e+03 2.558346734000000000e+09
6.626087067236269831e+03 3.671767031000000000e+09
6.635681570167786049e+03 2.916061575000000000e+09
6.633283082407200709e+03 5.717075280000000000e+08
6.636522753358082809e+03 3.562652096000000000e+09
6.650728947950692600e+03 2.362414670000000000e+09
6.638089967709443954e+03 1.789273824000000000e+09
6.638125780087745625e+03 2.096730863000000000e+09
6.644516047693074142e+03 1.410328570000000000e+09
6.645890145038770243e+03 3.059089460000000000e+08
6.647975827354306603e+03 1.662586480000000000e+08
6.643606195220687368e+03 3.108491578000000000e+09
6.644205210637454002e+03 3.063718593000000000e+09
6.648983965620727759e+03 2.277878342000000000e+09
6.631379951320487635e+03 1.920334333000000000e+09
6.621878827034483038e+03 2.417221356000000000e+09
6.619706413018958301e+03 3.163388287000000000e+09
6.666584915898317377e+03 3.318394422000000000e+09
6.641829868022816299e+03 2.538310482000000000e+09
6.618010529389972362e+03 9.634519250000000000e+08
6.642762862803634562e+03 3.518773932000000000e+09
6.640076226384585425e+03 1.801192803000000000e+09
6.648822295865196793e+03 1.167619815000000000e+09
6.645608842946620825e+03 1.988886922000000000e+09
6.613383216285504204e+03 2.687391520000000000e+09
6.644835246617089979e+03 2.160935184000000000e+09
6.655326199533348699e+03 2.216129953000000000e+09
6.645179467874623697e+03 8.926876700000000000e+08
6.624748226124253961e+03 8.743590270000000000e+08
6.640797189500466629e+03 8.105012090000000000e+08
6.626036495726239991e+03 3.200224835000000000e+09
6.647387271661757040e+03 3.052143198000000000e+09
6.636961125147096027e+03 3.600804631000000000e+09
6.641787024455546998e+03 3.423844082000000000e+09
6.656226671127305963e+03 2.611464319000000000e+09
6.656112686248079626e+03 5.907544550000000000e+08
6.670411914871647241e+03 4.046513287000000000e+09
6.640616622168567119e+03 1.742628420000000000e+08
6.629099614780012416e+03 4.457866070000000000e+08
6.631350699219914532e+03 5.315397350000000000e+08
6.637242384576502445e+03 1.075015581000000000e+09
6.644925228281068485e+03 2.126620630000000000e+08
6.644867249605953475e+03 1.067602590000000000e+08
6.651789018958579618e+03 6.158879480000000000e+08
6.644901048227048705e+03 1.469850613000000000e+09
6.640389496423484161e+03 2.252905611000000000e+09
6.654359561882841263e+03 1.990357733000000000e+09
6.655324949949688744e+03 7.491814180000000000e+08
6.631756572448597581e+03 1.405925180000000000e+09
6.649872814524559544e+03 2.900687490000000000e+09
6.649586207335880317e+03 5.603346400000000000e+07
6.626648713807422610e+03 1.692725237000000000e+09
6.643624389174297903e+03 2.000515129000000000e+09
6.662745609345381126e+03 3.854291581000000000e+09
6.630109683814851451e+03 3.267171162000000000e+09
6.640820673677996638e+03 3.752557403000000000e+09
6.624844775516527989e+03 1.623643987000000000e+09
6.644770605635880202e+03 3.287175021000000000e+09
6.641755304955837346e+03 3.278853750000000000e+09
6.676831366270504077e+03 1.359622954000000000e+09
6.653716701427285443e+03 3.135876062000000000e+09
6.635689508174360526e+03 5.651001830000000000e+08
6.649201025121502425e+03 4.091496664000000000e+09
6.639988530148873906e+03 2.073556781000000000e+09
6.650992146143706123e+03 1.447671351000000000e+09
6.628006288640939601e+03 2.140991915000000000e+09
6.637217621741348921e+03 1.303808890000000000e+08
6.621566076011842597e+03 2.709555122000000000e+09
6.631812123295985657e+03 2.602541206000000000e+09
6.638322418919853590e+03 8.661557100000000000e+08
6.639605765557184895e+03 1.675545464000000000e+09
6.616110172587308625e+03 2.004348589000000000e+09
6.637544756048549971e+03 3.086573910000000000e+09
6.657187776328708424e+03 3.767604526000000000e+09
6.636701944929011006e+03 2.988876173000000000e+09
6.632507391893771455e+03 2.852537311000000000e+09
6.643554009388077247e+03 2.051815350000000000e+08
6.648258400203012570e+03 6.737655440000000000e+08
6.652728295548968163e+03 2.273851298000000000e+09
6.662739698738549123e+03 5.858507750000000000e+08
6.640185624963370174e+03 3.106678914000000000e+09
6.636695996292895870e+03 2.182255438000000000e+09
6.643196585864789995e+03 4.054751386000000000e+09
6.637619655554902238e+03 3.517942771000000000e+09
6.624161980248540203e+03 2.364114737000000000e+09
6.638272468330978882e+03 6.299564500000000000e+08
6.623583278320427780e+03 2.772622947000000000e+09
6.647850381775032474e+03 1.912977150000000000e+09
6.655682251214081589e+03 3.969678950000000000e+09
6.648333569756867291e+03 2.178838713000000000e+09
6.645844771871855301e+03 2.773277451000000000e+09
6.632709394655910728e+03 1.342031426000000000e+09
6.607267307166002865e+03 3.674042332000000000e+09
6.637028437629534892e+03 6.048200900000000000e+08
6.634191253275616873e+03 1.005909750000000000e+09
6.611186424637124219e+03 8.436346650000000000e+08
6.656303054444528243e+03 1.331504920000000000e+09
6.625110049538064231e+03 2.135868586000000000e+09
6.654056577918707262e+03 3.490014352000000000e+09
6.635085529518761177e+03 4.270662173000000000e+09
6.632080090932615349e+03 2.555487971000000000e+09
6.639462737642369575e+03 3.746301130000000000e+08
6.641311279368654141e+03 3.349874540000000000e+08
6.622229402039585693e+03 1.876352720000000000e+08
6.643649228348498582e+03 3.268087276000000000e+09
6.642074015313431119e+03 3.017800484000000000e+09
6.648499068571887619e+03 9.361386050000000000e+08
6.633132826680267499e+03 3.651613000000000000e+08
6.624350014913579798e+03 3.364444765000000000e+09
6.643633680138724230e+03 4.091111662000000000e+09
6.659262843862063164e+03 1.015786206000000000e+09
6.650481564536223232e+03 2.941673428000000000e+09
6.648561225195393490e+03 2.230283950000000000e+08
6.639715099695711615e+03 1.725670865000000000e+09
6.624142566769281984e+03 3.761760672000000000e+09
6.658575268627000696e+03 2.216144469000000000e+09
6.657970764407666138e+03 1.719614383000000000e+09
6.638209591822853326e+03 7.494103090000000000e+08
6.651591094078296010e+03 3.562954013000000000e+09
6.633580385125827888e+03 5.848656700000000000e+07
6.650212065918255576e+03 2.335780920000000000e+08
6.631560617288374488e+03 1.579473128000000000e+09
6.640496760270118102e+03 2.729114912000000000e+09
6.629052877404521496e+03 3.569161368000000000e+09
6.643204465309095212e+03 1.213356433000000000e+09
6.656532250861782813e+03 3.950531797000000000e+09
6.635257979595582583e+03 3.131389277000000000e+09
6.638769331402465468e+03 2.771141510000000000e+09
6.654305884047107611e+03 1.591503563000000000e+09
6.652562050876766989e+03 4.265949158000000000e+09
6.625713396899190229e+03 1.982769556000000000e+09
6.636464387059853834e+03 2.527042522000000000e+09
6.641014209450002454e+03 9.057974220000000000e+08
6.648027557581279325e+03 2.181889476000000000e+09
6.640984311700382023e+03 2.561977402000000000e+09
6.648317766757344543e+03 3.757196228000000000e+09
6.626867767088828259e+03 2.118313476000000000e+09
6.651765666122170842e+03 1.203988944000000000e+09
6.632314508007325458e+03 1.925437193000000000e+09
6.644354683847160231e+03 3.891308841000000000e+09
6.652435486983021292e+03 1.086323880000000000e+08
6.627927540110785230e+03 2.643268708000000000e+09
6.630082539106766490e+03 1.292085330000000000e+08
6.656109796563262535e+03 2.272830243000000000e+09
6.638794784365432861e+03 2.490207580000000000e+08
6.657279650387411493e+03 5.140405150000000000e+08
6.645028288474905821e+03 3.918591364000000000e+09
6.643420673238375457e+03 1.791412402000000000e+09
6.654852776303543578e+03 3.845418878000000000e+09
6.645983961112729958e+03 3.470562530000000000e+08
6.630207137270577732e+03 4.728221330000000000e+08
6.667005493695611221e+03 8.762377240000000000e+08
6.664499900234970482e+03 1.138847290000000000e+08
6.644200532180704613e+03 3.962369416000000000e+09
6.641789997540616241e+03 2.909036302000000000e+09
6.625107647113060011e+03 7.267464450000000000e+08
6.643304356468592232e+03 1.777885820000000000e+09
6.648342411385709056e+03 1.253865546000000000e+09
6.651343578721275662e+03 1.364905570000000000e+09
6.639317291494870915e+03 1.519342705000000000e+09
6.621389293485534836e+03 3.784074837000000000e+09
6.660900485383837804e+03 9.321771060000000000e+08
6.646458699089280344e+03 2.948610670000000000e+09
6.641271296399488165e+03 2.006684702000000000e+09
6.634238698647053752e+03 9.482793010000000000e+08
6.626170501232503739e+03 4.293872923000000000e+09
6.660997617790272670e+03 2.899053581000000000e+09
6.649028631817639507e+03 1.897355139000000000e+09
6.633336345602079746e+03 1.230860682000000000e+09
6.641635278507295880e+03 2.600510704000000000e+09
6.622662006444863437e+03 6.754579680000000000e+08
6.639912269826470038e+03 6.709533750000000000e+08
6.623943214134640584e+03 1.029209218000000000e+09
6.637979215177434526e+03 1.410452019000000000e+09
6.638020642459159717e+03 2.748683885000000000e+09
6.647184521509136175e+03 3.270504957000000000e+09
6.596016025484517741e+03 2.944361818000000000e+09
6.643462867604830535e+03 2.070666287000000000e+09
6.624280420479191889e+03 1.491963492000000000e+09
6.634939028332555608e+03 5.467352440000000000e+08
6.659527125166534461e+03 1.289972269000000000e+09
6.650778335744764263e+03 1.676454202000000000e+09
6.632921915485204408e+03 2.555713896000000000e+09
6.640547855739873739e+03 2.981385551000000000e+09
6.644523776464128787e+03 3.027117646000000000e+09
6.640645833104455050e+03 2.923406839000000000e+09
6.637620880018012031e+03 2.357672124000000000e+09
6.619422544413747346e+03 3.399485961000000000e+09
6.636234893397152518e+03 1.351842462000000000e+09
6.646678920388539154e+03 3.234606624000000000e+09
6.636716613592463546e+03 1.190405650000000000e+09
6.648147861835688673e+03 2.808680900000000000e+08
6.650553728860224510e+03 1.972772745000000000e+09
6.639664910015060741e+03 7.968795990000000000e+08
6.640570002561260480e+03 1.404013300000000000e+08
6.639361672707284015e+03 3.401966135000000000e+09
6.633508442247647508e+03 3.734598412000000000e+09
6.648740551561581924e+03 1.612196252000000000e+09
6.639177103757803707e+03 1.497737808000000000e+09
6.655833123887496185e+03 3.772613801000000000e+09
6.660607185234512144e+03 6.230884650000000000e+08
6.639401259490336997e+03 3.189101737000000000e+09
6.638746982158993887e+03 2.676299173000000000e+09
6.638872253737103165e+03 1.009919039000000000e+09
6.646131822518818808e+03 3.803464992000000000e+09
6.631090860974622956e+03 4.016664271000000000e+09
6.629554460078406919e+03 5.837047030000000000e+08
6.639098996528829957e+03 3.642531956000000000e+09
6.640004737143165585e+03 3.310993008000000000e+09
6.639963025539005685e+03 3.891519467000000000e+09
6.637630641743744491e+03 2.647908250000000000e+09
6.646269338803866049e+03 1.561193868000000000e+09
6.621723658589775368e+03 3.476934435000000000e+09
6.654848620370285062e+03 3.097818894000000000e+09
6.642805806837161072e+03 2.649807477000000000e+09
6.632729615108970393e+03 5.943096080000000000e+08
6.655094627362276697e+03 2.710441236000000000e+09
6.650820162756428545e+03 1.167424133000000000e+09
6.660198671359839864e+03 1.193609665000000000e+09
6.625295577256029901e+03 2.807585472000000000e+09
