# Lens_likelihood 	 seed
5.521503491874600513e+03 3.629964392000000000e+09
5.522659062302473103e+03 2.199963558000000000e+09
5.514518492005951884e+03 1.063118737000000000e+09
5.489983381372021540e+03 1.847013349000000000e+09
5.501089462260937580e+03 1.880169398000000000e+09
5.535233091553514896e+03 3.476103813000000000e+09
5.514477268924425516e+03 1.226694847000000000e+09
5.501347692796488445e+03 3.448470527000000000e+09
5.502066440638746826e+03 1.400208085000000000e+09
5.514076206775844184e+03 4.115068789000000000e+09
5.519744690528012143e+03 4.261686880000000000e+09
5.506441812384764489e+03 3.157586068000000000e+09
5.529241660736508493e+03 7.612786350000000000e+08
5.525165625932878356e+03 5.511734520000000000e+08
5.492208493011785322e+03 2.480180100000000000e+07
5.534132134360317650e+03 5.976349560000000000e+08
5.515346484540147685e+03 4.047471310000000000e+09
5.516902762493547925e+03 1.010319665000000000e+09
5.518999684322950998e+03 3.962464527000000000e+09
5.515966878660945440e+03 3.079070816000000000e+09
5.512695114174946866e+03 5.109242090000000000e+08
5.530786798679121603e+03 1.937153555000000000e+09
5.515250229178307563e+03 3.533005794000000000e+09
5.525462902652819139e+03 3.724831790000000000e+09
5.510803791537897268e+03 8.492539910000000000e+08
5.506552852399622680e+03 2.077012921000000000e+09
5.529351592201486710e+03 9.134661530000000000e+08
5.529678534514812782e+03 1.391369124000000000e+09
5.499294055743275749e+03 3.258254468000000000e+09
5.504499196923080490e+03 2.163703158000000000e+09
5.516807891182997992e+03 2.446675904000000000e+09
5.517069268315709451e+03 3.616776432000000000e+09
5.516220403691486354e+03 3.704811769000000000e+09
5.505018998133073183e+03 2.931256567000000000e+09
5.525134664393306593e+03 1.344233897000000000e+09
5.485787820689929504e+03 9.490710750000000000e+08
5.505727723419447102e+03 3.743621547000000000e+09
5.497237056021783246e+03 2.766473222000000000e+09
5.494514354842822286e+03 7.644810330000000000e+08
5.520017304476699792e+03 2.960478932000000000e+09
5.514662161009728152e+03 3.482235011000000000e+09
5.515393211550348497e+03 3.009242758000000000e+09
5.517838594391208972e+03 3.396224794000000000e+09
5.485404588841375698e+03 2.970251200000000000e+07
5.524902959681476204e+03 3.706656799000000000e+09
5.517635436996974022e+03 7.553458030000000000e+08
5.515367623908379755e+03 1.178401575000000000e+09
5.511759640592722462e+03 1.783762829000000000e+09
5.515374799236135914e+03 3.444746200000000000e+09
5.514168048437180005e+03 2.823244135000000000e+09
5.505295678737585149e+03 9.770661000000000000e+07
5.538554381950238167e+03 7.612753330000000000e+08
5.516928451111663890e+03 2.347764568000000000e+09
5.540616701340791224e+03 2.413130831000000000e+09
5.504974372837847113e+03 7.358119040000000000e+08
5.509117529021667906e+03 2.653572368000000000e+09
5.495999817447240275e+03 1.369014021000000000e+09
5.499699306560350124e+03 3.196387529000000000e+09
5.511542046444948028e+03 2.052208291000000000e+09
5.505651331061529163e+03 1.660209647000000000e+09
5.513028849982862994e+03 7.650716050000000000e+08
5.524498314658259915e+03 3.089919965000000000e+09
5.517776506645359405e+03 2.502215236000000000e+09
5.510446206396004527e+03 1.306100902000000000e+09
5.521848560564389118e+03 3.213030414000000000e+09
5.493348747831234505e+03 2.513224470000000000e+09
5.529493902413032629e+03 3.363853694000000000e+09
5.505269081323512182e+03 8.289152420000000000e+08
5.496165068975195027e+03 3.672359476000000000e+09
5.517229363952694257e+03 3.370820602000000000e+09
5.524319896858951324e+03 3.784436660000000000e+08
5.522788866613091159e+03 2.104331147000000000e+09
5.520831995343549352e+03 1.673477259000000000e+09
5.500450909094402959e+03 3.244337070000000000e+09
5.508243171792961220e+03 1.781346512000000000e+09
5.520390509086558268e+03 2.793115109000000000e+09
5.528163712515706720e+03 6.571596810000000000e+08
5.512140609453832440e+03 2.395752145000000000e+09
5.493340885344934577e+03 3.981222174000000000e+09
5.527280095246163910e+03 5.966665770000000000e+08
5.498178071533063303e+03 3.577600298000000000e+09
5.479960777237142793e+03 2.738705302000000000e+09
5.484023232608989929e+03 3.040825181000000000e+09
5.515957202240992046e+03 2.994789500000000000e+07
5.512725067434424091e+03 3.894278037000000000e+09
5.512045638125893674e+03 1.324913345000000000e+09
5.495697927018303744e+03 6.092626770000000000e+08
5.502945034386449151e+03 2.513037825000000000e+09
5.524657893766878260e+03 2.780696345000000000e+09
5.503409203040039756e+03 3.613468520000000000e+09
5.545092579342471254e+03 9.860573430000000000e+08
5.522337533562936187e+03 3.650053392000000000e+09
5.523700360269247540e+03 3.914363351000000000e+09
5.518753928187715246e+03 3.159105502000000000e+09
5.529009085759709706e+03 3.973271919000000000e+09
5.500174073050960942e+03 3.329221174000000000e+09
5.526242629634167315e+03 2.233625724000000000e+09
5.530509655110845415e+03 3.318350952000000000e+09
5.479264193893242009e+03 3.273741558000000000e+09
5.516599407423380399e+03 3.180241187000000000e+09
5.500622589544939729e+03 3.045955340000000000e+09
5.519224905937553558e+03 1.603907205000000000e+09
5.513095944307057835e+03 2.446767435000000000e+09
5.519000145668462210e+03 1.249533311000000000e+09
5.532023584438875332e+03 1.148989150000000000e+08
5.537456729381168770e+03 4.595572090000000000e+08
5.505167950859593475e+03 2.884180408000000000e+09
5.510669962280549043e+03 2.442955913000000000e+09
5.502778544344637339e+03 5.284897360000000000e+08
5.518251512253495093e+03 1.131238957000000000e+09
5.485520461649035497e+03 3.808082740000000000e+09
5.513432263875942226e+03 2.747967690000000000e+08
5.507572482767785004e+03 2.385422135000000000e+09
5.498661009202115565e+03 2.775901755000000000e+09
5.489951722775036615e+03 3.110149396000000000e+09
5.513394354720024239e+03 1.537000371000000000e+09
5.519269487024795126e+03 2.355869771000000000e+09
5.520558982820139136e+03 3.726185797000000000e+09
5.530007976324133779e+03 3.919506145000000000e+09
5.517841254573731021e+03 1.068678152000000000e+09
5.517443159339065460e+03 2.386638216000000000e+09
5.495557385019041249e+03 5.132206440000000000e+08
5.504353849745540174e+03 2.272793928000000000e+09
5.508144861444754497e+03 1.876146652000000000e+09
5.522289574705882842e+03 1.130743881000000000e+09
5.522301524897147829e+03 6.947613690000000000e+08
5.496285739115992328e+03 2.582807242000000000e+09
5.530996536714621470e+03 3.399869615000000000e+09
5.513103413160890341e+03 1.272068840000000000e+08
5.488456915556089371e+03 1.583340031000000000e+09
5.501600404450374299e+03 3.964455604000000000e+09
5.536019516809739798e+03 3.043608556000000000e+09
5.530948086591386527e+03 3.106644784000000000e+09
5.498378123452679574e+03 3.647699861000000000e+09
5.526094354700536314e+03 2.036618000000000000e+08
5.503532004343020162e+03 5.150389900000000000e+08
5.501674520720923283e+03 2.279794017000000000e+09
5.513317892011623371e+03 4.676847100000000000e+08
5.519441883009887533e+03 5.198808830000000000e+08
5.495050861536990851e+03 5.027504750000000000e+08
5.479758484729326483e+03 9.133369900000000000e+07
5.524897873322356645e+03 2.182213049000000000e+09
5.494001489774317633e+03 1.889481620000000000e+09
5.506326771176171860e+03 2.656314825000000000e+09
5.511805974577553570e+03 2.731905321000000000e+09
5.521479836929532212e+03 3.277135614000000000e+09
5.531356179778715159e+03 4.548075370000000000e+08
5.521071836018980321e+03 1.349097083000000000e+09
5.518740131084544373e+03 2.962613035000000000e+09
5.488046400808945691e+03 2.990752348000000000e+09
5.502443975132351625e+03 2.566802314000000000e+09
5.511077013009216898e+03 2.135563971000000000e+09
5.530265033700984532e+03 3.856884740000000000e+08
5.501008582173717514e+03 3.875432024000000000e+09
5.512631449870747929e+03 3.544001689000000000e+09
5.506456891561825614e+03 1.352363800000000000e+07
5.533801830232521752e+03 3.580415029000000000e+09
5.534305744448545738e+03 3.965267726000000000e+09
5.510120202659441020e+03 6.357845240000000000e+08
5.515377860214872271e+03 3.237336984000000000e+09
5.494502870695974707e+03 1.899541292000000000e+09
5.510160974295049527e+03 7.334276700000000000e+08
5.531743253581298632e+03 9.448295300000000000e+08
5.508003540152432834e+03 3.554153392000000000e+09
5.518260936272880826e+03 3.600074551000000000e+09
5.539930820528820732e+03 3.764484570000000000e+09
5.520593563493380316e+03 6.528283930000000000e+08
5.515899361412713915e+03 5.464822400000000000e+07
5.536990058183046131e+03 1.651012134000000000e+09
5.516617060923729696e+03 2.103116161000000000e+09
5.528230476812103007e+03 1.349896395000000000e+09
5.488190960420864030e+03 2.907829201000000000e+09
5.503691270144578993e+03 1.890900120000000000e+09
5.511995211104793270e+03 2.336205368000000000e+09
5.510047846017283518e+03 9.242928760000000000e+08
5.501035460384871840e+03 3.906120927000000000e+09
5.515203761350226159e+03 3.627337400000000000e+08
5.515124837598959857e+03 2.609103840000000000e+08
5.519741328087889997e+03 3.776967779000000000e+09
5.516876714813269245e+03 1.306821340000000000e+08
5.500093871765936456e+03 1.980888454000000000e+09
5.526935750051314244e+03 4.238293476000000000e+09
5.509653436517713089e+03 3.050695560000000000e+08
5.489562791600644232e+03 1.021462250000000000e+09
5.498966129160188757e+03 7.063731350000000000e+08
5.508083875560751039e+03 8.148751000000000000e+08
5.506174390749491977e+03 1.291935791000000000e+09
5.514088478563732679e+03 1.392637707000000000e+09
5.527771096788485011e+03 2.827518961000000000e+09
5.516227012089677373e+03 3.213545261000000000e+09
5.515783818959554992e+03 1.492113503000000000e+09
5.513958178844975009e+03 3.986040867000000000e+09
5.491997995214652292e+03 4.002031699000000000e+09
5.518616672033808754e+03 3.023988544000000000e+09
5.509276536525002484e+03 6.175640450000000000e+08
5.497445576192852968e+03 4.066729579000000000e+09
5.529136473911333269e+03 4.118288421000000000e+09
5.517903096528967581e+03 3.172211093000000000e+09
5.492538852405225953e+03 8.039619530000000000e+08
5.518756844138350061e+03 5.099253650000000000e+08
5.521559391367168246e+03 9.847706190000000000e+08
5.493089481882399923e+03 6.318244220000000000e+08
5.520900238717404136e+03 1.099746189000000000e+09
5.524888973273752526e+03 2.201673895000000000e+09
5.505162447892735145e+03 1.512529906000000000e+09
5.473010417555916320e+03 3.762142678000000000e+09
5.513290727021000748e+03 1.672545922000000000e+09
5.535807631212886918e+03 3.774518281000000000e+09
5.527532477095744980e+03 2.057953777000000000e+09
5.485576923149983486e+03 1.994668880000000000e+09
5.515086423428243506e+03 2.460031118000000000e+09
5.507818661296268147e+03 4.163633996000000000e+09
5.497083919279907605e+03 1.056203794000000000e+09
5.502229943938863471e+03 1.615524030000000000e+09
5.542527170496066901e+03 9.471118810000000000e+08
5.503749067230721266e+03 9.483152420000000000e+08
5.523110260291050508e+03 7.172386260000000000e+08
5.501211340945668780e+03 3.364851768000000000e+09
5.494206012055514293e+03 3.646179892000000000e+09
5.518370875179693030e+03 1.360721162000000000e+09
5.536017053445200872e+03 8.209242100000000000e+07
5.514767310999430265e+03 3.978938043000000000e+09
5.509650551943717801e+03 1.155664662000000000e+09
5.517871196722242530e+03 1.907675230000000000e+09
5.539203686927092349e+03 3.904884754000000000e+09
5.488789761285898749e+03 2.680856159000000000e+09
5.508295056257989927e+03 1.151372088000000000e+09
5.523191666040405835e+03 3.265606509000000000e+09
5.514773954071371918e+03 1.686135564000000000e+09
5.519013095218811941e+03 1.825117061000000000e+09
5.506869366548700782e+03 1.496552634000000000e+09
5.506342185855346543e+03 3.221959957000000000e+09
5.506406543026064355e+03 2.166025383000000000e+09
5.516023164186800386e+03 1.883951050000000000e+08
5.535017817799703153e+03 2.209815205000000000e+09
5.531230873038062782e+03 4.010921174000000000e+09
5.507490687688023172e+03 3.272686306000000000e+09
5.510705501786140303e+03 7.364612370000000000e+08
5.531356979247364507e+03 3.314995917000000000e+09
5.501111525746140615e+03 2.270932305000000000e+09
5.495093798325906391e+03 2.582261780000000000e+08
5.498024698049091057e+03 2.476873479000000000e+09
5.531445936765241640e+03 4.179851039000000000e+09
5.524831643256595271e+03 1.974856452000000000e+09
5.527654511731367165e+03 6.330290190000000000e+08
5.520520621568540264e+03 1.303029443000000000e+09
5.491169734510986927e+03 1.019471476000000000e+09
5.521743930941528561e+03 2.358707768000000000e+09
5.534913876326060745e+03 2.544892608000000000e+09
5.504304327278164237e+03 3.088736315000000000e+09
5.511202566360727360e+03 1.027805212000000000e+09
5.505829982906140685e+03 3.431914600000000000e+09
5.527027001959027075e+03 4.194952500000000000e+08
5.516785380030367378e+03 5.900425880000000000e+08
5.494169550665170391e+03 3.609558088000000000e+09
5.511868861626780017e+03 3.519747246000000000e+09
5.504393523097023717e+03 1.068994492000000000e+09
5.506832385302450348e+03 1.914977021000000000e+09
5.500156953113890268e+03 3.785047686000000000e+09
5.510317502683021303e+03 2.263491244000000000e+09
5.524406393001222568e+03 2.251450143000000000e+09
5.529590644470026746e+03 1.732370466000000000e+09
5.504961136823039851e+03 2.347992646000000000e+09
5.498880768747471848e+03 1.736663487000000000e+09
5.523383857759413331e+03 1.153011014000000000e+09
5.507985100820031221e+03 1.142136639000000000e+09
5.497978211311793530e+03 1.548377350000000000e+09
5.522554702970875042e+03 2.137384194000000000e+09
5.541731120654097140e+03 3.485296741000000000e+09
5.535201360511377061e+03 1.370071966000000000e+09
5.515055418100770112e+03 3.143012070000000000e+08
5.539282076034761303e+03 3.097331614000000000e+09
5.509513280612329254e+03 2.831327216000000000e+09
5.518310227315839256e+03 1.949574989000000000e+09
5.514093047071342880e+03 2.965689107000000000e+09
5.501019970052462668e+03 3.567370428000000000e+09
5.537680752804557414e+03 4.123466400000000000e+08
5.519009960906669221e+03 8.825461000000000000e+06
5.500887230891949002e+03 2.812722469000000000e+09
5.521580579955602843e+03 1.791062162000000000e+09
5.514822042131831040e+03 1.337082386000000000e+09
5.495518640721702468e+03 3.057847454000000000e+09
5.491175086144965462e+03 1.425916066000000000e+09
5.530314007987230980e+03 2.945371300000000000e+09
5.534893754599878775e+03 1.360001312000000000e+09
5.528342071718237094e+03 2.028331204000000000e+09
5.527034995836461349e+03 2.256999768000000000e+09
5.508345842189329232e+03 3.504815954000000000e+09
5.497821126724336864e+03 3.181719393000000000e+09
5.528641437678289549e+03 3.747108686000000000e+09
5.494766525245951925e+03 3.455130824000000000e+09
5.508780504121417835e+03 2.581135462000000000e+09
5.489317001195100602e+03 1.398053646000000000e+09
5.516065588268833380e+03 4.537886570000000000e+08
5.548594550472589617e+03 5.384439280000000000e+08
5.519651236530777169e+03 2.054414652000000000e+09
5.498065250941180238e+03 3.279377839000000000e+09
5.509831717419955567e+03 4.084660688000000000e+09
5.502762586734037541e+03 1.378833366000000000e+09
5.501221968894579732e+03 2.242280730000000000e+08
5.507148174348503744e+03 1.192509299000000000e+09
5.509490977603697502e+03 3.134949330000000000e+08
5.531450432121451740e+03 1.044437447000000000e+09
5.502230736791498202e+03 3.607753379000000000e+09
5.519769478662740767e+03 3.595980128000000000e+09
5.496296811168998829e+03 1.109363452000000000e+09
5.503382141776870412e+03 1.616578288000000000e+09
5.518866931956992630e+03 3.110706441000000000e+09
5.519341996788401957e+03 6.851613570000000000e+08
5.529361333372165973e+03 6.480134370000000000e+08
5.514760400629445940e+03 4.727549610000000000e+08
5.508770387745861626e+03 1.438717537000000000e+09
5.502053182484680292e+03 1.498635554000000000e+09
5.488042392211403239e+03 7.751605660000000000e+08
5.522906414598486663e+03 3.219461063000000000e+09
5.520882808947731974e+03 2.935878461000000000e+09
5.486000377720006327e+03 8.719338000000000000e+08
5.535902484788693073e+03 4.225331702000000000e+09
5.503347279047769007e+03 3.422918228000000000e+09
5.517690076317991043e+03 2.571430825000000000e+09
5.540934774416842629e+03 1.243933080000000000e+09
5.519138276066159960e+03 1.964268721000000000e+09
5.515295235709205372e+03 5.755588980000000000e+08
5.527212300870021863e+03 1.246413962000000000e+09
5.524853465976014377e+03 1.195254796000000000e+09
5.525880528278754355e+03 8.143918690000000000e+08
5.525527239069779171e+03 5.414884260000000000e+08
5.519832288426068772e+03 3.996445038000000000e+09
5.487315722486012419e+03 3.883425941000000000e+09
5.508954623399960838e+03 2.685390581000000000e+09
5.516834473887583044e+03 2.544736913000000000e+09
5.514440381893409722e+03 8.747739140000000000e+08
5.518728831994892971e+03 2.937892878000000000e+09
5.516186266756999430e+03 1.385118715000000000e+09
5.504280647202496766e+03 2.196725685000000000e+09
5.509089416375327346e+03 4.932367560000000000e+08
5.511050908873777189e+03 4.314499170000000000e+08
5.507997079646396742e+03 3.441416168000000000e+09
5.513499498420142118e+03 3.872478748000000000e+09
5.487345137153004544e+03 4.119155121000000000e+09
5.508949483916640929e+03 4.548245280000000000e+08
5.507065190003620046e+03 1.843210343000000000e+09
5.515291937653507375e+03 3.207374431000000000e+09
5.519519440958465566e+03 2.005210317000000000e+09
5.509450379723646620e+03 3.260291389000000000e+09
5.557174157602152263e+03 2.715231268000000000e+09
5.530637317042997893e+03 1.240200370000000000e+08
5.501967218124864303e+03 1.753849776000000000e+09
5.513654626450484102e+03 3.165818964000000000e+09
5.511154238182661175e+03 2.714807992000000000e+09
