# Lens_likelihood 	 seed
6.637825127523362426e+03 3.381764059000000000e+09
6.626323575415730375e+03 2.903787095000000000e+09
6.617595384343474507e+03 4.081597461000000000e+09
6.624461938971088784e+03 8.698062080000000000e+08
6.608541268610138104e+03 7.600722380000000000e+08
6.623979093177167670e+03 3.008782547000000000e+09
6.652125079419040048e+03 7.478117030000000000e+08
6.639464325639386516e+03 3.274117964000000000e+09
6.653940075955477369e+03 1.075701156000000000e+09
6.634893242468025164e+03 3.985463273000000000e+09
6.635442114524492354e+03 4.023969785000000000e+09
6.642090460167787569e+03 3.637426327000000000e+09
6.657943138513339363e+03 3.670739120000000000e+09
6.649474706723281088e+03 3.322187769000000000e+09
6.633461485448453459e+03 1.201370132000000000e+09
6.639014610032669225e+03 7.616958320000000000e+08
6.626222245927464428e+03 1.977644204000000000e+09
6.643779792701356200e+03 3.228756240000000000e+09
6.630881455746773099e+03 2.997308390000000000e+09
6.659346308819122896e+03 3.835365316000000000e+09
6.657404561022950475e+03 1.844631639000000000e+09
6.663334010109957489e+03 1.865268697000000000e+09
6.644752231511900391e+03 4.272138066000000000e+09
6.656899717988042539e+03 2.797854290000000000e+08
6.642513783701213470e+03 4.043765049000000000e+09
6.631344221624760394e+03 2.421617995000000000e+09
6.618299168549109709e+03 1.315308298000000000e+09
6.632563949446239349e+03 8.375733140000000000e+08
6.621830704147292636e+03 1.986887669000000000e+09
6.617942352702755670e+03 3.357522151000000000e+09
6.653452255624374629e+03 3.780478217000000000e+09
6.623834429941241069e+03 2.999647831000000000e+09
6.626701256311511315e+03 2.203668688000000000e+09
6.645870588295800189e+03 1.313078699000000000e+09
6.603429908127924136e+03 1.063153503000000000e+09
6.644360167085413195e+03 3.073841641000000000e+09
6.624327337272649856e+03 2.751171739000000000e+09
6.651202208001234794e+03 2.517434340000000000e+09
6.640961027296454631e+03 4.047471832000000000e+09
6.656214088617339257e+03 2.713280355000000000e+09
6.658477433674397616e+03 3.849564948000000000e+09
6.646462808832769952e+03 3.276288620000000000e+08
6.635487473699919065e+03 2.981647067000000000e+09
6.649319395180679749e+03 3.488245567000000000e+09
6.641587152068889736e+03 3.491690529000000000e+09
6.652600386479758527e+03 4.429942400000000000e+08
6.643955374982727335e+03 1.690089438000000000e+09
6.618449380614696565e+03 2.645228901000000000e+09
6.660823531785810701e+03 2.071193110000000000e+08
6.643471195648867251e+03 1.764129489000000000e+09
6.649204811234510089e+03 2.016391330000000000e+08
6.658106906820046788e+03 3.117750590000000000e+09
6.623431254040231579e+03 3.589347877000000000e+09
6.645205221035424984e+03 1.978353828000000000e+09
6.626729022713438098e+03 3.844890874000000000e+09
6.633146916553877418e+03 1.460317841000000000e+09
6.630170346311426329e+03 3.913694230000000000e+09
6.617747415635540165e+03 9.914295730000000000e+08
6.661097958231538541e+03 2.741646506000000000e+09
6.634957856263515168e+03 1.566042663000000000e+09
6.648519540421535567e+03 4.081171553000000000e+09
6.642177000029151714e+03 4.092024028000000000e+09
6.627274961531677945e+03 2.224272620000000000e+08
6.613376284248010052e+03 6.726739850000000000e+08
6.649439854129796004e+03 4.170573997000000000e+09
6.645467993254748762e+03 1.350312348000000000e+09
6.640669079352882363e+03 1.055515980000000000e+08
6.595826168122534000e+03 3.530534293000000000e+09
6.641582018817320204e+03 4.234686386000000000e+09
6.633989599855738561e+03 6.329300670000000000e+08
6.660971668133112871e+03 2.742110695000000000e+09
6.634774550723426728e+03 9.888604640000000000e+08
6.613125295870937407e+03 2.950651299000000000e+09
6.614304344414505977e+03 4.204156001000000000e+09
6.640234765788519326e+03 2.534050705000000000e+09
6.616913657300246996e+03 1.653824259000000000e+09
6.613969936270458675e+03 2.397583636000000000e+09
6.608897685355839712e+03 1.743397028000000000e+09
6.606576686944863468e+03 3.250159456000000000e+09
6.604898077262520019e+03 2.699300772000000000e+09
6.647527863809602422e+03 2.732918685000000000e+09
6.625018897903602920e+03 2.240604241000000000e+09
6.624707447990464061e+03 1.507143119000000000e+09
6.612580044759774864e+03 1.934838725000000000e+09
6.651470202156480809e+03 2.272599607000000000e+09
6.619874679374453990e+03 2.849394967000000000e+09
6.634969296191153262e+03 6.352422100000000000e+07
6.622957571709578588e+03 3.526291381000000000e+09
6.653422018948937875e+03 2.255040425000000000e+09
6.622021086107744850e+03 2.862590889000000000e+09
6.645204008980018443e+03 2.255778940000000000e+09
6.641021496290016330e+03 3.568258842000000000e+09
6.638470440656938081e+03 3.046167939000000000e+09
6.622389730740452251e+03 9.371535510000000000e+08
6.636230152237113543e+03 1.170356256000000000e+09
6.638955098806717615e+03 2.678097665000000000e+09
6.619349615493652891e+03 8.874090190000000000e+08
6.650238201921984000e+03 9.283279490000000000e+08
6.648173896662153311e+03 2.873121814000000000e+09
6.650910868015175765e+03 8.407916900000000000e+08
6.640158918662500582e+03 1.952384767000000000e+09
6.643681306694185878e+03 2.463028551000000000e+09
6.624897047229076634e+03 8.177943590000000000e+08
6.617267119862319305e+03 2.252897756000000000e+09
6.635549783951938480e+03 1.319689640000000000e+09
6.629942274795246703e+03 2.471145496000000000e+09
6.642183700757494080e+03 4.146871044000000000e+09
6.634831079567201414e+03 1.640269989000000000e+09
6.648091601269776220e+03 2.515096513000000000e+09
6.644637110175627640e+03 1.482134591000000000e+09
6.641070547703973716e+03 2.684067000000000000e+07
6.634409047647627631e+03 2.401524461000000000e+09
6.648512671558417424e+03 3.392706856000000000e+09
6.618145819718682105e+03 5.516590680000000000e+08
6.648811581448393554e+03 2.072402685000000000e+09
6.618756833412337073e+03 2.392915887000000000e+09
6.635675777853102772e+03 2.905236846000000000e+09
6.627773755762067594e+03 3.309844400000000000e+08
6.621218384124333170e+03 2.879141138000000000e+09
6.639900648736346739e+03 3.362896521000000000e+09
6.656567879921063650e+03 2.677579384000000000e+09
6.646650674485870695e+03 1.386891059000000000e+09
6.627586153614306568e+03 3.220904514000000000e+09
6.634118515469662270e+03 4.080622730000000000e+09
6.636954170785274073e+03 4.673307140000000000e+08
6.629442832907093361e+03 2.630366917000000000e+09
6.657827089413933209e+03 1.403165096000000000e+09
6.656950406702017972e+03 2.277228367000000000e+09
6.632977263747230609e+03 6.592426240000000000e+08
6.630700304700233573e+03 1.018128698000000000e+09
6.643556337091551541e+03 2.607575930000000000e+08
6.631398215147456540e+03 1.160559658000000000e+09
6.621260480174905751e+03 1.133477473000000000e+09
6.637864383470010580e+03 1.855486991000000000e+09
6.622807720836959561e+03 2.718402510000000000e+08
6.637807711029568964e+03 2.186577460000000000e+08
6.639775664873484857e+03 3.750081552000000000e+09
6.653984578911033168e+03 3.121742488000000000e+09
6.630600323790543371e+03 4.176434820000000000e+09
6.623752668286225344e+03 7.408635700000000000e+08
6.619339408097300293e+03 4.475306380000000000e+08
6.623555085391210923e+03 4.023997876000000000e+09
6.642985539616808637e+03 5.338417390000000000e+08
6.620858116561560564e+03 3.210270777000000000e+09
6.615684906700343163e+03 4.025988606000000000e+09
6.631425883792836430e+03 2.674492099000000000e+09
6.615968979743995988e+03 1.338397511000000000e+09
6.636958197686534731e+03 2.667395466000000000e+09
6.639914807939432649e+03 3.998690820000000000e+09
6.641451602833199104e+03 6.006361920000000000e+08
6.627124758311671030e+03 4.217321467000000000e+09
6.624968262731517825e+03 3.036146178000000000e+09
6.664059399687528639e+03 1.225055712000000000e+09
6.625148958220146596e+03 1.161720567000000000e+09
6.616977759356288516e+03 2.209537450000000000e+08
6.624295743905979180e+03 3.687691445000000000e+09
6.645727239485418977e+03 3.788563210000000000e+09
6.636124828581465408e+03 2.042812760000000000e+09
6.647305063101235646e+03 2.419321075000000000e+09
6.640560521524404976e+03 1.897273343000000000e+09
6.629689286842232832e+03 1.600216397000000000e+09
6.656152055385171479e+03 1.142919001000000000e+09
6.625567986434099112e+03 8.875902710000000000e+08
6.657261159723799210e+03 1.738432371000000000e+09
6.629223272766983428e+03 3.447710802000000000e+09
6.646494249640421003e+03 4.239582040000000000e+09
6.623014536173769557e+03 4.963708780000000000e+08
6.643446035348490113e+03 3.320394286000000000e+09
6.625563554754328834e+03 3.499848314000000000e+09
6.654267846271175586e+03 3.758860343000000000e+09
6.627882698749962401e+03 3.040938984000000000e+09
6.635039276553468881e+03 2.599391297000000000e+09
6.647234939608465538e+03 1.071667539000000000e+09
6.657184126943361662e+03 2.675649340000000000e+09
6.657817782308261485e+03 3.237690117000000000e+09
6.660038789408173216e+03 3.608806370000000000e+08
6.643682943900395912e+03 2.650256900000000000e+09
6.656195785483020700e+03 3.641506655000000000e+09
6.634774684350369171e+03 1.994999151000000000e+09
6.636886292400327875e+03 3.923097264000000000e+09
6.640944923284344441e+03 3.634198627000000000e+09
6.636176975565475004e+03 1.629199000000000000e+08
6.647205025294837469e+03 3.107957180000000000e+08
6.647456611460940621e+03 3.177903241000000000e+09
6.628372638915270727e+03 3.458862016000000000e+09
6.639682893384991075e+03 1.546681410000000000e+08
6.633558673109743722e+03 4.140494099000000000e+09
6.637000794718706857e+03 5.132413540000000000e+08
6.634133655281293613e+03 2.109132740000000000e+08
6.643732853787577369e+03 3.774110877000000000e+09
6.629968933474632649e+03 2.336544387000000000e+09
6.635610654369726035e+03 2.086418202000000000e+09
6.653725466951418639e+03 1.340540722000000000e+09
6.631488225187860735e+03 2.573699515000000000e+09
6.629129461842177079e+03 1.888775630000000000e+09
6.625823477174290019e+03 2.754478802000000000e+09
6.633180026965051184e+03 3.880579760000000000e+08
6.639164247612130566e+03 3.376608149000000000e+09
6.638458087501065165e+03 4.120495097000000000e+09
6.649745775572757339e+03 1.998182719000000000e+09
6.641543310242758707e+03 2.424436532000000000e+09
6.639362745635839019e+03 2.324225513000000000e+09
6.657848920532839657e+03 3.616704177000000000e+09
6.650752009324562096e+03 4.232270355000000000e+09
6.642045130951229112e+03 4.306984610000000000e+08
6.608280241997504163e+03 1.599742206000000000e+09
6.621671810894624286e+03 1.071841956000000000e+09
6.642400287034566645e+03 4.093122186000000000e+09
6.609831507165709809e+03 1.649965736000000000e+09
6.614473077406011726e+03 3.442639747000000000e+09
6.622049629006845862e+03 1.698391144000000000e+09
6.658653825970961407e+03 1.001168542000000000e+09
6.628310095873051978e+03 3.966035396000000000e+09
6.652732899112270388e+03 4.155568349000000000e+09
6.632357152313584265e+03 1.208969354000000000e+09
6.661477579612752379e+03 3.620037235000000000e+09
6.637354161549377750e+03 1.015089575000000000e+09
6.596930651804832451e+03 9.478637930000000000e+08
6.654997668571462782e+03 2.961245277000000000e+09
6.613916473264361230e+03 1.785447144000000000e+09
6.641915464263400281e+03 4.133983605000000000e+09
6.623189585368434564e+03 1.451843413000000000e+09
6.630621643814170966e+03 6.297730360000000000e+08
6.627125466130861241e+03 2.873153607000000000e+09
6.646266919491812587e+03 3.553254393000000000e+09
6.659977968007260642e+03 3.531176028000000000e+09
6.613574009480399582e+03 1.102902253000000000e+09
6.629844218841370093e+03 5.135445940000000000e+08
6.620695248064723273e+03 3.734807330000000000e+09
6.647894306465997033e+03 1.449672336000000000e+09
6.620787667873051760e+03 2.881603868000000000e+09
6.652764089945015257e+03 9.459413820000000000e+08
6.664830040204631587e+03 6.593465230000000000e+08
6.620454762075177314e+03 3.262077443000000000e+09
6.648681926634668343e+03 2.550714128000000000e+09
6.644022195963711056e+03 1.589670304000000000e+09
6.656305799998883231e+03 1.612528916000000000e+09
6.622207462718420174e+03 4.135787839000000000e+09
6.624808754939735991e+03 2.388531935000000000e+09
6.655398916595987430e+03 2.669784576000000000e+09
6.632827990935953494e+03 2.124229926000000000e+09
6.640150071388184188e+03 2.045582630000000000e+08
6.642971782424747289e+03 9.285703480000000000e+08
6.653739918273043259e+03 3.888597328000000000e+09
6.612426296952500707e+03 3.484719843000000000e+09
6.635461371825436800e+03 3.028257978000000000e+09
6.620268859561570935e+03 2.759622628000000000e+09
6.639049739852746825e+03 1.381777683000000000e+09
6.629489635057706437e+03 2.420246803000000000e+09
6.620215667719978228e+03 1.946182727000000000e+09
6.648731712845503353e+03 4.058205005000000000e+09
6.638168835793133439e+03 3.959820951000000000e+09
6.650755787224875348e+03 1.651931265000000000e+09
6.659732505828672402e+03 1.961739205000000000e+09
6.655766285447287373e+03 1.875644180000000000e+09
6.626803166671912550e+03 2.846133263000000000e+09
6.658385650332900696e+03 1.518105725000000000e+09
6.621081291163033711e+03 3.159552233000000000e+09
6.628374065504195642e+03 1.266549799000000000e+09
6.623487211365927578e+03 1.143682672000000000e+09
6.640652265455895758e+03 1.939597570000000000e+08
6.655655747203252758e+03 2.862304982000000000e+09
6.657490694059744783e+03 1.464652401000000000e+09
6.625452894594016470e+03 2.089356696000000000e+09
6.610040054858065560e+03 3.269861712000000000e+09
6.622132095286206095e+03 2.772114412000000000e+09
6.648085398918791725e+03 1.973102146000000000e+09
6.618156230977453561e+03 2.336889512000000000e+09
6.649213266555070732e+03 2.511775403000000000e+09
6.620428351891083366e+03 4.162930914000000000e+09
6.649267715735503771e+03 1.027322346000000000e+09
6.644163317371385347e+03 1.863217696000000000e+09
6.641380249992645076e+03 1.941235739000000000e+09
6.647284393931859995e+03 3.365536990000000000e+08
6.649225114933399709e+03 3.534361218000000000e+09
6.644076040456983719e+03 3.784923832000000000e+09
6.653744561941965003e+03 1.705089893000000000e+09
6.644152800654539533e+03 3.327903043000000000e+09
6.627733464263366841e+03 2.159238966000000000e+09
6.644138840201087078e+03 3.536791456000000000e+09
6.638916922328782675e+03 2.758157553000000000e+09
6.616797228277553586e+03 4.058974298000000000e+09
6.619125593022379690e+03 3.944444040000000000e+08
6.631318963595942478e+03 1.188178160000000000e+08
6.631912644670283044e+03 3.639064332000000000e+09
6.639862177066846925e+03 1.044647786000000000e+09
6.635781561855108521e+03 3.549956552000000000e+09
6.648840927629440557e+03 4.141393937000000000e+09
6.617913572768097765e+03 1.532157708000000000e+09
6.639047100965774007e+03 3.691461294000000000e+09
6.645646280818813466e+03 1.790543142000000000e+09
6.614107137983385655e+03 1.373686826000000000e+09
6.652497681122280483e+03 1.080111059000000000e+09
6.642581838434084602e+03 3.335870533000000000e+09
6.635002855132985133e+03 1.551958170000000000e+09
6.656141134549919116e+03 2.121291485000000000e+09
6.611566045294521246e+03 3.735438805000000000e+09
6.633950998992666428e+03 7.297066460000000000e+08
6.604134869757668639e+03 4.168255887000000000e+09
6.639122421187870714e+03 1.504973790000000000e+08
6.645799017834998267e+03 1.373278872000000000e+09
6.665195020228528847e+03 5.484510300000000000e+07
6.625810797129644016e+03 1.299271983000000000e+09
6.622396721487655668e+03 1.767577825000000000e+09
6.642472414689323159e+03 1.787948525000000000e+09
6.640793791259991849e+03 1.157991670000000000e+08
6.643299999630276943e+03 1.611283950000000000e+08
6.632699113456050327e+03 9.347964050000000000e+08
6.639986269938627629e+03 4.028292285000000000e+09
6.609645722155531985e+03 1.697553363000000000e+09
6.616871528167213910e+03 1.841707151000000000e+09
6.632968929833705261e+03 1.750171447000000000e+09
6.651728511991457708e+03 1.346761040000000000e+08
6.633014406501968551e+03 1.350604851000000000e+09
6.648197080685502442e+03 1.516267050000000000e+08
6.639393246728108352e+03 4.263917717000000000e+09
6.627946858842153233e+03 3.191364716000000000e+09
6.638089142646048458e+03 3.329724346000000000e+09
6.637758628454614154e+03 3.774095011000000000e+09
6.640599986037320377e+03 2.948897616000000000e+09
6.652949319898016256e+03 3.047383843000000000e+09
6.620967890008177164e+03 4.064349630000000000e+08
6.626538231182465097e+03 4.252227585000000000e+09
6.625560485498501293e+03 4.197357680000000000e+09
6.607361368005517761e+03 1.852753481000000000e+09
6.650408006681775987e+03 2.512769712000000000e+09
6.621722246637859826e+03 9.626732660000000000e+08
6.640873558220975610e+03 8.650374690000000000e+08
6.640962598505083406e+03 1.444625408000000000e+09
6.628559245989171359e+03 1.677428949000000000e+09
6.633455301176563808e+03 3.096900910000000000e+08
6.631617993233610832e+03 3.598481988000000000e+09
6.645365523283173388e+03 1.776143651000000000e+09
6.623526229835148115e+03 2.002797938000000000e+09
6.654862663774130851e+03 5.762512670000000000e+08
6.627991378119373621e+03 3.748744660000000000e+09
6.662202694435545709e+03 2.191480732000000000e+09
6.647484950809779548e+03 8.234633820000000000e+08
6.627631387813288711e+03 1.761927180000000000e+09
6.651566093190423999e+03 3.369665553000000000e+09
6.644779021509646554e+03 1.741661903000000000e+09
6.624805151390441097e+03 1.579476231000000000e+09
6.653240948795917575e+03 2.559066741000000000e+09
6.656980450709084835e+03 2.277604220000000000e+09
6.639385396330307231e+03 2.702307600000000000e+08
6.637113462094044735e+03 4.502421630000000000e+08
6.625733942368080534e+03 1.188140100000000000e+09
6.621154687940157601e+03 3.511524913000000000e+09
6.631223254257033659e+03 4.284146610000000000e+09
6.635748207882430506e+03 7.900176880000000000e+08
