# Lens_likelihood 	 seed
6.557534585379725286e+03 2.287451873000000000e+09
6.651735998550213480e+03 3.885484419000000000e+09
6.564569903620701552e+03 1.786261528000000000e+09
6.589780205903603928e+03 3.929122703000000000e+09
6.565197133501235840e+03 1.084753783000000000e+09
6.543948454084304103e+03 2.550362720000000000e+09
6.528774076857358523e+03 2.794320713000000000e+09
6.571089657174947206e+03 3.726364881000000000e+09
6.575282969632438835e+03 4.147389721000000000e+09
6.557461308345779798e+03 2.653249973000000000e+09
6.546587780144382123e+03 2.276105900000000000e+08
6.579419739547620338e+03 1.363444168000000000e+09
6.621449236285873667e+03 1.365409808000000000e+09
6.597784603889579557e+03 3.435766550000000000e+08
6.602866714612184296e+03 1.529814942000000000e+09
6.633096273059430132e+03 1.332512980000000000e+09
6.591931314126949474e+03 3.820321831000000000e+09
6.543914806068294638e+03 6.335677450000000000e+08
6.589471655998751885e+03 9.861983410000000000e+08
6.575087120572076856e+03 2.212022566000000000e+09
6.619959645233171614e+03 1.592247244000000000e+09
6.565580985217084162e+03 2.698823703000000000e+09
6.568856922598473830e+03 2.813959848000000000e+09
6.555129705492115136e+03 3.158833106000000000e+09
6.572203319523540813e+03 3.507323306000000000e+09
6.562209447237541099e+03 3.560333405000000000e+09
6.527167137267039834e+03 2.026456569000000000e+09
6.531977793077714523e+03 4.269213899000000000e+09
6.526567428072592520e+03 1.775240302000000000e+09
6.563029327973593354e+03 3.102773831000000000e+09
6.607664082416463316e+03 9.897629440000000000e+08
6.535062032326600274e+03 1.799961370000000000e+09
6.580755544031622776e+03 3.347015810000000000e+09
6.592633162496487785e+03 3.519966347000000000e+09
6.585138185555732889e+03 2.461286966000000000e+09
6.576684812428989972e+03 4.004172334000000000e+09
6.555307187859230908e+03 5.656475510000000000e+08
6.579641978037255285e+03 8.523484000000000000e+06
6.618237157194585961e+03 2.733764780000000000e+09
6.554976781731789742e+03 4.141205780000000000e+09
6.623676644137478434e+03 2.341360911000000000e+09
6.619018378930750259e+03 4.144969086000000000e+09
6.581982669372157034e+03 2.230842048000000000e+09
6.582810877904464178e+03 2.791282899000000000e+09
6.582865932218008311e+03 2.890942029000000000e+09
6.521399573636725108e+03 1.209657894000000000e+09
6.577220218047332310e+03 2.793666562000000000e+09
6.579816902928791023e+03 2.410636404000000000e+09
6.559365300687527451e+03 2.255605230000000000e+08
6.625095946288176492e+03 3.482900635000000000e+09
6.492333417655128869e+03 1.605250471000000000e+09
6.546264846321037112e+03 3.460083740000000000e+09
6.553949198703173352e+03 4.238847400000000000e+09
6.562044391075983185e+03 1.959037454000000000e+09
6.641217932037633545e+03 1.662792017000000000e+09
6.597581737348911702e+03 8.028163220000000000e+08
6.542263899715807383e+03 1.892396508000000000e+09
6.640131502486531645e+03 1.663024304000000000e+09
6.552987941681371012e+03 4.173554940000000000e+08
6.583255497921875758e+03 1.057758375000000000e+09
6.517225731461736359e+03 1.154985155000000000e+09
6.566002648584062626e+03 3.163929086000000000e+09
6.518463841376111304e+03 2.015731694000000000e+09
6.568360971001747203e+03 2.424101787000000000e+09
6.575454119503472612e+03 7.031430370000000000e+08
6.548370801177763497e+03 3.317685021000000000e+09
6.573748570324394677e+03 8.332505510000000000e+08
6.584804581229911491e+03 1.023316547000000000e+09
6.574953663015485290e+03 3.890799417000000000e+09
6.625028680645253189e+03 3.579924235000000000e+09
6.580447692174564509e+03 3.599501092000000000e+09
6.515342899718663830e+03 2.216122024000000000e+09
6.556355376425864961e+03 3.222329860000000000e+09
6.568974228172472976e+03 1.671434447000000000e+09
6.580173546363708738e+03 2.780614437000000000e+09
6.552271225312440947e+03 7.737713200000000000e+08
6.576881393151976226e+03 3.916879041000000000e+09
6.582012169413026641e+03 1.215842258000000000e+09
6.550325265820018103e+03 1.944816601000000000e+09
6.601975535798578676e+03 7.433687730000000000e+08
6.586498739929929798e+03 4.898850360000000000e+08
6.558348125824742056e+03 2.860012216000000000e+09
6.595768450642510288e+03 1.940547070000000000e+09
6.595214633113579112e+03 1.738247477000000000e+09
6.549553312096870286e+03 5.704247900000000000e+07
6.610577688997998848e+03 1.194086444000000000e+09
6.582907001648953155e+03 3.333142655000000000e+09
6.609433336964390037e+03 1.501706000000000000e+07
6.597927929493648662e+03 2.948023752000000000e+09
6.606920491351651435e+03 2.185472483000000000e+09
6.479801441936518131e+03 1.794456733000000000e+09
6.577896022728540629e+03 1.645477594000000000e+09
6.583393105604763150e+03 4.023541310000000000e+09
6.510603379545865209e+03 8.138739090000000000e+08
6.589254848198694162e+03 7.802212560000000000e+08
6.551204576938077480e+03 1.380681577000000000e+09
6.589215586945776522e+03 1.927987078000000000e+09
6.602116532096508308e+03 1.126570100000000000e+07
6.611733843988332410e+03 1.164038946000000000e+09
6.570567355410388700e+03 2.328492495000000000e+09
6.591744632605942570e+03 7.640044430000000000e+08
6.580276354844349953e+03 2.461950606000000000e+09
6.591785384251056712e+03 1.046480541000000000e+09
6.517240520076104076e+03 1.326503742000000000e+09
6.577221122841607212e+03 3.014441561000000000e+09
6.655566934566250893e+03 1.387760314000000000e+09
6.602983859932704036e+03 1.339687055000000000e+09
6.605531086566110389e+03 2.945244030000000000e+09
6.563485089639767466e+03 2.495120825000000000e+09
6.592692546852123087e+03 1.164429733000000000e+09
6.542215094391614912e+03 2.340048944000000000e+09
6.577556916666539109e+03 6.796516800000000000e+08
6.641982461838164454e+03 1.301764842000000000e+09
6.584311244368785992e+03 7.211290760000000000e+08
6.560405781144615503e+03 3.074553090000000000e+09
6.535417621062037142e+03 4.652476470000000000e+08
6.531672271975920921e+03 1.786862859000000000e+09
6.584878538886910974e+03 1.333864155000000000e+09
6.583257396750954285e+03 2.853848666000000000e+09
6.601334107858114294e+03 1.533203940000000000e+08
6.601597486048947758e+03 2.623216365000000000e+09
6.574411222837245987e+03 2.400844417000000000e+09
6.555820024667233156e+03 3.024622566000000000e+09
6.602055444849134801e+03 3.776134272000000000e+09
6.565625840369773869e+03 2.689871695000000000e+09
6.448675144111152804e+03 8.639834460000000000e+08
6.474687268492101794e+03 2.524513225000000000e+09
6.551401708456195593e+03 1.080104489000000000e+09
6.579696897091232131e+03 3.612980970000000000e+08
6.606587871632214956e+03 4.057760266000000000e+09
6.501161536755862471e+03 3.837548658000000000e+09
6.594965963345588534e+03 1.937923896000000000e+09
6.623679118859715345e+03 2.459007211000000000e+09
6.534496706548276052e+03 1.690604460000000000e+08
6.599027436554443739e+03 2.734152468000000000e+09
6.591428666596237235e+03 2.302641885000000000e+09
6.541714203122297477e+03 8.409078200000000000e+08
6.580414859394390078e+03 3.833197376000000000e+09
6.642853185691072213e+03 1.071274122000000000e+09
6.557570822630466864e+03 1.767862500000000000e+08
6.596660799503679300e+03 4.821727500000000000e+07
6.549389024947589860e+03 2.590127596000000000e+09
6.602952168842657557e+03 1.854055990000000000e+09
6.604807133370799420e+03 2.227946941000000000e+09
6.573241855118399144e+03 2.588341555000000000e+09
6.536200944503609207e+03 3.510051950000000000e+09
6.497558566881751176e+03 7.199881490000000000e+08
6.575275410023269615e+03 2.153571789000000000e+09
6.599528088878670133e+03 9.736185180000000000e+08
6.619341125986899897e+03 3.703697521000000000e+09
6.476915248095428979e+03 1.595617150000000000e+08
6.654255693571194570e+03 3.162788238000000000e+09
6.581898963668987562e+03 2.792397116000000000e+09
6.505823262093299491e+03 3.308460345000000000e+09
6.549535950646960373e+03 1.128706882000000000e+09
6.567213357294818707e+03 3.971140303000000000e+09
6.613075641925017408e+03 2.965913051000000000e+09
6.582289410244569808e+03 2.901087765000000000e+09
6.603737472786909166e+03 2.312846975000000000e+09
6.533161718134453622e+03 3.621235025000000000e+09
6.562334223910068431e+03 6.496099750000000000e+08
6.639340102462415416e+03 2.455351380000000000e+08
6.468260315308325517e+03 3.787568493000000000e+09
6.599843437300492042e+03 2.724477886000000000e+09
6.619510046242424323e+03 3.961990799000000000e+09
6.581614881482543751e+03 1.112909385000000000e+09
6.594703295705606251e+03 2.192536484000000000e+09
6.603142253765157875e+03 3.036633066000000000e+09
6.564694724915096231e+03 3.997473338000000000e+09
6.592823259142076495e+03 3.564549569000000000e+09
6.570183058665214048e+03 7.936584020000000000e+08
6.581705261290686394e+03 2.786494169000000000e+09
6.574812137985929439e+03 1.818819514000000000e+09
6.605219387102962173e+03 9.815180120000000000e+08
6.555743427473945303e+03 3.850321829000000000e+09
6.535700344245409724e+03 1.759961059000000000e+09
6.593377774499113002e+03 3.092306353000000000e+09
6.594084810528691378e+03 3.660816162000000000e+09
6.610667804312945009e+03 2.941258600000000000e+09
6.582211622233375238e+03 3.783577585000000000e+09
6.646753643116677267e+03 4.166716178000000000e+09
6.605166238992875151e+03 2.446286273000000000e+09
6.561416580421021536e+03 3.885335665000000000e+09
6.575636712346426975e+03 2.410740856000000000e+09
6.557081338668544049e+03 5.405153960000000000e+08
6.476587564035147807e+03 8.523236100000000000e+07
6.610798424750244521e+03 2.875960650000000000e+09
6.593238406034926811e+03 4.153882952000000000e+09
6.595625445552290330e+03 7.705692000000000000e+06
6.529554520824567589e+03 3.219749200000000000e+07
6.628843519315919366e+03 3.089155887000000000e+09
6.623483354103043894e+03 6.855412470000000000e+08
6.539791009590409885e+03 4.712945530000000000e+08
6.503462454689086371e+03 8.223122570000000000e+08
6.539833578029338241e+03 1.649049240000000000e+09
6.541107470396679673e+03 3.907917781000000000e+09
6.583313135087897535e+03 3.040736664000000000e+09
6.609417448813847841e+03 3.019190883000000000e+09
6.562117057672253395e+03 8.218439900000000000e+07
6.604886258423181062e+03 3.388194565000000000e+09
6.606060225254047509e+03 3.600197571000000000e+09
6.575779634664015248e+03 1.376886520000000000e+09
6.585765243800512508e+03 5.651026020000000000e+08
6.561871360956170975e+03 2.202286647000000000e+09
6.381541664808693895e+03 3.999102208000000000e+09
6.523674070390296038e+03 1.220551403000000000e+09
6.579745770093192732e+03 3.845722656000000000e+09
6.595824535507232213e+03 3.571784662000000000e+09
6.537531545317301607e+03 3.072159559000000000e+09
6.593039882334374852e+03 6.124580320000000000e+08
6.610261640441176496e+03 3.703630274000000000e+09
6.578701508501207172e+03 7.646197200000000000e+07
6.609075629777525137e+03 1.345966531000000000e+09
6.581140522701593909e+03 3.030018336000000000e+09
6.542198859024626472e+03 2.236275491000000000e+09
6.626554843617396727e+03 3.620155418000000000e+09
6.599592484271017383e+03 3.184169956000000000e+09
6.513450963706843140e+03 1.291690850000000000e+09
6.593255370347679673e+03 2.464667001000000000e+09
6.600289629712366150e+03 3.682321177000000000e+09
6.569172917121092723e+03 7.165624740000000000e+08
6.624602085092523339e+03 1.780424526000000000e+09
6.575699255056641960e+03 3.522106570000000000e+08
6.560982812931343688e+03 4.138985103000000000e+09
6.628504852408983425e+03 3.983298709000000000e+09
6.574212224812044951e+03 4.659688600000000000e+08
6.568478749817732023e+03 1.509882236000000000e+09
6.479090320459495160e+03 4.151187906000000000e+09
6.542367740064699319e+03 9.473300190000000000e+08
6.574597716708496591e+03 2.789752610000000000e+09
6.595628351778341312e+03 4.083945898000000000e+09
6.592222407905801447e+03 1.989860166000000000e+09
6.588780661340486404e+03 2.440968936000000000e+09
6.592817798692880388e+03 5.288738490000000000e+08
6.579100885646272218e+03 1.928744453000000000e+09
6.563099936427223838e+03 3.286691860000000000e+09
6.566113109055991117e+03 2.073751970000000000e+09
6.512935161435868395e+03 4.027195113000000000e+09
6.606652895804551008e+03 2.025879389000000000e+09
6.625730962742561132e+03 4.540647320000000000e+08
6.616194453054626138e+03 9.368518210000000000e+08
6.570264002323803652e+03 5.107080950000000000e+08
6.565946339559448461e+03 3.671770310000000000e+08
6.619418899572929149e+03 5.108008890000000000e+08
6.574258456460815978e+03 8.068653660000000000e+08
6.594622082297471934e+03 2.595032505000000000e+09
6.591103966988907814e+03 9.286281290000000000e+08
6.570324642944103289e+03 2.552116783000000000e+09
6.528021915108587564e+03 8.759744680000000000e+08
6.603495545882624356e+03 2.977564324000000000e+09
6.580133607691407633e+03 3.237880125000000000e+09
6.607718141782006569e+03 1.445104098000000000e+09
6.630129865541931395e+03 9.985535370000000000e+08
6.560092866416007382e+03 1.048997936000000000e+09
6.618985625677258213e+03 1.790532639000000000e+09
6.551640362478279712e+03 1.087521199000000000e+09
6.597188728806299878e+03 9.045887830000000000e+08
6.534105876273160902e+03 2.150385356000000000e+09
6.521547912926272147e+03 9.251140870000000000e+08
6.582669222224139958e+03 1.736548917000000000e+09
6.610430259852026211e+03 2.709500838000000000e+09
6.537516954476357569e+03 2.265189760000000000e+09
6.643853479469221384e+03 9.812060300000000000e+08
6.579110648827967452e+03 4.281040551000000000e+09
6.592458637329782505e+03 1.380629787000000000e+09
6.555794758830755200e+03 2.328839268000000000e+09
6.591694222517066009e+03 2.486122366000000000e+09
6.537159322907357819e+03 2.728239636000000000e+09
6.619997308598492054e+03 1.955325298000000000e+09
6.608172269196675188e+03 3.441802347000000000e+09
6.552867797539256571e+03 1.550711440000000000e+09
6.613083610728024723e+03 1.728182262000000000e+09
6.602072745420344290e+03 3.080386618000000000e+09
6.606860749530077555e+03 2.707560633000000000e+09
6.603576118803561258e+03 3.738987321000000000e+09
6.530897881383129061e+03 2.447473951000000000e+09
6.531008788608521172e+03 1.794344730000000000e+09
6.602105739933572295e+03 2.232137728000000000e+09
6.623488210146811070e+03 2.362927986000000000e+09
6.584039496161069110e+03 1.925890020000000000e+08
6.608073120850993291e+03 3.695047412000000000e+09
6.523785553629456444e+03 1.205997313000000000e+09
6.587365060805120265e+03 4.234660014000000000e+09
6.621192351555637288e+03 2.497621324000000000e+09
6.608600508601359252e+03 9.373511500000000000e+07
6.560891768486146248e+03 3.446758755000000000e+09
6.602295318446823330e+03 4.089117994000000000e+09
6.606532933131182290e+03 2.556020007000000000e+09
6.595169467793123658e+03 8.066721400000000000e+08
6.533184288437044415e+03 5.702720140000000000e+08
6.588808775356306796e+03 4.249882231000000000e+09
6.580114411790957092e+03 3.431605908000000000e+09
6.566256367890362526e+03 3.305327675000000000e+09
6.582854784291409487e+03 1.045588219000000000e+09
6.551714684483499695e+03 3.747990725000000000e+09
6.607540028272561358e+03 2.552967059000000000e+09
6.573034815747898392e+03 2.804633166000000000e+09
6.636068081098491348e+03 2.345567638000000000e+09
6.582959031216028052e+03 1.281629085000000000e+09
6.512295322034983656e+03 3.462307872000000000e+09
6.588067831092347660e+03 2.256155440000000000e+09
6.541159271787610123e+03 2.058968447000000000e+09
6.574460736964038915e+03 4.074687029000000000e+09
6.585546042551823120e+03 4.000096509000000000e+09
6.625258616682136562e+03 2.690049045000000000e+09
6.569637397062091623e+03 4.645090160000000000e+08
6.589396874028949242e+03 1.682839385000000000e+09
6.562523939249720570e+03 3.190757835000000000e+09
6.596079305452175504e+03 3.177759042000000000e+09
6.584679796620654088e+03 4.342800760000000000e+08
6.538923802227021042e+03 1.034859787000000000e+09
6.607704148585711664e+03 3.153665090000000000e+08
6.596508574324759138e+03 1.830038692000000000e+09
6.589403319012684733e+03 2.224419869000000000e+09
6.609597191202856266e+03 3.272278608000000000e+09
6.588027787290577180e+03 3.863959543000000000e+09
6.611719347877817199e+03 1.279753287000000000e+09
6.526445183412954975e+03 4.054463448000000000e+09
6.526769012557235328e+03 2.155228559000000000e+09
6.607022882102772201e+03 4.167582254000000000e+09
6.578715853939864246e+03 2.795000770000000000e+08
6.609538305607039547e+03 2.438752600000000000e+09
6.559837215752949305e+03 4.459592260000000000e+08
6.545097423512392197e+03 3.256781459000000000e+09
6.620687896076120524e+03 3.992385265000000000e+09
6.614360351870779596e+03 3.356082577000000000e+09
6.594211615888234519e+03 4.016513965000000000e+09
6.566904902365452472e+03 2.334171327000000000e+09
6.628886631989553280e+03 3.089493765000000000e+09
6.595742441478520050e+03 2.751987826000000000e+09
6.613809179470700656e+03 2.797227800000000000e+08
6.649269271720847428e+03 4.102984668000000000e+09
6.628756108082868195e+03 6.023292060000000000e+08
6.529297522221341751e+03 4.246083184000000000e+09
6.568462592734562350e+03 4.438791860000000000e+08
6.648033560268060683e+03 9.135864180000000000e+08
6.549090415012820813e+03 2.058577256000000000e+09
6.595807522480105035e+03 3.984004925000000000e+09
6.576491043605299637e+03 3.905854335000000000e+09
6.524546734372914216e+03 2.409481838000000000e+09
6.557493411581747750e+03 3.967317519000000000e+09
6.630719384807345705e+03 3.304849719000000000e+09
6.528580272329614672e+03 1.677059563000000000e+09
6.572041603126814152e+03 2.624624671000000000e+09
6.664713884730071186e+03 8.323315700000000000e+07
6.600413891163326298e+03 1.821482475000000000e+09
6.574033994982182776e+03 3.343109905000000000e+09
6.531238280525524715e+03 3.867370928000000000e+09
6.625985846714257605e+03 3.335554557000000000e+09
6.573908965496806559e+03 2.384770730000000000e+09
