# Lens_likelihood 	 seed
5.689052737633042852e+03 3.378093520000000000e+09
5.628136903224232810e+03 1.691897007000000000e+09
5.679597640057520039e+03 2.891048567000000000e+09
5.660523403278715705e+03 4.269671595000000000e+09
5.679290300200338606e+03 2.510145317000000000e+09
5.669992549299168786e+03 3.991252220000000000e+09
5.677161795883399463e+03 2.423926126000000000e+09
5.654882047804947433e+03 3.376733280000000000e+08
5.723743528611820693e+03 3.101250007000000000e+09
5.694729111662313699e+03 2.248392340000000000e+09
5.644360783155017998e+03 2.215943749000000000e+09
5.665853887234018657e+03 3.163277017000000000e+09
5.672052862153446767e+03 1.091844770000000000e+08
5.668834805470340143e+03 1.175908131000000000e+09
5.675876603202981642e+03 1.559942840000000000e+09
5.674201212114551709e+03 1.967038323000000000e+09
5.660760781982367916e+03 1.759909403000000000e+09
5.663789898497214381e+03 3.834507174000000000e+09
5.657473982182659711e+03 3.027592706000000000e+09
5.659423832756830052e+03 1.473727039000000000e+09
5.695530461703568108e+03 8.660539370000000000e+08
5.642972558692525126e+03 1.822413320000000000e+09
5.650869449149117827e+03 1.128434112000000000e+09
5.635153064390249710e+03 1.888922382000000000e+09
5.650784517279918873e+03 1.873624687000000000e+09
5.647202212584758854e+03 3.564906580000000000e+09
5.670878944420933294e+03 3.210433062000000000e+09
5.623248229487916433e+03 1.510901946000000000e+09
5.647218820573306402e+03 4.286912872000000000e+09
5.656480273943541761e+03 1.259569388000000000e+09
5.630663322305259499e+03 3.712697493000000000e+09
5.666556378361122370e+03 1.372301322000000000e+09
5.674349057875952894e+03 3.989074328000000000e+09
5.663039748493622938e+03 3.177894964000000000e+09
5.670015602752288942e+03 3.105612901000000000e+09
5.654996640388300875e+03 1.162281638000000000e+09
5.651816655194816121e+03 2.075958753000000000e+09
5.675307741686957343e+03 5.711864200000000000e+07
5.644958416706102071e+03 4.179257474000000000e+09
5.660241298450897375e+03 2.986736074000000000e+09
5.676923005250628194e+03 3.900170856000000000e+09
5.657062270136757434e+03 3.578047060000000000e+08
5.650045772055616908e+03 9.233071890000000000e+08
5.672098412675614782e+03 2.105934324000000000e+09
5.668748937417622074e+03 2.163891318000000000e+09
5.671018431883648191e+03 2.216817841000000000e+09
5.684262926102130223e+03 9.501175060000000000e+08
5.672916800432930359e+03 2.687143960000000000e+08
5.641493146121625614e+03 3.134730973000000000e+09
5.650550111620385906e+03 2.500113591000000000e+09
5.643850862894263628e+03 3.801816805000000000e+09
5.651940750176487199e+03 2.336690974000000000e+09
5.650075998787750905e+03 4.176075190000000000e+09
5.688446525287878103e+03 2.284354435000000000e+09
5.669771924897675490e+03 3.787636301000000000e+09
5.707403783159419618e+03 7.255935260000000000e+08
5.678686695693784714e+03 2.760969684000000000e+09
5.677591287207283131e+03 3.636910800000000000e+08
5.669916321822498503e+03 9.252486530000000000e+08
5.654730028699877948e+03 1.872931690000000000e+09
5.666831694066828277e+03 1.327890180000000000e+08
5.667718764547629689e+03 3.446629135000000000e+09
5.627606329597580952e+03 1.142977358000000000e+09
5.669571934336867344e+03 2.529959108000000000e+09
5.670920537591962784e+03 3.403098269000000000e+09
5.665679524741435671e+03 3.059877095000000000e+09
5.698751803970437322e+03 1.655601479000000000e+09
5.667657746662301179e+03 1.575659707000000000e+09
5.667778268011522414e+03 8.755098200000000000e+08
5.667956375784813645e+03 4.123514413000000000e+09
5.655123784281086046e+03 2.122704104000000000e+09
5.683371327160317378e+03 4.269853590000000000e+09
5.683333827366233891e+03 3.079721518000000000e+09
5.647592916438639804e+03 8.575979000000000000e+08
5.679979358493161271e+03 1.349631001000000000e+09
5.655041074873488469e+03 1.665389184000000000e+09
5.611737647480065789e+03 4.757817090000000000e+08
5.665190635383733024e+03 2.526247263000000000e+09
5.687036312810050731e+03 3.251242902000000000e+09
5.659921813610708341e+03 1.715511143000000000e+09
5.674009671905661889e+03 1.076758840000000000e+08
5.696615596350368833e+03 1.487750134000000000e+09
5.648317544619231739e+03 1.239565947000000000e+09
5.675472791124571813e+03 1.566603774000000000e+09
5.666237821531255577e+03 4.057374914000000000e+09
5.668697210674516100e+03 3.345160969000000000e+09
5.666749810372864886e+03 4.369216690000000000e+08
5.652098537886779923e+03 3.613765638000000000e+09
5.710826433025367805e+03 1.218747900000000000e+09
5.649430718463859193e+03 3.144243153000000000e+09
5.637775661277565632e+03 2.941102765000000000e+09
5.645482558178286126e+03 2.830944911000000000e+09
5.649248143593241366e+03 1.570697295000000000e+09
5.665439684734526963e+03 3.732011185000000000e+09
5.676237543235912199e+03 3.099029528000000000e+09
5.674548174005793044e+03 1.892974423000000000e+09
5.645016127785138451e+03 4.020651059000000000e+09
5.628726787925423196e+03 4.009194386000000000e+09
5.673303357133640020e+03 1.395005211000000000e+09
5.662627661857850399e+03 1.712688993000000000e+09
5.636242825934338725e+03 3.696471069000000000e+09
5.647865589830401404e+03 4.257875580000000000e+09
5.663548434624790389e+03 2.847189637000000000e+09
5.680377236716088191e+03 7.340288350000000000e+08
5.662132658916718356e+03 3.735354151000000000e+09
5.667687276790139549e+03 1.400612853000000000e+09
5.651400876642869662e+03 2.767883791000000000e+09
5.627469652884756215e+03 1.708463546000000000e+09
5.665645476852750107e+03 1.850471307000000000e+09
5.657648948293099238e+03 2.512607292000000000e+09
5.680815563612730330e+03 2.275672278000000000e+09
5.669972719602613324e+03 8.756404240000000000e+08
5.665264253235693104e+03 1.418873790000000000e+08
5.645708122770583941e+03 4.280191812000000000e+09
5.687235037953015308e+03 3.699767929000000000e+09
5.659983349195005758e+03 1.787003928000000000e+09
5.660996871427374572e+03 1.455944139000000000e+09
5.653233932310293312e+03 1.074534202000000000e+09
5.701350810170677505e+03 1.126353852000000000e+09
5.670734917064747606e+03 2.656554726000000000e+09
5.669577967932375032e+03 1.381170846000000000e+09
5.669341104040076971e+03 4.211750150000000000e+09
5.625932400533994951e+03 1.590875760000000000e+08
5.669891722824055250e+03 5.270956160000000000e+08
5.671387929651280501e+03 3.266800835000000000e+09
5.674961148108704947e+03 4.863558900000000000e+08
5.659143702425404626e+03 1.664317923000000000e+09
5.662342170020372578e+03 2.011715690000000000e+08
5.642983864318186534e+03 3.419327110000000000e+08
5.660282614353207464e+03 1.981355159000000000e+09
5.662146156510027140e+03 2.701063835000000000e+09
5.669367831983804535e+03 6.199665100000000000e+07
5.670603947732673078e+03 4.294730939000000000e+09
5.654221524834112643e+03 2.767083110000000000e+09
5.658857762555548106e+03 3.394658410000000000e+09
5.665561810961035007e+03 5.413455730000000000e+08
5.697533955655601858e+03 2.147333859000000000e+09
5.679589205762795245e+03 3.019878240000000000e+09
5.662568170285148881e+03 2.133394380000000000e+09
5.672324123416596194e+03 4.878824730000000000e+08
5.672644674585750181e+03 1.262678126000000000e+09
5.696561747034752443e+03 2.304699858000000000e+09
5.664898638122520424e+03 8.599240420000000000e+08
5.672010030661223027e+03 2.533504970000000000e+09
5.640652980129569187e+03 3.241570787000000000e+09
5.628745482338372312e+03 1.894464776000000000e+09
5.660482624772073905e+03 2.038518910000000000e+08
5.686068420189651079e+03 1.258857890000000000e+09
5.688474829715277338e+03 3.179839143000000000e+09
5.657212992312426650e+03 1.492392484000000000e+09
5.630457841207864476e+03 2.816005420000000000e+08
5.671843601272108572e+03 4.275699190000000000e+09
5.656904621556406710e+03 2.847119313000000000e+09
5.644842119443535012e+03 2.584421447000000000e+09
5.687665028737197645e+03 4.219379270000000000e+09
5.656559980373918734e+03 1.861703735000000000e+09
5.665361020573584028e+03 9.221921980000000000e+08
5.694490391337898473e+03 4.915043390000000000e+08
5.656212240339542404e+03 3.518325999000000000e+09
5.662827460722001888e+03 3.322913020000000000e+08
5.651022825822115919e+03 2.041538842000000000e+09
5.679382750056948680e+03 3.312441535000000000e+09
5.705516298279123475e+03 3.703102916000000000e+09
5.635162695740058552e+03 9.932739530000000000e+08
5.650080600986644640e+03 3.386512574000000000e+09
5.682298625893468852e+03 2.035663767000000000e+09
5.670924662206590256e+03 2.505329672000000000e+09
5.676938113882826656e+03 3.450506139000000000e+09
5.702730669481922632e+03 3.385069722000000000e+09
5.673485372641346657e+03 4.674959820000000000e+08
5.673653851641285655e+03 2.903138152000000000e+09
5.657309839117593583e+03 3.812559124000000000e+09
5.674826724245835067e+03 3.439769338000000000e+09
5.653359610081676692e+03 1.089329880000000000e+08
5.665136970794012086e+03 6.902855200000000000e+07
5.658497718479992727e+03 1.073825481000000000e+09
5.682491488077914255e+03 1.915226145000000000e+09
5.656438603967242670e+03 1.167657852000000000e+09
5.648879709645972980e+03 1.538247401000000000e+09
5.685032773477174487e+03 2.877208245000000000e+09
5.668115442247945793e+03 4.026388829000000000e+09
5.643535208213395890e+03 3.338809492000000000e+09
5.642879019226754281e+03 2.653543650000000000e+08
5.632677866895394800e+03 1.406302249000000000e+09
5.668313923800542398e+03 3.692978247000000000e+09
5.664182045310179092e+03 1.093011092000000000e+09
5.662542015240675028e+03 8.809809810000000000e+08
5.622235417229039740e+03 3.600406170000000000e+08
5.651245570247237993e+03 3.434949076000000000e+09
5.660487220331995559e+03 3.155266607000000000e+09
5.653970755841869504e+03 3.797226450000000000e+08
5.667833754170966131e+03 8.791818950000000000e+08
5.670120233841907066e+03 1.912224944000000000e+09
5.650005102718079797e+03 3.787350951000000000e+09
5.690486080357247374e+03 1.220171687000000000e+09
5.650591318434506320e+03 3.277642265000000000e+09
5.646175746905970300e+03 1.901018234000000000e+09
5.661772309574746942e+03 2.273433478000000000e+09
5.658164084287735022e+03 2.786005253000000000e+09
5.710007678679013225e+03 1.887202156000000000e+09
5.652498940496412615e+03 5.920286020000000000e+08
5.639647040507784368e+03 3.721997027000000000e+09
5.688139397789797840e+03 2.199038800000000000e+08
5.688017230035451576e+03 3.240505640000000000e+08
5.678358701267739889e+03 3.808652716000000000e+09
5.663142829422283285e+03 1.155500808000000000e+09
5.664943633957317616e+03 3.481974000000000000e+09
5.656756576810846127e+03 2.849101792000000000e+09
5.678894709025425982e+03 1.069197572000000000e+09
5.684603738284218707e+03 2.636042984000000000e+09
5.666392388863559972e+03 4.726739440000000000e+08
5.667624143054013985e+03 5.059500460000000000e+08
5.678677491221957098e+03 5.852950680000000000e+08
5.675808802725123314e+03 4.253083470000000000e+09
5.636969410883110868e+03 2.237212019000000000e+09
5.672500977619056357e+03 3.668515472000000000e+09
5.684697977443774107e+03 1.267917929000000000e+09
5.656429581258737926e+03 3.827531855000000000e+09
5.694135022291919086e+03 5.966854560000000000e+08
5.699508692616673216e+03 2.490913014000000000e+09
5.643511025695126591e+03 4.173554155000000000e+09
5.627744122199079357e+03 1.387283602000000000e+09
5.658785097067659990e+03 2.062318461000000000e+09
5.670248901551633026e+03 2.412224304000000000e+09
5.659156104183040952e+03 1.895215107000000000e+09
5.670213542235811474e+03 3.598127459000000000e+09
5.673253269149427979e+03 3.897287950000000000e+09
5.669786446407667427e+03 3.775738201000000000e+09
5.674442645244666892e+03 8.904300600000000000e+08
5.658573293299976285e+03 3.781105325000000000e+09
5.650428462996369490e+03 1.315740093000000000e+09
5.654239813873326057e+03 1.337822728000000000e+09
5.658046982209213638e+03 1.764055340000000000e+08
5.665273755410204103e+03 2.415712238000000000e+09
5.664801957776920972e+03 1.584702840000000000e+09
5.679251627556110179e+03 1.332538390000000000e+08
5.671157149549107089e+03 3.832227703000000000e+09
5.677611968121562313e+03 3.749785634000000000e+09
5.652594669200316275e+03 4.205772746000000000e+09
5.664635250782558614e+03 3.252037654000000000e+09
5.658200312545579436e+03 2.744339880000000000e+08
5.695290629352532960e+03 7.047890410000000000e+08
5.661463127818085013e+03 5.525596010000000000e+08
5.655396288356791047e+03 4.239072536000000000e+09
5.642838788118378943e+03 3.593700227000000000e+09
5.657600382317444200e+03 3.112531810000000000e+08
5.656180117127796620e+03 3.507719497000000000e+09
5.642476607195195356e+03 3.798043834000000000e+09
5.626339956851220450e+03 3.305778575000000000e+09
5.648853377972784074e+03 4.006950407000000000e+09
5.661376045172708473e+03 3.992103589000000000e+09
5.673921760305023781e+03 1.982546770000000000e+08
5.652019735636018595e+03 1.647163500000000000e+09
5.636154591221448754e+03 2.026577153000000000e+09
5.630434064226810733e+03 2.121678665000000000e+09
5.686876255418857909e+03 3.431553284000000000e+09
5.684870918754184459e+03 1.641628613000000000e+09
5.684104919546909514e+03 2.778274513000000000e+09
5.691860157290561801e+03 9.422041780000000000e+08
5.659743431169046744e+03 2.861170006000000000e+09
5.667875578373330427e+03 6.418166100000000000e+08
5.655971443898122743e+03 4.076748642000000000e+09
5.658788307814268592e+03 1.715399536000000000e+09
5.659554107759184262e+03 3.932051930000000000e+09
5.646113253641543452e+03 1.159069829000000000e+09
5.651776523571251346e+03 3.395960805000000000e+09
5.652795365516296442e+03 6.967779190000000000e+08
5.644654798876023960e+03 6.549319580000000000e+08
5.650676077099122267e+03 4.186612818000000000e+09
5.667880815801682729e+03 2.231757324000000000e+09
5.681991635278872309e+03 2.029208269000000000e+09
5.696439433904233738e+03 2.169381424000000000e+09
5.675857319340170761e+03 3.600425800000000000e+07
5.707123666931896878e+03 1.015154691000000000e+09
5.640587519516930115e+03 2.535522368000000000e+09
5.678292914166800983e+03 3.329587299000000000e+09
5.669416467466704489e+03 8.971638850000000000e+08
5.645251786311896467e+03 1.791783100000000000e+09
5.682607864865924057e+03 1.906413185000000000e+09
5.645061993622780392e+03 2.820978315000000000e+09
5.674026724674039542e+03 3.169128327000000000e+09
5.641136173091736055e+03 4.156989699000000000e+09
5.650716546706409645e+03 1.004016188000000000e+09
5.658845021636313504e+03 2.824863881000000000e+09
5.616750723459468645e+03 2.246699433000000000e+09
5.672437149967342521e+03 1.785346598000000000e+09
5.677337187920162251e+03 1.225944492000000000e+09
5.659629977010217772e+03 9.112938720000000000e+08
5.666404593355791803e+03 4.740750660000000000e+08
5.667772450323649537e+03 1.167151956000000000e+09
5.655412155040563448e+03 2.363036283000000000e+09
5.660608552760590101e+03 4.215552279000000000e+09
5.669104938130169103e+03 9.764303280000000000e+08
5.670225661351320923e+03 8.451563360000000000e+08
5.633302668439315312e+03 3.809809759000000000e+09
5.645563366258982569e+03 1.651024549000000000e+09
5.647088083730408471e+03 1.979433025000000000e+09
5.653508113111525745e+03 3.051306018000000000e+09
5.664786745839040123e+03 3.285296491000000000e+09
5.695629881153861788e+03 2.523241205000000000e+09
5.684713028905371175e+03 4.027193110000000000e+08
5.650159223472745907e+03 4.175085128000000000e+09
5.668482309411154347e+03 1.180859070000000000e+08
5.675369438924823044e+03 4.334315600000000000e+07
5.641577165763069388e+03 2.598593869000000000e+09
5.680508703395829798e+03 4.289778578000000000e+09
5.666857248121727025e+03 6.982635340000000000e+08
5.649400921068687239e+03 3.143263429000000000e+09
5.669689930943613945e+03 2.359726754000000000e+09
5.656892660295858150e+03 1.029498780000000000e+09
5.711886480968170872e+03 3.472538379000000000e+09
5.653891074624640169e+03 2.619763882000000000e+09
5.708164033385712173e+03 2.488427789000000000e+09
5.675461478640325367e+03 5.834578240000000000e+08
5.626545244633013681e+03 3.646227177000000000e+09
5.622536076080664316e+03 3.794990715000000000e+09
5.658573863097309186e+03 1.543160920000000000e+09
5.655468922194220795e+03 5.209152480000000000e+08
5.656939749909853163e+03 3.058822441000000000e+09
5.663408507020170873e+03 1.678280600000000000e+08
5.657827606907520021e+03 1.130823220000000000e+09
5.697434558619678683e+03 3.116291196000000000e+09
5.673393201750117441e+03 2.918849982000000000e+09
5.694277654800497658e+03 5.061975200000000000e+08
5.667223051835717342e+03 3.474167129000000000e+09
5.683254661716773626e+03 1.619474437000000000e+09
5.707019635589891550e+03 2.224061130000000000e+09
5.668184392273089543e+03 2.735681886000000000e+09
5.685878983342067841e+03 2.706475418000000000e+09
5.691242758398478145e+03 1.533121987000000000e+09
5.664326257994274783e+03 1.214333843000000000e+09
5.626734705984177708e+03 1.044305833000000000e+09
5.674929269689655484e+03 1.972158691000000000e+09
5.675897121400201286e+03 2.031287689000000000e+09
5.650306367285471424e+03 2.687597756000000000e+09
5.682851379620393345e+03 4.036802404000000000e+09
5.654624442562462718e+03 4.924611490000000000e+08
5.646006800107847084e+03 3.665400050000000000e+09
5.658289443552936063e+03 1.473863700000000000e+09
5.692244757351594671e+03 1.324573647000000000e+09
5.713236350522071916e+03 2.562488945000000000e+09
5.648058666613627793e+03 1.918973045000000000e+09
5.630774170998282898e+03 2.880722946000000000e+09
5.655522451409275163e+03 1.973548509000000000e+09
5.678641652910770972e+03 3.679196180000000000e+09
5.652802212898708603e+03 1.982253777000000000e+09
5.685503715038284099e+03 2.622927411000000000e+09
5.658734046795772883e+03 3.233290656000000000e+09
5.648388224003332653e+03 1.530850853000000000e+09
5.653018632906738276e+03 1.125865883000000000e+09
