# Lens_likelihood 	 seed
6.265255099991711177e+03 1.044358309000000000e+09
6.235094894190924606e+03 2.096503920000000000e+09
6.218052935805022571e+03 3.552748519000000000e+09
6.209979264436418816e+03 2.055426526000000000e+09
6.262656617776629901e+03 1.478086300000000000e+07
6.263658957254028792e+03 2.156860949000000000e+09
6.207640153643447775e+03 2.215821566000000000e+09
6.213327990115084503e+03 4.284166746000000000e+09
6.224674834928522614e+03 3.422447830000000000e+08
6.268705929865883263e+03 2.645041604000000000e+09
6.242236777551619525e+03 3.870814241000000000e+09
6.250796132871953887e+03 6.267504090000000000e+08
6.217195242093921479e+03 1.449809843000000000e+09
6.267597863751536352e+03 2.847799451000000000e+09
6.233646663253328370e+03 3.492089807000000000e+09
6.236073802838497613e+03 1.078361924000000000e+09
6.258830222570873048e+03 2.015972412000000000e+09
6.260975719294367082e+03 2.176090781000000000e+09
6.261988860153454880e+03 1.877132727000000000e+09
6.270759956607567801e+03 2.873546230000000000e+08
6.271883948961503847e+03 2.048126396000000000e+09
6.258580075164602931e+03 2.220366540000000000e+08
6.220606784709711974e+03 3.916480915000000000e+09
6.228069742737303386e+03 4.094770893000000000e+09
6.277555783548874388e+03 3.982964865000000000e+09
6.228679872012817214e+03 3.737208298000000000e+09
6.231700687142427341e+03 2.972454861000000000e+09
6.221826908719373023e+03 1.891521803000000000e+09
6.260265767841843626e+03 2.252606232000000000e+09
6.239176635579041431e+03 2.438396071000000000e+09
6.251956583567215603e+03 4.078039370000000000e+08
6.243925570760499795e+03 2.086027550000000000e+08
6.286749351885223405e+03 1.396746655000000000e+09
6.208181973024717990e+03 3.804463365000000000e+09
6.282114865349319189e+03 3.951905984000000000e+09
6.282132380511196970e+03 6.643060500000000000e+08
6.242946527186240928e+03 1.654209000000000000e+09
6.234861261530122647e+03 4.014464528000000000e+09
6.221951697229764250e+03 2.296231291000000000e+09
6.215235799345668056e+03 3.205634066000000000e+09
6.208242860911275784e+03 2.378482460000000000e+08
6.244576621752681604e+03 2.464635001000000000e+09
6.254774997323444950e+03 4.160773776000000000e+09
6.235776263042669598e+03 1.222076913000000000e+09
6.241344727705574769e+03 1.876715892000000000e+09
6.265673415201156786e+03 2.951727275000000000e+09
6.299739203103699765e+03 2.876684420000000000e+08
6.233388584443762738e+03 2.122227556000000000e+09
6.219938287040627074e+03 1.002550781000000000e+09
6.291558729949477311e+03 3.830417419000000000e+09
6.272919143831485599e+03 3.494921550000000000e+09
6.277744022173937992e+03 2.233466653000000000e+09
6.246802419734318391e+03 1.246765740000000000e+09
6.269785995854113025e+03 7.953813410000000000e+08
6.275857059118202415e+03 1.684811579000000000e+09
6.239939056463774250e+03 2.237874636000000000e+09
6.234959023084576074e+03 2.578785116000000000e+09
6.211902243295382505e+03 2.887463721000000000e+09
6.268224433286569365e+03 4.083869823000000000e+09
6.236785947601843873e+03 9.954861820000000000e+08
6.256228976093530036e+03 4.331845240000000000e+08
6.264905476036608889e+03 2.402961852000000000e+09
6.270511153174500578e+03 9.371604440000000000e+08
6.253569688527849394e+03 2.962678526000000000e+09
6.247846663713738963e+03 1.810692096000000000e+09
6.253461215723751593e+03 4.020496294000000000e+09
6.219571353517499119e+03 1.212431488000000000e+09
6.284805047049443601e+03 2.914326875000000000e+09
6.251143033965390714e+03 5.810904490000000000e+08
6.270708777440110680e+03 3.582948265000000000e+09
6.236999293082866643e+03 1.482656005000000000e+09
6.257315143698850079e+03 3.670412688000000000e+09
6.225880961862329059e+03 8.269972360000000000e+08
6.236087820240209112e+03 2.467055588000000000e+09
6.272616044923043773e+03 2.095467250000000000e+08
6.250917691875582022e+03 6.464461460000000000e+08
6.238661891207073495e+03 7.502374270000000000e+08
6.224684521145612962e+03 3.177598974000000000e+09
6.262376545227623865e+03 1.079277712000000000e+09
6.222131918142920767e+03 1.629810834000000000e+09
6.278131799055156080e+03 6.936384580000000000e+08
6.232714809953888107e+03 3.551673768000000000e+09
6.257746554144588117e+03 1.661098954000000000e+09
6.224244757794512225e+03 3.065643780000000000e+09
6.231643050802314065e+03 3.764389194000000000e+09
6.265355257360581163e+03 6.768134230000000000e+08
6.240120353678130414e+03 3.563077747000000000e+09
6.255924537998467713e+03 4.021725949000000000e+09
6.257574513757135719e+03 1.486639623000000000e+09
6.240400114467014646e+03 2.758659807000000000e+09
6.260222802085390867e+03 1.999526953000000000e+09
6.229149082286180601e+03 2.793491497000000000e+09
6.228057554790721952e+03 4.169693582000000000e+09
6.252056174784007453e+03 1.535842119000000000e+09
6.239932173594896994e+03 3.175739285000000000e+09
6.246034372969789729e+03 6.236576000000000000e+06
6.262207423393166209e+03 1.047522324000000000e+09
6.248586849974519282e+03 1.982935450000000000e+09
6.255202252721658624e+03 1.762841642000000000e+09
6.296027441135222034e+03 3.975052010000000000e+08
6.216742180885106791e+03 4.190142848000000000e+09
6.266392333126406811e+03 2.265060608000000000e+09
6.293800127615493693e+03 1.389168994000000000e+09
6.278740199932055475e+03 2.182379164000000000e+09
6.199305862615614387e+03 4.289265315000000000e+09
6.263741403749725578e+03 1.950244903000000000e+09
6.248374728836338363e+03 4.164343326000000000e+09
6.272728938474039751e+03 1.418217600000000000e+09
6.223025911266462572e+03 3.785938425000000000e+09
6.234309435538185426e+03 5.131589740000000000e+08
6.263952817408468036e+03 3.178823241000000000e+09
6.241599369749634207e+03 3.232106113000000000e+09
6.263987843269058430e+03 5.821345020000000000e+08
6.244349804327761376e+03 1.788085213000000000e+09
6.259644324538424371e+03 3.653506260000000000e+08
6.278131301094117589e+03 2.590983377000000000e+09
6.240073734622736083e+03 5.694728400000000000e+08
6.243639806499227234e+03 2.463576929000000000e+09
6.267383440156771030e+03 4.314170830000000000e+08
6.282526737241691080e+03 4.182766618000000000e+09
6.265334533305658624e+03 3.087322911000000000e+09
6.197347450942991600e+03 3.513339122000000000e+09
6.227519679423361595e+03 1.031584002000000000e+09
6.239728716606871785e+03 3.648064314000000000e+09
6.260402257902025667e+03 3.943335197000000000e+09
6.255754378860830911e+03 2.429089889000000000e+09
6.246203397140769084e+03 2.072478938000000000e+09
6.225565022483640860e+03 1.106467212000000000e+09
6.254695898079967264e+03 1.738033374000000000e+09
6.267661245119585146e+03 2.420564840000000000e+09
6.223123265834622543e+03 2.345512232000000000e+09
6.243371004988672212e+03 1.721980855000000000e+09
6.271182230156792684e+03 8.911150800000000000e+07
6.225656972819235307e+03 2.657341243000000000e+09
6.205135236957926281e+03 2.839369997000000000e+09
6.269044256980414502e+03 5.015901830000000000e+08
6.278590068305369641e+03 4.118362482000000000e+09
6.226114866126155903e+03 2.780268022000000000e+09
6.267584053711001616e+03 5.665469800000000000e+08
6.206158369525870512e+03 3.197139089000000000e+09
6.260680408872403859e+03 1.985548777000000000e+09
6.181987534426383718e+03 1.666618639000000000e+09
6.233459325725465533e+03 1.685056631000000000e+09
6.248071384232283890e+03 8.895848200000000000e+08
6.269537920890375972e+03 3.408741963000000000e+09
6.241314798561952557e+03 2.642069051000000000e+09
6.253867318399590658e+03 4.274408705000000000e+09
6.246152212011883421e+03 6.631648940000000000e+08
6.238948713678670174e+03 5.920399400000000000e+07
6.255511126105593576e+03 6.740220090000000000e+08
6.262969027419308986e+03 4.123669220000000000e+08
6.262088703143950625e+03 3.358799598000000000e+09
6.260214965624187244e+03 2.184942654000000000e+09
6.233925775149409674e+03 4.171756163000000000e+09
6.243214419375899524e+03 1.761174755000000000e+09
6.234949639252271481e+03 9.915632330000000000e+08
6.175303391022905089e+03 1.496257077000000000e+09
6.210242794322332884e+03 7.699238600000000000e+08
6.229999028968682978e+03 1.953927893000000000e+09
6.252930019639692546e+03 2.585629280000000000e+09
6.253630498986952261e+03 1.868653920000000000e+08
6.231228254305749942e+03 6.109429900000000000e+07
6.256508505911237080e+03 2.756897618000000000e+09
6.272753958074908951e+03 2.926152428000000000e+09
6.240143021798880909e+03 2.637327059000000000e+09
6.253808960939497410e+03 6.439638260000000000e+08
6.248067776791504002e+03 1.601923857000000000e+09
6.225019744558035200e+03 4.024313174000000000e+09
6.257669576922668966e+03 3.487948746000000000e+09
6.258916498958948068e+03 3.372372678000000000e+09
6.274894417052962126e+03 3.572672054000000000e+09
6.265071191511709912e+03 2.372821377000000000e+09
6.255341029411190902e+03 2.715314699000000000e+09
6.260100451301975227e+03 2.110908125000000000e+09
6.220426257174203784e+03 3.321117583000000000e+09
6.191596540069826005e+03 1.260183923000000000e+09
6.289752758989813628e+03 9.569300860000000000e+08
6.242432046325585361e+03 2.831423117000000000e+09
6.227712933489870920e+03 4.267665857000000000e+09
6.255497200696428081e+03 3.957969187000000000e+09
6.275677188077883329e+03 1.208949630000000000e+09
6.257440325666968420e+03 1.916402189000000000e+09
6.257487633282742536e+03 1.130404160000000000e+08
6.231007354039246820e+03 2.403861732000000000e+09
6.224289646391618589e+03 6.382346030000000000e+08
6.264864194532161491e+03 2.158518691000000000e+09
6.231529491044249880e+03 1.785172844000000000e+09
6.224388098553544296e+03 2.528082728000000000e+09
6.277407320634304597e+03 1.421079631000000000e+09
6.177846713726245071e+03 1.716886697000000000e+09
6.260337095911629149e+03 4.003971167000000000e+09
6.273234155936415846e+03 2.164378954000000000e+09
6.217857983927176065e+03 1.110596390000000000e+09
6.232573250846279734e+03 2.222257420000000000e+09
6.230573994621589009e+03 3.051090480000000000e+09
6.260814027343185444e+03 3.299774624000000000e+09
6.243703803328817230e+03 4.019762438000000000e+09
6.211095078347772869e+03 3.687754601000000000e+09
6.197096530726056699e+03 1.921232850000000000e+08
6.245777740451620048e+03 2.050706394000000000e+09
6.261158855288680570e+03 3.090122016000000000e+09
6.237003113649046099e+03 2.449910701000000000e+09
6.265444359489745693e+03 4.080167817000000000e+09
6.264894667217678943e+03 1.592890188000000000e+09
6.235634950611201020e+03 4.215997327000000000e+09
6.275768731525772637e+03 2.826102954000000000e+09
6.201020942878947608e+03 1.785619550000000000e+08
6.240866380162075075e+03 3.777828067000000000e+09
6.279757099748653673e+03 1.815999810000000000e+09
6.197897348432938088e+03 2.429345030000000000e+08
6.183839094178068990e+03 1.632041776000000000e+09
6.237648435016146323e+03 8.845541300000000000e+08
6.269235979253085134e+03 2.274690633000000000e+09
6.248593453720105572e+03 1.784677906000000000e+09
6.276249003108729994e+03 1.920050283000000000e+09
6.252999339137693823e+03 1.473476529000000000e+09
6.251414397143889801e+03 5.335801080000000000e+08
6.266132208339997305e+03 1.060649576000000000e+09
6.241602598709937411e+03 2.053341378000000000e+09
6.278180719818694342e+03 3.866468733000000000e+09
6.244610117560408980e+03 4.165777607000000000e+09
6.270917045778545798e+03 2.378870670000000000e+09
6.230174958695290115e+03 3.143322634000000000e+09
6.228171273086580186e+03 3.612974216000000000e+09
6.237229030927061103e+03 9.826771410000000000e+08
6.283434008670496951e+03 3.184892206000000000e+09
6.259298900525971476e+03 3.628691981000000000e+09
6.234773270629892068e+03 2.892820400000000000e+08
6.253481419624236878e+03 3.164700209000000000e+09
6.219785440450034002e+03 3.621378795000000000e+09
6.222052498622566418e+03 2.296386270000000000e+09
6.225245479877310572e+03 1.706497861000000000e+09
6.310238746687248749e+03 8.718397170000000000e+08
6.272229460346049564e+03 2.358225753000000000e+09
6.237185880541843289e+03 3.489130023000000000e+09
6.234790707648055104e+03 1.819874841000000000e+09
6.251715203231246051e+03 5.455070360000000000e+08
6.204429883738796889e+03 2.296780929000000000e+09
6.271507282995844434e+03 2.373054200000000000e+08
6.265264470635635917e+03 1.118829213000000000e+09
6.254714466198959599e+03 2.336022244000000000e+09
6.245279518704849579e+03 1.668362353000000000e+09
6.252667084403815352e+03 8.528246580000000000e+08
6.272764592258527955e+03 2.527580506000000000e+09
6.226302314121125164e+03 3.746093353000000000e+09
6.228400033262511897e+03 2.645501117000000000e+09
6.258054351186659915e+03 4.258112316000000000e+09
6.260292165048125753e+03 2.293304899000000000e+09
6.236640391077756249e+03 1.451417168000000000e+09
6.182096679419997599e+03 2.432905997000000000e+09
6.255622292623393150e+03 1.292096630000000000e+08
6.243708218308689538e+03 3.112824444000000000e+09
6.223776940946695504e+03 2.448949986000000000e+09
6.249953401754714832e+03 5.082534720000000000e+08
6.274830806690391910e+03 2.565466921000000000e+09
6.228975292445249579e+03 3.366949890000000000e+08
6.258490218323024237e+03 1.910587274000000000e+09
6.233260735859234046e+03 1.104334142000000000e+09
6.203064721881353762e+03 2.804962940000000000e+08
6.288700791582038619e+03 2.149885955000000000e+09
6.236376848528617302e+03 2.603109741000000000e+09
6.235129096169502191e+03 1.062305153000000000e+09
6.243756890406139064e+03 1.066103563000000000e+09
6.255676629316159961e+03 2.429002398000000000e+09
6.237713394240761772e+03 1.731213718000000000e+09
6.188053370557546259e+03 3.857824267000000000e+09
6.280987019291305842e+03 2.438415320000000000e+09
6.209975850955148417e+03 4.180499444000000000e+09
6.263534617357127900e+03 3.024633859000000000e+09
6.230615100878885642e+03 1.381513348000000000e+09
6.299466779553365086e+03 6.946564580000000000e+08
6.235181560222909866e+03 1.064850660000000000e+08
6.267422814960385949e+03 1.609767964000000000e+09
6.265165087497029162e+03 4.273803778000000000e+09
6.262808985788604332e+03 3.781953825000000000e+09
6.249824341130426546e+03 8.556091260000000000e+08
6.271454053971861867e+03 3.096145909000000000e+09
6.254094200462006484e+03 1.730867441000000000e+09
6.208557937161439440e+03 2.935967580000000000e+09
6.234866864841177630e+03 4.193648660000000000e+09
6.250137289954433072e+03 2.002490331000000000e+09
6.197938854741075374e+03 1.945797183000000000e+09
6.237373184419455356e+03 6.803789100000000000e+07
6.241635392678621429e+03 3.796899905000000000e+09
6.217736345780164811e+03 1.576765000000000000e+08
6.250150219788823961e+03 6.149671740000000000e+08
6.244959048990222072e+03 2.129612633000000000e+09
6.227326119170442325e+03 2.658506267000000000e+09
6.224754528639939963e+03 3.480616648000000000e+09
6.205834196349632293e+03 2.951701793000000000e+09
6.241603415721204328e+03 3.685139821000000000e+09
6.233239783367536802e+03 1.033269585000000000e+09
6.270817160426435294e+03 3.420226513000000000e+09
6.229390834550419640e+03 2.389747878000000000e+09
6.224928185375611065e+03 1.744372384000000000e+09
6.236123065402805878e+03 1.167526997000000000e+09
6.235449367805177644e+03 2.134431876000000000e+09
6.219282446666242322e+03 3.957745392000000000e+09
6.218070068307227302e+03 3.682435340000000000e+09
6.266919940299623704e+03 1.289474734000000000e+09
6.214129342644246208e+03 6.469753380000000000e+08
6.242664077182158508e+03 1.674466491000000000e+09
6.247966978411799573e+03 1.263654823000000000e+09
6.247778712459716189e+03 1.653859943000000000e+09
6.261324931140823537e+03 2.936193056000000000e+09
6.262055869590116345e+03 2.699806586000000000e+09
6.268152664267699947e+03 2.650097960000000000e+09
6.283643423997316859e+03 2.317860056000000000e+09
6.238121546658176158e+03 9.729448670000000000e+08
6.262224117595522330e+03 1.250907672000000000e+09
6.249220871235904269e+03 4.106088115000000000e+09
6.251918657624552907e+03 4.025758147000000000e+09
6.266687781328259007e+03 1.975627876000000000e+09
6.226174889577563590e+03 2.125231676000000000e+09
6.251173689456969441e+03 3.354227980000000000e+09
6.238956532724151657e+03 2.707097621000000000e+09
6.262434849146235138e+03 3.756743568000000000e+09
6.233178423979479703e+03 2.486501376000000000e+09
6.264378838210426693e+03 3.239037798000000000e+09
6.207960497764055617e+03 4.163678622000000000e+09
6.268354427409990421e+03 4.967030400000000000e+07
6.215241509765144656e+03 3.753489024000000000e+09
6.238043749465482506e+03 2.719389910000000000e+08
6.264312118318824105e+03 3.359895865000000000e+09
6.252804432107996035e+03 2.413463709000000000e+09
6.248145722629649754e+03 1.657774370000000000e+08
6.276033231316999263e+03 3.072763640000000000e+09
6.251320376504678279e+03 4.265440548000000000e+09
6.236055836155129327e+03 1.837397299000000000e+09
6.241688355781510836e+03 2.654781791000000000e+09
6.250352259193302416e+03 3.739329513000000000e+09
6.249085599240228476e+03 1.515884616000000000e+09
6.191662889031753366e+03 2.730033778000000000e+09
6.234020919015813888e+03 3.136687591000000000e+09
6.223614819492627248e+03 2.015536311000000000e+09
6.245512562080300995e+03 8.270049160000000000e+08
6.242524310534555298e+03 2.619008004000000000e+09
6.253414743221401295e+03 1.184293659000000000e+09
6.220626924083275298e+03 4.277774497000000000e+09
6.251388103869159750e+03 1.392823793000000000e+09
6.274943159090316840e+03 3.748077449000000000e+09
6.259656536078307909e+03 4.977300180000000000e+08
6.274113704762439738e+03 3.448856391000000000e+09
6.251868341493968728e+03 2.983270748000000000e+09
6.271570439435541630e+03 2.192284260000000000e+08
6.227430335200065201e+03 1.812932826000000000e+09
6.236606929352909901e+03 3.146894768000000000e+09
6.233676675505123058e+03 4.585846910000000000e+08
6.254194561351322591e+03 2.645070814000000000e+09
6.272495401052091438e+03 1.018265848000000000e+09
