# Lens_likelihood 	 seed
6.992576397648490456e+03 3.139390601000000000e+09
6.966477910229699773e+03 2.403541857000000000e+09
6.957755833918339704e+03 1.893140738000000000e+09
6.993914661943326792e+03 3.500232412000000000e+09
6.891266368791925743e+03 3.491850514000000000e+09
6.984681401999781883e+03 1.888775402000000000e+09
6.964990788750744287e+03 4.071306079000000000e+09
6.995858231828382486e+03 3.957702815000000000e+09
6.973533785482015446e+03 4.025563556000000000e+09
6.999938696245034407e+03 3.731724633000000000e+09
6.954217401931095083e+03 7.841345260000000000e+08
6.997269611417812484e+03 1.461813550000000000e+08
6.968984765933303606e+03 1.708813479000000000e+09
6.988056220200437565e+03 1.034402130000000000e+09
6.972067518954190746e+03 1.275782318000000000e+09
6.961092042287868026e+03 2.296566277000000000e+09
6.964299274086969490e+03 1.193416383000000000e+09
6.985538280507862510e+03 4.001667149000000000e+09
6.984295663833264371e+03 1.647010337000000000e+09
6.964991882312557209e+03 3.599896397000000000e+09
6.958095848147926517e+03 1.420378670000000000e+09
6.959856161492427418e+03 3.272884744000000000e+09
6.996438494390726191e+03 1.101196510000000000e+09
6.994127586758249890e+03 3.808036584000000000e+09
6.970807688239948220e+03 3.374619573000000000e+09
6.992271008394756791e+03 1.552407969000000000e+09
6.946679528086890969e+03 2.505496370000000000e+09
6.995655061784281315e+03 1.203398819000000000e+09
6.980131299005513029e+03 3.941116301000000000e+09
6.994310182085619999e+03 2.113469998000000000e+09
6.972554592561073150e+03 1.876435839000000000e+09
6.953320836237876392e+03 1.635242703000000000e+09
6.961338152867914687e+03 4.158247293000000000e+09
6.955495695677546792e+03 3.814306669000000000e+09
6.981702949966203960e+03 1.520460725000000000e+09
6.973495453697258199e+03 4.170949320000000000e+08
6.968123125326503214e+03 1.882487838000000000e+09
6.958878354666654559e+03 1.380874909000000000e+09
6.989406944288170052e+03 2.785363676000000000e+09
6.975381938724152860e+03 3.969398576000000000e+09
6.981364453500159470e+03 1.765822373000000000e+09
6.972347997980928085e+03 2.367780476000000000e+09
6.979351916457163497e+03 1.717056761000000000e+09
6.978280380556337150e+03 1.428666793000000000e+09
6.981710095306674702e+03 8.121725310000000000e+08
6.997104444003248318e+03 3.493729328000000000e+09
6.995282558017962401e+03 1.768208716000000000e+09
6.955350990467950396e+03 4.477650260000000000e+08
6.993275622056939028e+03 4.961154730000000000e+08
6.975630147269371264e+03 2.904281318000000000e+09
6.977493419756785443e+03 3.119843022000000000e+09
6.968771005855468502e+03 2.222439877000000000e+09
6.983929701768887753e+03 3.884070900000000000e+09
6.958617845867706819e+03 3.762477610000000000e+08
6.990102553206534139e+03 1.649364185000000000e+09
6.980175080480295037e+03 2.051522305000000000e+09
6.981663775487995736e+03 2.391907360000000000e+09
6.964112320235174593e+03 8.477484900000000000e+07
6.949997518572470653e+03 6.647700860000000000e+08
6.999650437643208534e+03 4.043365702000000000e+09
6.966852303782939089e+03 3.652337401000000000e+09
6.978480627700275363e+03 1.301999138000000000e+09
6.952787951215188514e+03 2.722827447000000000e+09
6.970176575353472799e+03 1.169535851000000000e+09
6.981464964471760140e+03 1.514973056000000000e+09
6.969076468358537568e+03 7.260270390000000000e+08
6.977344782316587953e+03 3.339131439000000000e+09
6.990652073071354607e+03 1.876330440000000000e+08
6.950813854962873847e+03 2.497431892000000000e+09
6.971464631432299939e+03 1.073447998000000000e+09
7.002849194848266052e+03 1.931943500000000000e+07
6.978477649202191969e+03 3.803167745000000000e+09
6.947002476196602402e+03 6.955075410000000000e+08
6.995534234880422446e+03 4.151104477000000000e+09
6.980368187363967991e+03 2.357149226000000000e+09
6.966648116926344301e+03 3.972026397000000000e+09
6.986491641915910805e+03 4.985769000000000000e+06
6.972816899221627864e+03 2.940411718000000000e+09
6.961080435282597136e+03 2.163531646000000000e+09
6.945839403333578048e+03 1.230084056000000000e+09
6.985198096178935884e+03 2.460444401000000000e+09
7.002023440161693543e+03 3.367723969000000000e+09
6.982319292500551455e+03 1.442388698000000000e+09
6.976756513100433949e+03 1.728301731000000000e+09
6.995132792084777975e+03 3.044847476000000000e+09
6.961668387780062403e+03 3.009472361000000000e+09
6.966810812853546850e+03 3.571500355000000000e+09
6.980593368914102030e+03 3.170517910000000000e+08
6.937815956308291788e+03 1.805143484000000000e+09
6.968601466698501099e+03 4.128246861000000000e+09
6.951364804984757029e+03 1.444775602000000000e+09
6.986291710210402016e+03 1.929621125000000000e+09
6.974042855883413722e+03 9.743989220000000000e+08
6.984679175916679014e+03 1.692171286000000000e+09
6.976374044620673885e+03 4.160311259000000000e+09
6.972065612463073194e+03 3.918281028000000000e+09
6.971986234315928414e+03 4.022132329000000000e+09
6.957978087496716398e+03 6.377825000000000000e+07
6.992864811252481559e+03 1.687603274000000000e+09
6.943557120138018945e+03 3.177121722000000000e+09
6.983868170878155070e+03 1.396993995000000000e+09
6.981948780446147794e+03 3.148110168000000000e+09
6.963532509593270333e+03 1.938137743000000000e+09
6.990766206449068704e+03 1.567812333000000000e+09
6.992522257225368776e+03 1.758736040000000000e+08
6.993528031911036123e+03 1.249424229000000000e+09
7.007128952219989515e+03 3.536618046000000000e+09
6.989261965105823037e+03 3.568355917000000000e+09
7.002377808609258864e+03 2.445551707000000000e+09
6.950326322145511767e+03 1.957706442000000000e+09
6.971598873201691276e+03 1.897132780000000000e+09
6.985250658673890030e+03 1.563228588000000000e+09
6.952404493537005692e+03 4.070834037000000000e+09
6.962773167723445113e+03 1.219692704000000000e+09
6.942692418156923850e+03 1.596382138000000000e+09
6.968652173337478416e+03 1.503143286000000000e+09
6.979559408493594674e+03 1.142961548000000000e+09
7.008658328077144688e+03 2.395900413000000000e+09
6.944933640905564971e+03 1.429868079000000000e+09
6.971570092697903419e+03 2.641036899000000000e+09
6.992152858038010891e+03 3.414469344000000000e+09
6.997693888234311999e+03 1.908515224000000000e+09
6.976275722310294441e+03 3.111139486000000000e+09
6.998538644592684250e+03 1.345637984000000000e+09
6.977997489375713485e+03 3.979653973000000000e+09
6.973452577577814736e+03 2.991967940000000000e+09
6.967853810827298730e+03 4.120819315000000000e+09
6.991384111695097999e+03 1.246690350000000000e+09
6.964116275360951477e+03 2.609362728000000000e+09
6.961236916987235418e+03 1.269808754000000000e+09
6.983746585827213494e+03 3.245944929000000000e+09
6.964934672311293980e+03 6.134476120000000000e+08
6.944891687559918864e+03 4.168492696000000000e+09
6.973452911987386869e+03 2.210780732000000000e+09
7.000381842301576398e+03 4.111359653000000000e+09
6.968846482635574830e+03 3.339003620000000000e+09
6.991974062987370417e+03 8.628528300000000000e+07
6.974310221428037039e+03 1.041472937000000000e+09
7.009319569657860484e+03 3.781210120000000000e+09
6.937883854204902491e+03 1.835637180000000000e+08
6.973912970885594405e+03 1.898688050000000000e+08
6.987324271291307014e+03 2.164655453000000000e+09
7.001164860070829491e+03 1.906013816000000000e+09
6.970240911929306094e+03 1.437844914000000000e+09
6.996362073244262319e+03 1.117018812000000000e+09
6.977337634796095699e+03 1.111236925000000000e+09
6.994896603995241094e+03 2.337383066000000000e+09
6.986472774920048323e+03 1.832920730000000000e+09
6.977867600353883972e+03 3.968139970000000000e+09
6.973209370090726225e+03 1.981446801000000000e+09
7.002232169756409348e+03 1.149911540000000000e+09
6.957747702376760571e+03 3.395439823000000000e+09
6.997611021216466725e+03 1.482274797000000000e+09
6.964960606060794817e+03 3.569390540000000000e+09
6.992648945731449203e+03 3.912815734000000000e+09
6.982552572194668755e+03 1.409095066000000000e+09
7.002731255653873632e+03 5.766491670000000000e+08
7.004503242491609853e+03 3.411151913000000000e+09
6.997390828816554858e+03 3.145340694000000000e+09
7.003771666275817552e+03 2.419503144000000000e+09
7.005693273250321909e+03 3.677962349000000000e+09
6.974218806622890042e+03 1.307584111000000000e+09
6.970288811742088001e+03 3.081701495000000000e+09
6.990461322753674722e+03 3.236776262000000000e+09
7.023600377418173593e+03 1.578718891000000000e+09
6.969490819273498346e+03 9.523495780000000000e+08
6.993356493907215736e+03 2.417000126000000000e+09
6.961898328739847784e+03 1.792487190000000000e+08
6.964286300218188444e+03 4.084954322000000000e+09
6.987031481524409173e+03 1.831978918000000000e+09
6.970015519356435107e+03 2.068934490000000000e+08
6.986416886054838869e+03 2.550275790000000000e+08
6.997350850137996531e+03 2.438553220000000000e+08
6.989181387761175756e+03 5.312524500000000000e+07
6.981517434235484870e+03 6.833918840000000000e+08
6.974974464925842767e+03 3.217049318000000000e+09
6.960474506908038165e+03 2.389094879000000000e+09
6.956141722357093386e+03 1.167812391000000000e+09
6.967105136940484954e+03 1.365467417000000000e+09
6.984071691735160130e+03 2.442695750000000000e+08
6.968947422513948368e+03 2.674485431000000000e+09
6.996770296286358644e+03 1.736743365000000000e+09
6.980592728429598537e+03 2.687392073000000000e+09
6.972760972123014653e+03 4.105439700000000000e+08
6.970372450427623335e+03 1.678684247000000000e+09
6.970019039354507186e+03 9.687235810000000000e+08
6.981992699831306709e+03 1.081448482000000000e+09
7.011007937875570860e+03 3.135302070000000000e+09
6.952653498039268925e+03 8.355078200000000000e+07
6.960685012735522832e+03 3.126257393000000000e+09
6.980056001244220170e+03 9.413300570000000000e+08
6.963115669619139226e+03 2.165208717000000000e+09
7.008919723764744958e+03 3.824816903000000000e+09
6.974679487717484335e+03 3.758437588000000000e+09
6.975824978767782341e+03 6.983302450000000000e+08
6.975775004573912156e+03 5.970630470000000000e+08
6.976627786003074107e+03 3.612693552000000000e+09
6.995370669170328256e+03 3.147264890000000000e+08
6.998069708058526885e+03 6.164939620000000000e+08
6.938448554274174967e+03 2.883591216000000000e+09
6.990108009105460951e+03 1.373761511000000000e+09
6.991316094068028178e+03 3.818907927000000000e+09
6.989769027096948776e+03 4.191284018000000000e+09
6.947604104697611547e+03 4.142988762000000000e+09
6.946815201089505535e+03 2.373694567000000000e+09
6.975125882471602381e+03 3.494981841000000000e+09
6.984002002640308092e+03 4.290937419000000000e+09
6.959972237450831926e+03 2.165388760000000000e+08
6.977184316695836969e+03 4.854385590000000000e+08
6.958350966444310870e+03 2.014840310000000000e+08
6.966974397664910612e+03 2.889774567000000000e+09
6.976560469203028333e+03 1.898076112000000000e+09
6.962230651866807420e+03 3.135674055000000000e+09
6.963858471994724823e+03 1.826966227000000000e+09
6.969096770424736860e+03 9.791847630000000000e+08
6.965630962536547486e+03 2.771575830000000000e+09
6.966755213936228756e+03 1.080345102000000000e+09
6.959467377842361202e+03 3.772173098000000000e+09
6.989542498639867517e+03 9.619822400000000000e+08
6.950603335304840584e+03 3.577075010000000000e+09
6.967062724231740503e+03 3.476006300000000000e+09
6.958855952368861836e+03 1.415760873000000000e+09
6.948076047502049732e+03 1.455602040000000000e+08
6.971890814311012946e+03 2.849160221000000000e+09
6.981442291474342710e+03 9.609641310000000000e+08
6.992827881197917122e+03 3.934033078000000000e+09
6.970558339290249933e+03 3.204323252000000000e+09
6.941558295820661442e+03 1.316051569000000000e+09
6.990924180486579644e+03 1.445726172000000000e+09
6.980336140486747354e+03 3.526623633000000000e+09
7.005616401397774098e+03 2.623631429000000000e+09
6.993151251419390974e+03 1.950069965000000000e+09
6.990036738994202096e+03 2.845072393000000000e+09
6.977757896029638687e+03 2.948572152000000000e+09
6.995720958564918874e+03 4.115811385000000000e+09
6.980489934501045354e+03 2.979689836000000000e+09
6.998285268207452646e+03 4.733215980000000000e+08
6.980911218562111571e+03 3.297211650000000000e+09
6.967999038790509985e+03 2.753666385000000000e+09
6.956479713989518132e+03 2.635674316000000000e+09
6.959179880266483451e+03 1.642613962000000000e+09
6.955532120910545927e+03 2.366335840000000000e+08
6.966598414334186600e+03 3.319104643000000000e+09
6.973429472032823469e+03 7.521660700000000000e+07
6.950594854261225009e+03 4.285790729000000000e+09
6.957660768350258877e+03 3.520748558000000000e+09
6.944454019165531463e+03 1.330873438000000000e+09
6.931157714395413677e+03 3.918734236000000000e+09
6.979223838021778647e+03 3.528714609000000000e+09
6.964980686558039451e+03 2.049589580000000000e+09
6.963355363788146860e+03 3.971981610000000000e+08
7.007040305920572791e+03 2.231981258000000000e+09
7.006341327430598540e+03 3.780555843000000000e+09
6.980522603091050769e+03 2.018822643000000000e+09
6.998818753483074033e+03 3.737325999000000000e+09
6.975389991997984907e+03 2.496709220000000000e+09
7.003560982742869783e+03 1.601527811000000000e+09
6.957787531098689215e+03 2.860807682000000000e+09
6.981270969562336177e+03 1.119455150000000000e+09
6.994185988188398369e+03 1.089808948000000000e+09
6.978420628188016963e+03 3.424814027000000000e+09
6.946214369620682191e+03 4.674729900000000000e+07
6.980819747994257341e+03 2.883599060000000000e+08
6.967559084229053042e+03 2.680277850000000000e+08
6.984883582188340370e+03 2.351774884000000000e+09
7.025081463677700413e+03 3.168969781000000000e+09
6.988204450798220023e+03 3.075321536000000000e+09
6.979410967701654954e+03 2.942131436000000000e+09
6.969296272929915176e+03 3.427305358000000000e+09
6.966369760370682343e+03 3.592862045000000000e+09
6.988531705677532045e+03 1.151067616000000000e+09
6.971095566433998101e+03 1.653185018000000000e+09
6.963524460252821882e+03 3.821173127000000000e+09
6.990546045353692534e+03 8.823261360000000000e+08
6.946448366765236642e+03 5.951984360000000000e+08
6.986740232225023647e+03 1.328487540000000000e+08
6.965289219865982886e+03 2.714510728000000000e+09
6.988913897247700334e+03 1.006710921000000000e+09
6.974095784128807281e+03 1.037008768000000000e+09
6.989674262119962805e+03 1.873424734000000000e+09
6.960845679277722411e+03 3.541858458000000000e+09
6.971198295077545481e+03 3.897984992000000000e+09
6.993626126910279709e+03 4.013562075000000000e+09
6.948331538875672777e+03 3.758587129000000000e+09
6.973245140922951578e+03 3.281142784000000000e+09
6.945508838360759910e+03 1.472350128000000000e+09
7.001321684057667881e+03 1.904437092000000000e+09
6.971856969567539636e+03 3.427275681000000000e+09
6.971064469565837499e+03 2.519736162000000000e+09
6.966900917714694515e+03 3.914832300000000000e+08
6.970421652886056108e+03 3.574533095000000000e+09
6.958884843916981481e+03 1.978426165000000000e+09
6.980395252943131709e+03 1.338366141000000000e+09
6.966989183379319911e+03 2.573720184000000000e+09
6.997582577720091649e+03 1.507133051000000000e+09
6.986194383746485073e+03 1.684162501000000000e+09
6.922947245205199579e+03 2.882826653000000000e+09
7.008159151048540480e+03 4.230467872000000000e+09
6.983380858410650035e+03 1.102530982000000000e+09
6.980003870977322549e+03 2.990105753000000000e+09
6.988809437746747790e+03 9.032273370000000000e+08
6.951525210635469193e+03 6.437900230000000000e+08
6.976460006441141559e+03 8.441336460000000000e+08
6.994304704662991753e+03 3.288678946000000000e+09
7.011521298383816429e+03 4.124258582000000000e+09
7.018581868095728169e+03 4.036515442000000000e+09
6.968455181634011751e+03 3.348727734000000000e+09
7.005081436147761451e+03 4.189652681000000000e+09
6.981968428844927985e+03 4.773731830000000000e+08
6.990599826993247916e+03 2.989267797000000000e+09
7.013111588889452833e+03 2.030363076000000000e+09
6.992133679853849571e+03 2.427006270000000000e+09
6.996759687816850601e+03 1.793812103000000000e+09
6.975007647979637113e+03 2.647828140000000000e+08
6.939213764015355991e+03 2.539997169000000000e+09
6.955605846212839424e+03 3.203172496000000000e+09
6.964002080039660541e+03 1.255166232000000000e+09
6.997116136883904801e+03 3.665787717000000000e+09
6.989791898998599208e+03 4.248915068000000000e+09
6.994309304512065864e+03 1.798607347000000000e+09
7.001997112656019453e+03 7.980165860000000000e+08
7.007637221252145537e+03 7.519810350000000000e+08
6.947614113709652884e+03 1.731507724000000000e+09
6.985550719891657536e+03 1.697877511000000000e+09
6.969188746341293154e+03 2.040659093000000000e+09
6.972647431039066760e+03 4.946436000000000000e+06
6.973794179564855767e+03 1.330398031000000000e+09
6.964180349738104269e+03 1.574014329000000000e+09
6.965066447234195039e+03 2.473612693000000000e+09
7.008890114870264370e+03 1.132060188000000000e+09
6.951558150329264208e+03 1.379059280000000000e+09
6.968100291409257807e+03 6.264382100000000000e+07
6.966212201096341232e+03 3.290278141000000000e+09
6.940192342697928325e+03 3.683271528000000000e+09
6.981686906208229630e+03 2.007928442000000000e+09
7.005908656682040601e+03 3.325508039000000000e+09
6.971191203882945047e+03 3.874782578000000000e+09
6.970303688548587161e+03 2.963697954000000000e+09
6.988218543873629642e+03 2.667702515000000000e+09
6.988213669139116064e+03 1.492907026000000000e+09
6.961905699176222697e+03 4.208184808000000000e+09
6.990792977673158020e+03 2.075831971000000000e+09
6.959490477645740611e+03 7.555392500000000000e+07
6.987385665729220818e+03 1.813362807000000000e+09
6.995093360511536957e+03 1.818504990000000000e+08
6.981752758128901405e+03 3.502456790000000000e+09
6.984500604790197031e+03 2.360576275000000000e+09
6.972319882424128082e+03 7.594994450000000000e+08
6.956522798309058089e+03 4.558204210000000000e+08
7.009920008836406851e+03 1.175886948000000000e+09
