# Lens_likelihood 	 seed
6.638190750778765505e+03 2.291503976000000000e+09
6.615047097325479626e+03 1.427988189000000000e+09
6.623766127353825141e+03 3.809283445000000000e+09
6.574223150372969030e+03 4.563166950000000000e+08
6.608988398774414236e+03 2.370913522000000000e+09
6.581461053914578770e+03 1.166513736000000000e+09
6.647121213307089420e+03 4.138002552000000000e+09
6.502216427409915013e+03 7.322684220000000000e+08
6.591166289753824458e+03 1.842906750000000000e+08
6.533521099917024912e+03 2.966892603000000000e+09
6.498212690427480993e+03 3.289033572000000000e+09
6.588648341874567450e+03 2.992736570000000000e+08
6.588926025464366830e+03 3.730747466000000000e+09
6.530364244724404671e+03 3.652827669000000000e+09
6.603594197730264568e+03 2.119379176000000000e+09
6.517507037746828246e+03 1.730300920000000000e+09
6.587152858354375894e+03 3.280985500000000000e+08
6.554111366560438000e+03 4.176583310000000000e+08
6.518568659351398310e+03 2.559549134000000000e+09
6.594314316656707888e+03 2.399973109000000000e+09
6.570881103038093897e+03 1.882873303000000000e+09
6.578617091430351138e+03 5.172189780000000000e+08
6.580973486893210975e+03 4.023717026000000000e+09
6.659484984224852269e+03 1.275594279000000000e+09
6.584430239632474695e+03 2.397975408000000000e+09
6.620233923719313680e+03 9.841677340000000000e+08
6.596553006625188573e+03 2.921647680000000000e+09
6.555461828649142262e+03 1.644776604000000000e+09
6.625556151426677388e+03 2.700656621000000000e+09
6.568283068725060730e+03 2.661861799000000000e+09
6.620709476757903758e+03 2.027527191000000000e+09
6.606110880869969151e+03 1.169322044000000000e+09
6.523388603594978122e+03 4.282312210000000000e+09
6.576166358941280123e+03 8.650710680000000000e+08
6.523561062636452334e+03 1.079652756000000000e+09
6.620746578770068481e+03 3.556492391000000000e+09
6.628453619627376611e+03 2.395902727000000000e+09
6.540729902463532198e+03 3.930508992000000000e+09
6.582523409913849719e+03 2.168447011000000000e+09
6.583110812693052139e+03 2.059313846000000000e+09
6.627873956592560717e+03 3.867302175000000000e+09
6.542898614615349288e+03 3.873909540000000000e+08
6.566869325819885489e+03 3.738934722000000000e+09
6.526392239810523279e+03 3.618225396000000000e+09
6.574186918640537442e+03 2.385642514000000000e+09
6.609490384320846715e+03 2.346809800000000000e+09
6.612869442142438857e+03 1.097221857000000000e+09
6.659551005509764764e+03 1.127235413000000000e+09
6.573442321225053092e+03 6.982127090000000000e+08
6.482422943680215212e+03 1.576279879000000000e+09
6.623482297961618315e+03 1.935375682000000000e+09
6.555557262297465059e+03 9.592646100000000000e+08
6.625687473490097545e+03 1.651179664000000000e+09
6.613124776003563966e+03 2.903839625000000000e+09
6.575142881036290419e+03 4.730341790000000000e+08
6.580172511864255284e+03 2.338683881000000000e+09
6.600091763585718581e+03 2.564833414000000000e+09
6.542455644565068724e+03 2.886707511000000000e+09
6.590281949500187693e+03 3.584969094000000000e+09
6.522022803798960922e+03 1.062394413000000000e+09
6.647447801967022315e+03 2.690577188000000000e+09
6.614046387897213208e+03 3.556096059000000000e+09
6.535095974016231594e+03 2.038328962000000000e+09
6.600882377364886452e+03 1.942292437000000000e+09
6.618373191540966218e+03 3.750621721000000000e+09
6.582833010617448963e+03 3.977334216000000000e+09
6.602513446566001221e+03 4.117025880000000000e+08
6.538182414488366703e+03 1.280180006000000000e+09
6.628580898797237751e+03 4.082467966000000000e+09
6.538955882616748568e+03 1.459895496000000000e+09
6.572421531809277440e+03 3.028267675000000000e+09
6.475184343259581510e+03 2.425065094000000000e+09
6.572048661876098777e+03 4.199322756000000000e+09
6.623308278486172640e+03 1.586908644000000000e+09
6.625207996049430221e+03 7.617733050000000000e+08
6.580163801123610938e+03 2.060449755000000000e+09
6.610117473219312160e+03 2.253734618000000000e+09
6.533563833709198661e+03 1.482981664000000000e+09
6.487212184120032362e+03 3.646020972000000000e+09
6.554474942788337103e+03 4.087568268000000000e+09
6.553178104525168237e+03 4.048985320000000000e+09
6.558843035885291101e+03 1.785525993000000000e+09
6.562710355612000058e+03 3.610140178000000000e+09
6.632820049528759228e+03 1.840870270000000000e+08
6.579880837350296133e+03 4.266473185000000000e+09
6.565441629932679461e+03 8.846610290000000000e+08
6.493401357368671597e+03 3.430363222000000000e+09
6.516195394007069808e+03 1.027103895000000000e+09
6.537915470107047440e+03 2.032653409000000000e+09
6.567060488647978673e+03 3.418802453000000000e+09
6.465988512265523241e+03 1.363676300000000000e+09
6.589861650660954183e+03 3.610392856000000000e+09
6.590431987278834640e+03 2.985103442000000000e+09
6.609931894008856034e+03 3.127023442000000000e+09
6.584513053267432042e+03 2.598457666000000000e+09
6.582073577721167567e+03 2.927654787000000000e+09
6.571770749148807226e+03 3.986801411000000000e+09
6.632266171923076399e+03 6.550075990000000000e+08
6.601262587680297656e+03 3.543624066000000000e+09
6.500133747225483603e+03 2.295906579000000000e+09
6.604989946620671617e+03 5.488878190000000000e+08
6.586629867917334195e+03 2.489606428000000000e+09
6.585621035433188808e+03 3.235904014000000000e+09
6.552226959859719500e+03 2.242759840000000000e+08
6.589297559153482325e+03 2.791482570000000000e+08
6.611894228440765801e+03 1.088902910000000000e+09
6.603026184379405095e+03 1.405026878000000000e+09
6.630936428347376932e+03 1.948138109000000000e+09
6.547477923073727652e+03 2.045428729000000000e+09
6.610142208515540915e+03 1.676411526000000000e+09
6.526191243621207832e+03 1.468348128000000000e+09
6.592062110300823406e+03 8.002737570000000000e+08
6.498478902273271160e+03 5.287346300000000000e+08
6.515883169586695658e+03 3.071280812000000000e+09
6.595337861476038597e+03 2.415983920000000000e+08
6.601805028323826264e+03 3.568133972000000000e+09
6.608660117774180435e+03 3.844045470000000000e+09
6.560163477478747154e+03 1.359514294000000000e+09
6.549611163393314200e+03 2.040122439000000000e+09
6.561777021167179555e+03 6.683170200000000000e+08
6.624637812672905056e+03 2.580990552000000000e+09
6.611510455794050358e+03 3.717888202000000000e+09
6.563323650188623105e+03 2.419213426000000000e+09
6.544498272875519433e+03 2.048437669000000000e+09
6.593961836747545931e+03 3.963928093000000000e+09
6.534138322126368621e+03 5.945227640000000000e+08
6.541635650296658241e+03 3.499516475000000000e+09
6.570804139889582984e+03 1.704717128000000000e+09
6.555226910652319020e+03 3.650617773000000000e+09
6.538510158788779336e+03 1.011571357000000000e+09
6.592694782950222361e+03 3.941831660000000000e+09
6.598073487283285431e+03 1.937934029000000000e+09
6.607215889369155775e+03 1.205050723000000000e+09
6.614890992652932255e+03 3.686776111000000000e+09
6.601254544699315375e+03 1.657872853000000000e+09
6.505848485498558148e+03 2.501883756000000000e+09
6.574324142607170870e+03 2.968306811000000000e+09
6.590502809041903674e+03 3.025676554000000000e+09
6.584008041171598961e+03 3.548258406000000000e+09
6.584240627317079088e+03 1.041136130000000000e+08
6.560410071693633654e+03 3.979405653000000000e+09
6.634070886665193029e+03 3.280259876000000000e+09
6.642282681335580492e+03 6.268915050000000000e+08
6.553867822621414234e+03 3.640310812000000000e+09
6.548694544154104733e+03 1.306936450000000000e+08
6.623718395664260242e+03 1.129048392000000000e+09
6.551222048823126897e+03 2.805722621000000000e+09
6.591519111709112622e+03 1.604862823000000000e+09
6.564440911576042708e+03 2.896762169000000000e+09
6.629960152504125290e+03 4.172788104000000000e+09
6.602701473108019854e+03 3.588942087000000000e+09
6.591284778945599101e+03 3.573567580000000000e+08
6.605635592028325846e+03 1.937713891000000000e+09
6.637296784465916062e+03 1.496707910000000000e+08
6.563427234549285458e+03 3.853237976000000000e+09
6.579099097536210138e+03 2.838165400000000000e+08
6.615324258923033995e+03 4.161186838000000000e+09
6.572075087127009283e+03 1.087024052000000000e+09
6.652941976596578570e+03 9.001366070000000000e+08
6.609461940557330308e+03 2.331817150000000000e+09
6.558083100861939783e+03 3.356357719000000000e+09
6.602270250968851542e+03 1.110789400000000000e+07
6.635645600654395821e+03 2.153570674000000000e+09
6.549074124684117123e+03 3.605101818000000000e+09
6.522182354219938134e+03 1.700626393000000000e+09
6.565523656369616219e+03 2.094120797000000000e+09
6.575460260753734474e+03 2.418678562000000000e+09
6.541883629030562588e+03 1.610015741000000000e+09
6.499490038105437634e+03 3.118881229000000000e+09
6.645011577206229049e+03 3.100494287000000000e+09
6.644999101654955666e+03 3.488041277000000000e+09
6.613515200663948235e+03 1.570459983000000000e+09
6.495175707685936686e+03 3.072758411000000000e+09
6.563307926850266995e+03 2.657063686000000000e+09
6.587307364779273485e+03 5.176085700000000000e+07
6.616216914642718621e+03 1.750312321000000000e+09
6.615191662692482168e+03 3.320195283000000000e+09
6.634137016387642689e+03 2.335228100000000000e+08
6.590146891651127589e+03 1.257431864000000000e+09
6.515903998098125157e+03 1.984313747000000000e+09
6.582157499006234502e+03 2.513332976000000000e+09
6.575731885813454937e+03 5.344254720000000000e+08
6.611951697183000761e+03 2.188346216000000000e+09
6.578247688842205207e+03 1.785331324000000000e+09
6.544419507939384857e+03 3.127077685000000000e+09
6.651852014696110928e+03 3.466833569000000000e+09
6.626376623404483325e+03 3.060008181000000000e+09
6.583207795734430874e+03 2.986976370000000000e+08
6.607366977084217979e+03 1.637009630000000000e+08
6.607218285265404120e+03 1.138966806000000000e+09
6.565300717722115223e+03 2.324095289000000000e+09
6.521559726170909016e+03 2.514933428000000000e+09
6.552230752588270661e+03 2.284914548000000000e+09
6.570353176505086594e+03 4.214976260000000000e+08
6.564131957367188079e+03 2.264138300000000000e+09
6.642964750598106548e+03 1.716019191000000000e+09
6.506620470807767560e+03 1.908505060000000000e+08
6.583743461846391256e+03 3.889097063000000000e+09
6.572460997417029830e+03 2.768286790000000000e+09
6.593646501029530555e+03 1.419791017000000000e+09
6.641091062416489876e+03 6.763096320000000000e+08
6.571598084224473496e+03 3.596637098000000000e+09
6.586303630149353921e+03 8.227157840000000000e+08
6.552874129951847863e+03 2.705801184000000000e+09
6.566590569002983102e+03 9.193431180000000000e+08
6.604257212670682748e+03 1.961851008000000000e+09
6.624664610160953089e+03 1.370835188000000000e+09
6.642013962609940791e+03 1.251061244000000000e+09
6.563391276061583085e+03 4.086709861000000000e+09
6.593365992059072596e+03 9.292818140000000000e+08
6.626542118981981730e+03 3.771390642000000000e+09
6.513852294221942429e+03 8.690828980000000000e+08
6.635409555052617179e+03 1.390812460000000000e+09
6.566739421258131188e+03 2.483058499000000000e+09
6.531388187784141337e+03 1.895035214000000000e+09
6.610811892701472061e+03 2.610873549000000000e+09
6.520043403444436080e+03 1.945318418000000000e+09
6.584842268306623737e+03 3.051471232000000000e+09
6.511988381763962025e+03 3.479541466000000000e+09
6.537717559786895436e+03 1.162174320000000000e+08
6.568286839124138169e+03 2.577711348000000000e+09
6.549333255504126100e+03 1.946430267000000000e+09
6.516176315473655450e+03 1.522831680000000000e+09
6.568878338465267916e+03 2.259201855000000000e+09
6.640105095756453920e+03 1.903593895000000000e+09
6.545112848446940916e+03 7.313005090000000000e+08
6.581681130601162295e+03 4.013709082000000000e+09
6.560090249241877245e+03 1.862859242000000000e+09
6.560175041564969433e+03 3.367451511000000000e+09
6.614597119625881533e+03 1.453283666000000000e+09
6.592844319928683035e+03 1.331380446000000000e+09
6.597017350811314827e+03 2.573871709000000000e+09
6.562875928245870455e+03 1.821694489000000000e+09
6.579932031520223973e+03 1.262920473000000000e+09
6.626927632037374678e+03 2.248406718000000000e+09
6.610764160881985845e+03 2.502769817000000000e+09
6.574988507967127589e+03 2.059131635000000000e+09
6.536393991296316926e+03 1.165930651000000000e+09
6.576113617495264407e+03 1.398076361000000000e+09
6.574919642978731645e+03 8.405943280000000000e+08
6.589640290807918973e+03 4.049730473000000000e+09
6.576469233053498101e+03 8.323731600000000000e+08
6.619802492097084723e+03 9.270557430000000000e+08
6.593064261701505529e+03 3.613306512000000000e+09
6.603826117006648019e+03 3.880002011000000000e+09
6.591781879081559964e+03 1.638405628000000000e+09
6.604160167216839000e+03 2.192496810000000000e+09
6.619215490054335532e+03 1.726592080000000000e+08
6.548194844379026108e+03 2.558062468000000000e+09
6.575614461015215056e+03 2.249135516000000000e+09
6.591820687645262296e+03 4.182276613000000000e+09
6.523256356268593663e+03 3.096502690000000000e+08
6.591275266201861996e+03 4.000132950000000000e+08
6.608594203267602097e+03 1.904317040000000000e+09
6.648642806172703786e+03 1.264045005000000000e+09
6.589867750579241147e+03 1.858422778000000000e+09
6.576561749696292281e+03 3.386920790000000000e+08
6.624766067016709712e+03 1.938136578000000000e+09
6.616255568288053837e+03 4.007790476000000000e+09
6.548777284862910165e+03 2.582784699000000000e+09
6.637808213615588102e+03 5.707182400000000000e+08
6.620851159870828269e+03 2.508081455000000000e+09
6.543296447110330519e+03 4.496053480000000000e+08
6.565603075325850114e+03 1.877629640000000000e+08
6.622537989568851117e+03 1.726135389000000000e+09
6.604566825328794039e+03 9.354605650000000000e+08
6.549158795991496845e+03 1.877454186000000000e+09
6.613317463830017914e+03 3.726521799000000000e+09
6.529552925046735254e+03 4.619216760000000000e+08
6.584827257878121600e+03 1.518841946000000000e+09
6.588444331276032244e+03 8.811167160000000000e+08
6.623725391867115832e+03 2.346167430000000000e+09
6.560300432084321983e+03 1.457560230000000000e+08
6.575544628787512011e+03 1.430578940000000000e+08
6.602030564865739507e+03 1.058607170000000000e+09
6.586649801513036437e+03 2.104955550000000000e+08
6.570488629848099663e+03 1.694617037000000000e+09
6.550995881729842040e+03 1.229674415000000000e+09
6.547307777180173616e+03 4.196435665000000000e+09
6.553769385526678889e+03 4.068278061000000000e+09
6.547217477842292283e+03 3.222702858000000000e+09
6.549803028186608572e+03 4.248907026000000000e+09
6.546455737626346490e+03 4.121201733000000000e+09
6.577567460659823155e+03 9.460133880000000000e+08
6.596011934248554098e+03 2.694872581000000000e+09
6.498696807818818343e+03 1.465930799000000000e+09
6.524133508889308359e+03 3.986128033000000000e+09
6.591790466123763508e+03 1.939374067000000000e+09
6.565035992692872242e+03 1.537843469000000000e+09
6.581658697410239256e+03 8.223889000000000000e+06
6.587165465379004672e+03 2.394919791000000000e+09
6.563574263162450734e+03 1.024435268000000000e+09
6.546856155275006131e+03 1.716635770000000000e+09
6.545702552056156492e+03 9.822698340000000000e+08
6.596827665436038842e+03 3.197378280000000000e+08
6.573241635422678883e+03 1.475302903000000000e+09
6.475816886491412333e+03 2.984338706000000000e+09
6.546989744033271563e+03 3.513518641000000000e+09
6.527363275808960680e+03 4.586056520000000000e+08
6.516847112772273249e+03 7.450784440000000000e+08
6.577923533745520217e+03 6.300450060000000000e+08
6.601069957639207132e+03 2.364678653000000000e+09
6.577055655799583292e+03 3.470531257000000000e+09
6.622806575387427074e+03 3.131301300000000000e+08
6.536549917957614525e+03 2.722633931000000000e+09
6.585971197764656608e+03 3.905118443000000000e+09
6.555924308162402667e+03 3.303160655000000000e+09
6.573348871681031596e+03 1.738278253000000000e+09
6.576252867653959584e+03 3.207933675000000000e+09
6.541661055339039194e+03 3.030540656000000000e+09
6.587738715026749560e+03 3.844772623000000000e+09
6.624076435421162387e+03 1.307619308000000000e+09
6.607133013707956707e+03 3.420553449000000000e+09
6.542869560859716330e+03 4.150595869000000000e+09
6.603984361584793078e+03 4.178177610000000000e+08
6.549735420017692377e+03 1.953511426000000000e+09
6.623760961667240736e+03 2.135205130000000000e+08
6.591285854313315212e+03 3.570820330000000000e+09
6.549872065635227045e+03 2.013548123000000000e+09
6.541802672537502076e+03 1.883190353000000000e+09
6.616956355990058910e+03 5.310465200000000000e+08
6.575830944498215104e+03 5.212947080000000000e+08
6.559046264732366581e+03 1.210697650000000000e+08
6.509667174031837021e+03 1.161892225000000000e+09
6.527694375336464873e+03 9.746618560000000000e+08
6.615525345403530991e+03 4.260926210000000000e+09
6.597421882043154255e+03 3.245006462000000000e+09
6.558779201433781054e+03 9.021111040000000000e+08
6.525849645894848436e+03 4.248596561000000000e+09
6.561542139651481193e+03 1.233155160000000000e+09
6.559681523733996983e+03 4.079278524000000000e+09
6.558642331974867375e+03 4.027504259000000000e+09
6.616053451663728993e+03 9.627130650000000000e+08
6.588514297749474281e+03 2.639740563000000000e+09
6.538379414396860739e+03 4.004842531000000000e+09
6.658089600253898425e+03 2.593084820000000000e+08
6.599195297686868798e+03 3.009549841000000000e+09
6.621715055997368836e+03 4.203087115000000000e+09
6.548649874891685613e+03 4.157495684000000000e+09
6.630092469518514918e+03 1.560253600000000000e+08
6.565742060685679462e+03 3.146705811000000000e+09
6.581921937834757045e+03 2.440532727000000000e+09
6.579032705812429413e+03 8.074013360000000000e+08
6.635409323022728131e+03 3.504726437000000000e+09
6.628361492574242220e+03 3.179012856000000000e+09
6.590885938000544229e+03 3.195367305000000000e+09
6.596448781235649221e+03 7.197253400000000000e+07
6.581595642952745038e+03 2.016480652000000000e+09
6.604955087650509086e+03 3.486472471000000000e+09
6.605727148736213167e+03 2.704579343000000000e+09
