# Lens_likelihood 	 seed
-1.066407421752244773e+03 1.576678134000000000e+09
2.381568024222662643e+03 1.189467489000000000e+09
-2.576843916640609677e+02 1.424793001000000000e+09
2.054662401912531095e+03 1.952745930000000000e+08
2.571045816741999261e+03 2.862251330000000000e+08
2.683473431614638685e+02 2.930614080000000000e+09
1.419494936032248916e+03 2.145312510000000000e+08
1.322744506278155313e+03 2.896423883000000000e+09
1.231911359322584758e+03 2.644263613000000000e+09
3.514588630421749258e+02 2.788217524000000000e+09
1.288264776134932617e+03 3.625451842000000000e+09
-4.433511467731550511e+02 1.123836905000000000e+09
1.444513032433533226e+02 6.102691140000000000e+08
1.820516350434179003e+03 9.248310900000000000e+08
1.092256009261891450e+02 2.584683333000000000e+09
1.155501763724740158e+03 1.813151805000000000e+09
1.877712975138902038e+03 1.992143061000000000e+09
-5.706994629953242111e+02 2.440471894000000000e+09
1.634169701160461045e+03 2.121394504000000000e+09
1.415742835323677355e+03 3.028628805000000000e+09
7.765760081465286930e+02 1.213635546000000000e+09
1.027323335890858289e+03 5.540675200000000000e+08
4.767958262443407875e+02 3.925746848000000000e+09
1.513010871263168156e+03 2.248505867000000000e+09
7.064092804970905490e+02 3.518719640000000000e+09
1.860738009468529526e+03 4.292535403000000000e+09
1.858816064006002307e+03 2.904719867000000000e+09
2.302989515802879396e+03 8.465916940000000000e+08
2.692368981299570805e+03 1.841879065000000000e+09
3.605398118356803025e+03 3.456199640000000000e+09
-8.172974838098707551e+02 6.702755710000000000e+08
2.279933728204576255e+03 3.699454640000000000e+08
2.043829349118806022e+03 4.285899360000000000e+09
-1.388131221281282706e+03 1.673407855000000000e+09
-1.235832955083760680e+03 5.391570870000000000e+08
1.627831616737412332e+03 3.113954900000000000e+07
9.078766525009905308e+02 3.935863520000000000e+09
3.796796571098138884e+02 2.571517543000000000e+09
2.229146021833919804e+03 8.577592900000000000e+07
1.377642980426260692e+03 2.670080921000000000e+09
2.220800256181717486e+03 2.499055445000000000e+09
1.813220398908317293e+03 4.743821750000000000e+08
1.203884016395453727e+03 1.103959730000000000e+08
7.289581938128676484e+02 2.277661230000000000e+08
3.142323777186878033e+03 1.346996218000000000e+09
1.012374666410734790e+03 3.853984770000000000e+08
5.223980894027099566e+02 1.724946761000000000e+09
1.070366116909806806e+03 3.196750399000000000e+09
9.689045306273510505e+01 1.454647731000000000e+09
-3.102079573741684726e+02 1.572490851000000000e+09
9.569083902120291896e+02 3.137320377000000000e+09
2.111741682410975955e+03 1.341147993000000000e+09
1.149629436961666215e+03 1.689121141000000000e+09
3.825300649073574277e+03 3.979388420000000000e+09
8.114606445071958660e+02 1.558975012000000000e+09
7.403075064751101309e+01 4.047985777000000000e+09
-1.545817734346423094e+03 1.579060454000000000e+09
-6.356071357140790496e+02 1.205780104000000000e+09
7.651470568014565288e+02 3.175574158000000000e+09
3.647863146573399717e+01 2.624632864000000000e+09
1.973595410582454861e+03 6.637343870000000000e+08
-9.967882241131264891e+02 2.398295452000000000e+09
-4.895946670366884064e+02 1.162434547000000000e+09
-6.989670607437619765e+01 3.560518784000000000e+09
-2.729779436580429319e+02 2.805145522000000000e+09
3.868775634205749157e+02 2.327812712000000000e+09
-1.548464320696075447e+01 1.081747123000000000e+09
1.062127507168006559e+02 1.873588159000000000e+09
-6.208242234390309022e+02 1.508239616000000000e+09
1.622075054189353978e+03 6.564729430000000000e+08
3.547273662862859965e+03 6.751010370000000000e+08
2.630102896713120572e+03 2.421630295000000000e+09
3.263252118465798048e+02 4.217589076000000000e+09
-3.069276625687671185e+02 1.160468889000000000e+09
-2.327286519493482047e+02 1.084576305000000000e+09
2.935551697145216167e+03 2.606737318000000000e+09
2.186205092123626855e+03 3.213117869000000000e+09
1.752494309963039996e+03 1.534271340000000000e+08
1.650527399451996644e+03 3.010544928000000000e+09
4.308986360852259168e+03 2.871345925000000000e+09
2.150268355367660661e+03 2.347122174000000000e+09
2.787473015383887287e+03 1.011831010000000000e+09
1.780831772266514236e+03 1.431787304000000000e+09
2.198231571453051401e+03 3.350946417000000000e+09
2.251634050217755430e+03 1.385146809000000000e+09
1.121226680402116472e+03 1.495766647000000000e+09
1.712917486072144129e+03 2.089202426000000000e+09
2.887992332574074680e+03 2.109984279000000000e+09
-1.086469792841808157e+03 3.067879912000000000e+09
2.996473185300885234e+03 1.545271631000000000e+09
2.501798334428860471e+03 4.113706245000000000e+09
-2.180909610837125001e+03 2.074823330000000000e+09
2.560836008387732363e+02 2.804267419000000000e+09
-4.309676764549294603e+00 2.815907668000000000e+09
2.816741715610514802e+02 4.058913050000000000e+09
-8.221095997741576866e+02 3.383515924000000000e+09
2.261945541338003750e+03 1.627046815000000000e+09
8.341992936902124711e+02 1.968731272000000000e+09
1.907554595079302999e+03 4.138908248000000000e+09
2.277780885251208019e+03 2.735811663000000000e+09
9.599249170086741287e+02 2.186742244000000000e+09
-3.881204534285061527e+02 3.731728379000000000e+09
4.259197872172817370e+03 9.934545470000000000e+08
1.306655199615080164e+03 4.145853883000000000e+09
9.275484040805149561e+02 1.137255561000000000e+09
-2.211799385815907954e+03 4.045628050000000000e+09
2.703298267321641106e+03 2.536887116000000000e+09
2.630413023644448003e+03 1.638016334000000000e+09
2.721076303223736431e+03 1.902660356000000000e+09
2.569525080434404117e+03 2.616416470000000000e+08
-1.515053316647683459e+03 3.963833451000000000e+09
2.855522940142401239e+03 3.627981956000000000e+09
1.375399162934048036e+03 3.546916890000000000e+08
1.952964992300107951e+03 2.484062651000000000e+09
2.341917056157642946e+03 1.317996614000000000e+09
1.370967505602824531e+03 2.733348484000000000e+09
1.881293726352053454e+03 3.276997878000000000e+09
1.566150761669453459e+03 3.678511549000000000e+09
1.146005651596662574e+03 3.641699337000000000e+09
2.034122105492926494e+03 2.851672821000000000e+09
2.241121112377761165e+03 1.461511889000000000e+09
3.521560544756439413e+02 7.536032820000000000e+08
3.046409778347512656e+03 2.853438240000000000e+08
1.515954857811581860e+03 3.916964748000000000e+09
1.927615246598248632e+03 3.226512623000000000e+09
-2.729490178451069369e+02 7.447241200000000000e+08
1.059227829997356821e+03 7.303926160000000000e+08
1.983052306862490695e+03 2.798272715000000000e+09
3.640943944811924666e+02 4.014729538000000000e+09
8.454019345474680449e+02 3.552473115000000000e+09
1.847738913022589259e+03 2.282290721000000000e+09
-3.785973680136157782e+01 2.271579371000000000e+09
-2.601034639095601960e+03 4.790238800000000000e+07
2.849983124546661202e+02 3.898663626000000000e+09
1.632597326208158847e+03 4.179486446000000000e+09
1.731386559426347958e+03 1.351679614000000000e+09
3.245572738248232781e+03 5.749043500000000000e+07
1.067675479995979003e+03 4.268881698000000000e+09
8.361387410942661518e+02 2.082242971000000000e+09
1.242199356354515658e+03 2.422704157000000000e+09
1.718601963481238272e+03 3.837290343000000000e+09
-9.482288288109575660e+02 1.146785502000000000e+09
-5.588165848696444300e+02 1.870221310000000000e+09
1.117529585615550786e+03 1.554745171000000000e+09
-6.019564168070974119e+01 4.074932201000000000e+09
3.197108980206206979e+03 2.548844839000000000e+09
2.181340705646411152e+03 2.513602489000000000e+09
5.539340460601915765e+02 1.817280244000000000e+09
4.559860919450595247e+03 1.981180314000000000e+09
1.212315744889961934e+03 4.878938780000000000e+08
-2.144386667628919895e+03 6.556369360000000000e+08
8.987932434304684648e+02 2.306654757000000000e+09
2.295217280298246806e+03 3.443285090000000000e+09
4.526431004591468081e+02 5.797264860000000000e+08
-7.072144396416788368e+02 4.080346436000000000e+09
1.588991177480240367e+03 4.200801454000000000e+09
1.201347265672075082e+03 1.394919752000000000e+09
1.091793909218082263e+03 2.036817612000000000e+09
-1.632541767492948566e+02 3.091370386000000000e+09
1.215164127049135459e+03 3.302010521000000000e+09
3.203714434686612549e+03 6.674944260000000000e+08
1.863705275341162633e+03 7.463649290000000000e+08
1.407694867488060481e+03 1.029795703000000000e+09
2.841099246261539520e+03 2.337227187000000000e+09
1.645355035367164419e+03 1.933198285000000000e+09
2.071257700099576141e+03 9.749021990000000000e+08
1.090464864430758098e+03 2.750782647000000000e+09
3.421326169396008481e+03 5.516270700000000000e+08
9.647449456673721215e+02 1.621957013000000000e+09
2.336482740524905239e+03 3.829333593000000000e+09
4.425884920572264491e+03 3.573688056000000000e+09
6.077812602324183899e+02 5.784799800000000000e+08
-2.603934790078848891e+03 4.154078136000000000e+09
-1.736612067747004403e+03 6.273276970000000000e+08
3.132535120300599374e+01 3.758235506000000000e+09
1.375017571363399838e+03 1.524416400000000000e+08
7.635109391044888980e+02 2.604693501000000000e+09
6.218874196265860519e+02 1.030393967000000000e+09
1.288011486144591800e+03 1.005061873000000000e+09
-1.482109137537914648e+03 2.237049268000000000e+09
1.843291011815880665e+03 8.585087050000000000e+08
2.891782190802497098e+03 5.205246150000000000e+08
2.181886370682074812e+03 4.166652994000000000e+09
2.355360171138740043e+03 1.689313771000000000e+09
1.142234703465242092e+03 2.283007168000000000e+09
4.147139998844446382e+03 1.095603973000000000e+09
1.229760885484502069e+02 5.813498380000000000e+08
7.686536654301207818e+02 6.444701650000000000e+08
1.074846006615490296e+03 1.178808945000000000e+09
5.720551055976739008e+02 3.803825323000000000e+09
1.662008086733892014e+03 1.015209376000000000e+09
-6.112217739237748901e+02 3.862549493000000000e+09
-2.899006230407048861e+02 7.377168930000000000e+08
2.191427129941230305e+03 3.526738824000000000e+09
1.915010183155721279e+03 2.534040706000000000e+09
1.774236407539765423e+03 3.401875807000000000e+09
1.677015713940700152e+02 1.211096108000000000e+09
3.160011316052388793e+03 7.159491000000000000e+08
8.271991069555406284e+01 3.973377090000000000e+09
1.219794312614410046e+03 3.100584740000000000e+08
2.645609753398451176e+03 2.887971181000000000e+09
7.405748720335295729e+02 2.132870929000000000e+09
-6.133379749597133923e+02 3.709425645000000000e+09
7.602887140781494963e+02 3.957378752000000000e+09
2.030226974030030760e+03 4.096817513000000000e+09
7.059252598276898425e+02 3.872718101000000000e+09
1.015120575744075722e+03 1.907443183000000000e+09
5.355590931030592401e+02 2.486024397000000000e+09
1.949322377719763608e+02 3.417183502000000000e+09
4.823628682354628836e+02 9.160511050000000000e+08
-2.796948042611256824e+01 3.679080561000000000e+09
1.160872561478275202e+03 1.600905744000000000e+09
1.469935606237519096e+03 3.105335810000000000e+08
2.938857783468178241e+03 3.475498986000000000e+09
1.980482790475321053e+03 2.087024554000000000e+09
3.042808776612380825e+03 2.487676501000000000e+09
-9.996536260651864723e+02 3.012677780000000000e+09
3.104797041628853549e+03 8.006102860000000000e+08
9.403693887940753484e+02 4.266066410000000000e+09
3.421797890486250253e+03 1.164350000000000000e+08
1.015362238784230613e+03 5.284195180000000000e+08
8.091679587696553426e+02 9.563074300000000000e+08
-5.326793961993553239e+02 3.059004348000000000e+09
2.353701736878656448e+02 2.698412576000000000e+09
1.190880593813069027e+03 4.056266626000000000e+09
1.231562863683588148e+03 4.000595128000000000e+09
2.960688265232095546e+03 2.005816431000000000e+09
-1.353920898551281425e+03 3.777406403000000000e+09
3.439793435827591566e+03 1.476419157000000000e+09
4.400102081805616763e+02 1.983664100000000000e+07
8.379679364191388231e+02 2.558495560000000000e+08
-4.312369134287109773e+02 8.860261150000000000e+08
1.521064560686025288e+03 3.070734230000000000e+08
7.255988115089730854e+02 2.642674581000000000e+09
-8.797390655050203350e+02 3.752228219000000000e+09
6.972005327089900675e+02 1.641913811000000000e+09
3.079247760505285441e+03 3.246284843000000000e+09
1.304763222913175923e+03 4.033778756000000000e+09
4.820054743838363720e+03 1.370169722000000000e+09
2.011342790004771814e+03 9.902819640000000000e+08
1.096056199285699222e+03 1.113119749000000000e+09
7.566245983521048402e+02 1.602157878000000000e+09
1.338987521154092974e+03 3.889839488000000000e+09
-1.418689528125216384e+03 2.420885853000000000e+09
3.820666783253521317e+03 2.269226570000000000e+08
2.159083779747476001e+03 2.215508227000000000e+09
1.182344306605583370e+03 9.156048800000000000e+08
9.932497477659671858e+01 2.566083858000000000e+09
7.203290665178974450e+01 2.697243261000000000e+09
1.955931788463718476e+03 1.093340502000000000e+09
3.089566844125634816e+03 4.346003000000000000e+07
-1.691657862095844393e+03 1.230387460000000000e+09
2.007317672727449462e+02 1.442336910000000000e+09
1.034060458213259153e+03 3.795895000000000000e+06
-6.879541109617275652e+02 3.574206356000000000e+09
7.451734242838274440e+02 2.912712904000000000e+09
1.117201015909144189e+03 3.228844271000000000e+09
7.610837250668655543e+02 2.501797534000000000e+09
6.692008585185694756e+02 3.110936153000000000e+09
1.825055786563872061e+03 2.789058347000000000e+09
2.468744027718431425e+03 1.643917454000000000e+09
-3.997495712408654072e+02 3.782820612000000000e+09
3.377697262367662915e+03 3.229798530000000000e+08
1.660142694717742415e+03 2.650535435000000000e+09
5.751817398836055872e+02 1.179665934000000000e+09
1.737538719917837625e+03 6.375895810000000000e+08
-8.564100906357452914e+01 2.068344546000000000e+09
1.207719392439301373e+03 2.934013678000000000e+09
-3.750785114553837047e+02 2.626183970000000000e+08
2.568830714482558506e+03 4.285508135000000000e+09
4.057005051224605268e+02 3.432510244000000000e+09
1.230821919145561878e+03 2.470540350000000000e+08
3.642165760188450804e+03 3.146242280000000000e+08
2.079802816735800661e+02 3.009571070000000000e+08
3.314483169614912185e+03 4.272136120000000000e+08
1.350530502401154990e+03 3.296515428000000000e+09
1.101976080279522648e+03 2.767378411000000000e+09
4.664979082882637158e+02 1.735356257000000000e+09
5.692556148030053009e+01 1.213667071000000000e+09
8.007610053476400935e+02 1.288626943000000000e+09
-2.172676359207289352e+02 3.272956872000000000e+09
4.038971784478862901e+03 2.903561742000000000e+09
3.261479949856629901e+03 3.869741741000000000e+09
-8.255648989656947379e+02 2.042591335000000000e+09
-5.024085746015298355e+02 2.983140652000000000e+09
-6.383209915542847739e+02 6.578195290000000000e+08
3.301457008028473865e+02 7.472765230000000000e+08
7.778618307563483540e+02 2.206747974000000000e+09
-1.337394798607730991e+03 1.261426755000000000e+09
2.686540172878003432e+02 4.123226228000000000e+09
2.696263443684136291e+03 1.875864001000000000e+09
1.552256326772172542e+03 2.286822335000000000e+09
9.790511847539128212e+02 3.205876798000000000e+09
5.705054048607025834e+02 3.054005523000000000e+09
-1.833032447218773086e+03 3.002161227000000000e+09
5.256112046472180737e+02 2.150066967000000000e+09
1.061735628783519132e+03 3.762040299000000000e+09
9.492737919530727595e+02 2.801137991000000000e+09
8.470871737836496322e+02 2.021687172000000000e+09
3.475919529199375575e+03 4.609901600000000000e+08
-3.099812951224612334e+02 3.262038966000000000e+09
1.568782041043104982e+02 4.133927620000000000e+08
-1.581604605796346732e+02 1.174587180000000000e+08
9.121544952025924431e+02 2.562656818000000000e+09
2.053754782939399774e+03 2.973837128000000000e+09
1.822264505141251902e+03 2.986447660000000000e+08
1.766345070570964708e+03 7.049680310000000000e+08
1.992902606308080067e+03 1.673152046000000000e+09
1.508737636800511609e+03 2.930097280000000000e+08
2.132683725030617097e+03 2.850982630000000000e+08
1.923443851137757520e+03 1.745237588000000000e+09
-1.064945715227546316e+03 3.127707763000000000e+09
6.797669387901669324e+02 1.502713862000000000e+09
1.823010287561892255e+03 1.430440643000000000e+09
3.330244675024681783e+03 1.525577626000000000e+09
8.264438353252453453e+02 3.984737477000000000e+09
6.345373369557228216e+02 2.251004234000000000e+09
-5.427848558780697203e+02 4.215618149000000000e+09
1.794133484508271067e+03 4.168069878000000000e+09
2.761228093412919407e+02 2.408385784000000000e+09
9.376556723768517259e+02 3.748396121000000000e+09
-2.953884584321021975e+02 3.199728930000000000e+09
1.922900105832877671e+02 3.312079698000000000e+09
1.000100946499206657e+03 2.047147450000000000e+09
2.799955632478857297e+03 3.635221964000000000e+09
1.492448165971949493e+03 3.923915934000000000e+09
-1.038692245038382680e+02 1.520840799000000000e+09
1.562060372928963261e+03 7.057391950000000000e+08
-9.336580196727118164e+01 1.509614159000000000e+09
9.097229004184118821e+02 2.851972288000000000e+09
1.354627736643903518e+03 2.270494546000000000e+09
2.702500071396828389e+03 3.232986321000000000e+09
3.069420769425585604e+03 3.023521646000000000e+09
1.220477512340278736e+03 3.963988451000000000e+09
2.730581372970036682e+02 3.631684195000000000e+09
3.464507585989538711e+03 1.488994000000000000e+09
1.986998795177330976e+03 4.008497399000000000e+09
3.385762114219019168e+03 1.501917663000000000e+09
6.178540861740621040e+02 9.248462540000000000e+08
-2.718758997780514619e+02 2.443101859000000000e+09
-2.449638079110409308e+02 3.040337550000000000e+09
3.042900295085685684e+03 1.592833826000000000e+09
1.252265913256815111e+03 3.521460827000000000e+09
5.259982989637037463e+02 3.625686186000000000e+09
-4.298736639535836730e+02 6.792547210000000000e+08
-2.987058927736688929e+01 2.488345358000000000e+09
-3.086013555877852923e+02 3.521242456000000000e+09
3.553674718076928002e+03 3.957354462000000000e+09
1.936666528754742103e+03 4.256417124000000000e+09
-7.672568873765176249e+02 3.194587923000000000e+09
