# Lens_likelihood 	 seed
6.843217599147714282e+03 9.890065860000000000e+08
6.826622810699252113e+03 1.188158480000000000e+09
6.841407523238542126e+03 2.457846092000000000e+09
6.819213559665268804e+03 1.931427585000000000e+09
6.830892874356131870e+03 3.154796134000000000e+09
6.856629600047883287e+03 3.177888110000000000e+08
6.860443987476905022e+03 2.866297166000000000e+09
6.846238595036671541e+03 1.715548616000000000e+09
6.847158060917067814e+03 2.835145091000000000e+09
6.841019535654967513e+03 1.627752891000000000e+09
6.821933441242013942e+03 2.582089165000000000e+09
6.855015419610859681e+03 3.945904016000000000e+09
6.854807224531326938e+03 7.479738720000000000e+08
6.831011340590892360e+03 5.266534650000000000e+08
6.814859223458259294e+03 1.298082510000000000e+08
6.850255393798507612e+03 3.518074730000000000e+08
6.829868934715625073e+03 5.019786780000000000e+08
6.817008534496830180e+03 1.002006869000000000e+09
6.817231315819612064e+03 2.310711635000000000e+09
6.833437532029864087e+03 1.802147271000000000e+09
6.852977465121086425e+03 5.298937500000000000e+07
6.840875490478810207e+03 1.861427170000000000e+09
6.835538495899572808e+03 9.936561890000000000e+08
6.842212849267954880e+03 9.030081000000000000e+08
6.850850744773762017e+03 4.030037312000000000e+09
6.840027925477033932e+03 2.730362299000000000e+09
6.846644084683608526e+03 3.514316430000000000e+08
6.807094561258134490e+03 2.348244076000000000e+09
6.817682523266679709e+03 1.594314544000000000e+09
6.829085589362471183e+03 6.956238400000000000e+08
6.841225506944855624e+03 1.603911437000000000e+09
6.835954453056495367e+03 7.440826320000000000e+08
6.842037852869629205e+03 3.910007365000000000e+09
6.839822017450244857e+03 4.648751520000000000e+08
6.815388706242343687e+03 3.225697696000000000e+09
6.854816122290532803e+03 1.310209309000000000e+09
6.846277042876859923e+03 1.223705106000000000e+09
6.833124194228590568e+03 2.654639680000000000e+08
6.842070060082760392e+03 3.156429329000000000e+09
6.838019538820581147e+03 1.321449659000000000e+09
6.861128542952460521e+03 2.536827946000000000e+09
6.842969039644858640e+03 2.957925349000000000e+09
6.855233859520180886e+03 2.285932658000000000e+09
6.837204754732913898e+03 3.943784553000000000e+09
6.834457947452814551e+03 1.005842556000000000e+09
6.825165874695609091e+03 3.154530599000000000e+09
6.840967515770616046e+03 3.772963244000000000e+09
6.822070478873121829e+03 1.239454022000000000e+09
6.862974209317908389e+03 3.532955156000000000e+09
6.854598562599424440e+03 3.566878329000000000e+09
6.844349510466799984e+03 3.473080359000000000e+09
6.847997279170719594e+03 2.805519300000000000e+08
6.840133418987286859e+03 3.276470643000000000e+09
6.857647035012388187e+03 1.042681230000000000e+09
6.844046648316689243e+03 2.614658225000000000e+09
6.813199660495155513e+03 3.049424457000000000e+09
6.842538829253186123e+03 3.454195798000000000e+09
6.818168626401883557e+03 1.492482806000000000e+09
6.832775411668600100e+03 3.874182752000000000e+09
6.832229569144639754e+03 3.720810567000000000e+09
6.841612359422935697e+03 3.476263002000000000e+09
6.811763327550067515e+03 1.962186910000000000e+09
6.848697886483557340e+03 3.936678681000000000e+09
6.857207882202286783e+03 3.320587572000000000e+09
6.850180320367257991e+03 2.772765065000000000e+09
6.842004298522091631e+03 4.270496319000000000e+09
6.845846078450476853e+03 7.017122380000000000e+08
6.830685454752010628e+03 2.921460733000000000e+09
6.859613442980199579e+03 4.418407810000000000e+08
6.852353977103195575e+03 1.002538139000000000e+09
6.858253908010446139e+03 2.495161126000000000e+09
6.824941335263651126e+03 3.094481633000000000e+09
6.849967069684037597e+03 1.325587140000000000e+09
6.863092153110741492e+03 3.826671980000000000e+09
6.825823992506246213e+03 2.161664920000000000e+08
6.838905969472132711e+03 5.921967520000000000e+08
6.840259948176530088e+03 1.017722072000000000e+09
6.861469301175715373e+03 2.905603715000000000e+09
6.815607858753329310e+03 3.593425442000000000e+09
6.819531455328033189e+03 2.100793702000000000e+09
6.857807011189354853e+03 4.155990153000000000e+09
6.847336680282942325e+03 9.996443810000000000e+08
6.819165710360946832e+03 4.812626780000000000e+08
6.836434943577020022e+03 1.490085300000000000e+07
6.861497692119098247e+03 3.291464038000000000e+09
6.817480943937011034e+03 1.550908993000000000e+09
6.849673629063796398e+03 7.134348510000000000e+08
6.856937079419206384e+03 3.226766191000000000e+09
6.831925504319617175e+03 1.665864263000000000e+09
6.845927577198443942e+03 2.121126177000000000e+09
6.869344866002114031e+03 4.176392696000000000e+09
6.829406534940071651e+03 2.862364527000000000e+09
6.845098618159137914e+03 6.823033550000000000e+08
6.860909637110318727e+03 2.842421907000000000e+09
6.859835832595466854e+03 1.709391182000000000e+09
6.833459465185930640e+03 3.170841942000000000e+09
6.847664225158492627e+03 1.331821628000000000e+09
6.827591142209465033e+03 2.025104100000000000e+08
6.856965899102230651e+03 2.187176047000000000e+09
6.862812062790997516e+03 3.820476796000000000e+09
6.822960342245975880e+03 4.077516085000000000e+09
6.868890889196963144e+03 3.745802873000000000e+09
6.842503550324252501e+03 4.028310554000000000e+09
6.832988908505668405e+03 3.220751477000000000e+09
6.837965214979889424e+03 3.551185948000000000e+09
6.841645974273692445e+03 1.036131776000000000e+09
6.833123429815992495e+03 4.126723936000000000e+09
6.862026399873526316e+03 3.796227487000000000e+09
6.826639815029901911e+03 4.218281289000000000e+09
6.829696610030092415e+03 9.703085840000000000e+08
6.834343263935941650e+03 3.871758691000000000e+09
6.815971012771113237e+03 2.219345932000000000e+09
6.861899781415202597e+03 2.422490057000000000e+09
6.858850015039653954e+03 1.752087230000000000e+09
6.836682157837407431e+03 1.464257540000000000e+09
6.853397081545092078e+03 7.234291450000000000e+08
6.842525501052688014e+03 9.675018020000000000e+08
6.835130371548374569e+03 5.262239660000000000e+08
6.826511997482762126e+03 9.112856860000000000e+08
6.864493917180976496e+03 4.055599614000000000e+09
6.856885152248330996e+03 2.913825315000000000e+09
6.833371051891370371e+03 2.711648442000000000e+09
6.845549323836095937e+03 2.860132024000000000e+09
6.824389249646575990e+03 3.821047872000000000e+09
6.843034791424723153e+03 1.876025794000000000e+09
6.855365841077154982e+03 5.866027660000000000e+08
6.862897585484462979e+03 3.349734374000000000e+09
6.822758920376803871e+03 1.391719451000000000e+09
6.837384645933814681e+03 2.129333830000000000e+08
6.840325344299866629e+03 1.587569268000000000e+09
6.837168801755187815e+03 3.260984279000000000e+09
6.838129210879432321e+03 2.962704834000000000e+09
6.817304662170665324e+03 2.476336037000000000e+09
6.843917924172877974e+03 3.354314033000000000e+09
6.831276824879627384e+03 2.438259326000000000e+09
6.838188485729534477e+03 7.786486220000000000e+08
6.864367207607308956e+03 6.703596020000000000e+08
6.851217868622405149e+03 6.132147650000000000e+08
6.865360665543779760e+03 3.753092729000000000e+09
6.846484729715569301e+03 1.365501200000000000e+09
6.849681368735356955e+03 2.245182231000000000e+09
6.865777661491290928e+03 3.986018876000000000e+09
6.815619972565909848e+03 1.546792415000000000e+09
6.835494527623660360e+03 1.103857990000000000e+08
6.835389789949654187e+03 2.144025978000000000e+09
6.835594301512028323e+03 4.265609582000000000e+09
6.844070604495433145e+03 1.254449900000000000e+08
6.861166661624637527e+03 3.746122941000000000e+09
6.839312334295978872e+03 4.016528959000000000e+09
6.839004094898539734e+03 5.668062520000000000e+08
6.827032986829298352e+03 4.264929704000000000e+09
6.846055228468683708e+03 3.243993688000000000e+09
6.840456139146705937e+03 1.603663267000000000e+09
6.836802045566895686e+03 3.464824130000000000e+09
6.849805493862559160e+03 3.147847100000000000e+07
6.850080305464278354e+03 1.553624647000000000e+09
6.852225114318988744e+03 2.576808842000000000e+09
6.840500103617420791e+03 4.090018695000000000e+09
6.853982948622123331e+03 3.220069398000000000e+09
6.853215343464380567e+03 5.864425920000000000e+08
6.840995931475372345e+03 3.896500755000000000e+09
6.842881481762975454e+03 3.771385953000000000e+09
6.821775383475312992e+03 3.738093838000000000e+09
6.837803734170141979e+03 8.918986900000000000e+08
6.857196017590926203e+03 8.202183340000000000e+08
6.839342307953455020e+03 4.087153669000000000e+09
6.842102933021743411e+03 2.088627253000000000e+09
6.851900937085280930e+03 4.054599069000000000e+09
6.819811192381672299e+03 8.468097300000000000e+07
6.840709761161331699e+03 3.121256533000000000e+09
6.832322979291824595e+03 8.140178930000000000e+08
6.862390374507553133e+03 2.512729220000000000e+09
6.852176570726687714e+03 3.907472585000000000e+09
6.846916539483478118e+03 9.723123910000000000e+08
6.845573208604997490e+03 7.285445700000000000e+08
6.826159984938815796e+03 1.742862184000000000e+09
6.855433907635131618e+03 2.310093640000000000e+08
6.855647778628275773e+03 1.453699728000000000e+09
6.851589011146624216e+03 2.447254712000000000e+09
6.826785186296435313e+03 1.868279577000000000e+09
6.839474370597344205e+03 3.324055590000000000e+08
6.837836754332492092e+03 2.768171780000000000e+09
6.829974132573271163e+03 2.418708765000000000e+09
6.827474717569972199e+03 3.740949312000000000e+09
6.819153170860194223e+03 3.850605574000000000e+09
6.842304575592262154e+03 4.221899179000000000e+09
6.841367831588301669e+03 2.052771543000000000e+09
6.846638093544754156e+03 3.943116770000000000e+09
6.837881115431022408e+03 2.582445300000000000e+09
6.813678834788228414e+03 3.133242138000000000e+09
6.851554252418407486e+03 2.120560554000000000e+09
6.846870783831483095e+03 3.812270366000000000e+09
6.839185938435995922e+03 8.675335510000000000e+08
6.838442707116575548e+03 2.782698040000000000e+09
6.818958438326921168e+03 2.799235599000000000e+09
6.823065226466960667e+03 3.938623351000000000e+09
6.839734326936928483e+03 6.555167820000000000e+08
6.814323846604434948e+03 3.931539052000000000e+09
6.861107542391571769e+03 4.121662424000000000e+09
6.861864872621203176e+03 2.694892052000000000e+09
6.833007776389070386e+03 1.319293722000000000e+09
6.839521547509618358e+03 3.892561913000000000e+09
6.819662702161367633e+03 1.121510222000000000e+09
6.843856419504531914e+03 2.768669120000000000e+09
6.844148950187779519e+03 8.855872480000000000e+08
6.838917505732481004e+03 2.697866118000000000e+09
6.845841593566661686e+03 4.273663940000000000e+09
6.843511692772592141e+03 1.739550290000000000e+08
6.833051612953295262e+03 4.305205420000000000e+08
6.856157578386475507e+03 1.719611001000000000e+09
6.836014306758486782e+03 2.731174257000000000e+09
6.867711579193418402e+03 1.545636784000000000e+09
6.838197776639303811e+03 1.709532454000000000e+09
6.814299662250024994e+03 3.787858716000000000e+09
6.828775762870572180e+03 1.036839660000000000e+09
6.837311407284333654e+03 6.135458530000000000e+08
6.808186199255552310e+03 3.800836457000000000e+09
6.850761278730479717e+03 2.400760888000000000e+09
6.862478520782960004e+03 1.463940308000000000e+09
6.851430122691060205e+03 5.762221380000000000e+08
6.853765454245694855e+03 6.310121390000000000e+08
6.813245634139184403e+03 2.562476575000000000e+09
6.845991552199120633e+03 1.740926238000000000e+09
6.866381414001019039e+03 3.099221243000000000e+09
6.838120499734772238e+03 3.625329417000000000e+09
6.834251655315193602e+03 4.256122640000000000e+08
6.864327469676361943e+03 1.476868797000000000e+09
6.854246025792190267e+03 4.122150590000000000e+08
6.840396608888659102e+03 2.696015815000000000e+09
6.848246338773806201e+03 1.176989858000000000e+09
6.837993063695920682e+03 3.166351740000000000e+08
6.860387651483597438e+03 1.126740884000000000e+09
6.844281276511772376e+03 4.530487290000000000e+08
6.834961823575860763e+03 2.514749427000000000e+09
6.843010858176896363e+03 9.984980350000000000e+08
6.847322760500553159e+03 2.361459572000000000e+09
6.837469148600221160e+03 6.081112400000000000e+08
6.841337927726823182e+03 8.108248200000000000e+08
6.845996785925088261e+03 8.669472000000000000e+08
6.829345762793456743e+03 1.342384375000000000e+09
6.832303443940483703e+03 2.620864507000000000e+09
6.853050382330996399e+03 2.596709875000000000e+09
6.843687790885039249e+03 2.315297470000000000e+09
6.850478949469584222e+03 1.423432935000000000e+09
6.840932226191564041e+03 1.245362040000000000e+09
6.819997168011348549e+03 1.014854333000000000e+09
6.843629380147272968e+03 2.289634773000000000e+09
6.826066724926861752e+03 3.881810017000000000e+09
6.837176058145804745e+03 5.916978500000000000e+07
6.864214893935886721e+03 2.605452243000000000e+09
6.870307808459131593e+03 3.900079712000000000e+09
6.819583847103517655e+03 3.196406407000000000e+09
6.822454258281683906e+03 3.619300524000000000e+09
6.847242072878735598e+03 3.713135285000000000e+09
6.854596322836561740e+03 9.513860670000000000e+08
6.838949443436933507e+03 1.333230667000000000e+09
6.834722252499787828e+03 1.643969754000000000e+09
6.860680524271708236e+03 1.260436934000000000e+09
6.826013509906480067e+03 8.255623750000000000e+08
6.846089798642862661e+03 4.226801160000000000e+08
6.858922350524792819e+03 3.905592772000000000e+09
6.859167372796429845e+03 1.378058343000000000e+09
6.829658951537736357e+03 1.470955540000000000e+08
6.837563089226632655e+03 1.658273884000000000e+09
6.838663433192707998e+03 1.716450940000000000e+08
6.837146343438984331e+03 3.159753809000000000e+09
6.862840834175612144e+03 2.181528809000000000e+09
6.856413176074671355e+03 1.463954293000000000e+09
6.845887604989728970e+03 1.352153764000000000e+09
6.847539822693189308e+03 2.826696895000000000e+09
6.865701967513634372e+03 7.563339370000000000e+08
6.825172262776273783e+03 3.528410070000000000e+08
6.845048130208928342e+03 3.095704869000000000e+09
6.811719949258038469e+03 1.068682734000000000e+09
6.841057912758717976e+03 4.660772510000000000e+08
6.820621371444771285e+03 2.517064172000000000e+09
6.850617279838510512e+03 2.522375438000000000e+09
6.844011670887325636e+03 1.341764994000000000e+09
6.856131154742484796e+03 1.008269800000000000e+08
6.839353713483102183e+03 1.430235384000000000e+09
6.866656459780474506e+03 1.891626005000000000e+09
6.839722923310994702e+03 4.269123358000000000e+09
6.841477868110960117e+03 2.274599513000000000e+09
6.844389156684891532e+03 9.135651910000000000e+08
6.839897347723023813e+03 2.471515060000000000e+09
6.848221156319768852e+03 3.431034631000000000e+09
6.853801196074957261e+03 1.186583453000000000e+09
6.854326658366511765e+03 3.117027445000000000e+09
6.850451209986877075e+03 3.021350362000000000e+09
6.845962660680729641e+03 9.759259030000000000e+08
6.826595424048497080e+03 2.618468135000000000e+09
6.836078654987059053e+03 1.333110594000000000e+09
6.844235206305645079e+03 3.724409467000000000e+09
6.835717537901224205e+03 3.373440246000000000e+09
6.833129513406973274e+03 3.859108355000000000e+09
6.841646021704800660e+03 1.300017401000000000e+09
6.830590319598850328e+03 5.995338620000000000e+08
6.825737319153278804e+03 1.979005993000000000e+09
6.857232095325724913e+03 4.062440680000000000e+09
6.851121205428198664e+03 7.660778710000000000e+08
6.866271359287768064e+03 2.548697098000000000e+09
6.857664322759553215e+03 2.192756430000000000e+09
6.811814166333629146e+03 1.501301890000000000e+08
6.849497232832669397e+03 3.676855620000000000e+09
6.834883535677627151e+03 2.155081552000000000e+09
6.850626048362504662e+03 2.139435705000000000e+09
6.842157662735093254e+03 3.396258349000000000e+09
6.851574864452275506e+03 1.014291788000000000e+09
6.834934738420390204e+03 3.517672120000000000e+08
6.829682465993213555e+03 1.849502795000000000e+09
6.834697750010560412e+03 3.867059845000000000e+09
6.836899597136551165e+03 3.230508424000000000e+09
6.836288511819912856e+03 1.707370600000000000e+07
6.835154983623682710e+03 3.347936395000000000e+09
6.870461433700931593e+03 3.401797720000000000e+08
6.841254285452410841e+03 8.185360930000000000e+08
6.838792223364346683e+03 1.933381935000000000e+09
6.839627108069390488e+03 3.557126107000000000e+09
6.845209556118680666e+03 1.682908049000000000e+09
6.839194553422730678e+03 3.500839054000000000e+09
6.826948845075592544e+03 1.498595604000000000e+09
6.847586908627576122e+03 3.585022605000000000e+09
6.858473234946512093e+03 1.176590082000000000e+09
6.824741916760504864e+03 3.679178730000000000e+08
6.844748501944606687e+03 1.589647351000000000e+09
6.844300361687146506e+03 3.787273659000000000e+09
6.840880404166237895e+03 2.744854570000000000e+08
6.851569623389592380e+03 3.293825130000000000e+08
6.815369194151602642e+03 2.464502625000000000e+09
6.836817743428109679e+03 3.749023472000000000e+09
6.844499703071454860e+03 2.119268468000000000e+09
6.837847520589467422e+03 1.956702566000000000e+09
6.824130645399716741e+03 2.291552778000000000e+09
6.833678654426626053e+03 3.022011218000000000e+09
6.809543132928946761e+03 3.035384213000000000e+09
6.846879423241022778e+03 1.233908035000000000e+09
6.867493490932516579e+03 2.419017456000000000e+09
6.864364406108524236e+03 1.721121349000000000e+09
6.825341547038329736e+03 1.237234746000000000e+09
6.828992786452211476e+03 2.908876296000000000e+09
6.832417255765699338e+03 3.316729548000000000e+09
6.857782757742445028e+03 1.677507917000000000e+09
6.841867400188877582e+03 1.153410452000000000e+09
6.852275331204628856e+03 2.644981199000000000e+09
6.858889198508646587e+03 7.558157150000000000e+08
6.865927510777226416e+03 1.882789502000000000e+09
6.846798888232179706e+03 3.363956567000000000e+09
6.840614036875864258e+03 4.010807074000000000e+09
6.838029856979965189e+03 2.594666815000000000e+09
6.866163290060007057e+03 3.812096085000000000e+09
