# Lens_likelihood 	 seed
6.482068478036704619e+03 2.214907180000000000e+08
6.583677768441524677e+03 1.412423011000000000e+09
6.580454274591337708e+03 4.052624566000000000e+09
6.616095323935172928e+03 2.206371460000000000e+08
6.617037650301055692e+03 8.546140380000000000e+08
6.611026276226980372e+03 1.273219627000000000e+09
6.572664219272236551e+03 4.007573186000000000e+09
6.514018950001954181e+03 3.500804458000000000e+09
6.674356575988528675e+03 1.194922800000000000e+09
6.640214945287936644e+03 3.351489284000000000e+09
6.525987346450758196e+03 3.348021200000000000e+08
6.616730053574895464e+03 3.047921233000000000e+09
6.585414102851193093e+03 2.235023211000000000e+09
6.492616217943912488e+03 3.192152233000000000e+09
6.539538738067982194e+03 1.955719934000000000e+09
6.618953330030956749e+03 1.301467500000000000e+09
6.580951896458702322e+03 1.749392356000000000e+09
6.589263000302669752e+03 3.806781385000000000e+09
6.624478666918201270e+03 2.826725757000000000e+09
6.598651154015588872e+03 2.815080891000000000e+09
6.493187650749065142e+03 3.702858444000000000e+09
6.539193760887251301e+03 2.525061735000000000e+09
6.512306699859974287e+03 4.977683250000000000e+08
6.582745742173498911e+03 1.970166539000000000e+09
6.527737776417634450e+03 2.019818162000000000e+09
6.625374787971650221e+03 4.204539573000000000e+09
6.661811920351820845e+03 3.952231670000000000e+09
6.621419259202337344e+03 1.418600581000000000e+09
6.542255477222666741e+03 1.820004100000000000e+08
6.604903902554947308e+03 2.317973680000000000e+08
6.675133710006519323e+03 2.667293900000000000e+07
6.530790648272916769e+03 2.826485446000000000e+09
6.383411876570060485e+03 3.110091166000000000e+09
6.570744540987265282e+03 1.572451489000000000e+09
6.559617299547263428e+03 2.509883336000000000e+09
6.547283892637403369e+03 2.531989989000000000e+09
6.529313202752010511e+03 3.191714276000000000e+09
6.614858543396450841e+03 3.101429648000000000e+09
6.513704353042373441e+03 3.668900128000000000e+09
6.603642669455207397e+03 1.615272037000000000e+09
6.604412721595558651e+03 1.008248976000000000e+09
6.524442485674545424e+03 2.247861946000000000e+09
6.604925960684526217e+03 4.281996200000000000e+08
6.596698681040223164e+03 4.984150900000000000e+08
6.552802502895528960e+03 3.452046737000000000e+09
6.436723554647108358e+03 1.766799540000000000e+09
6.575789476744002968e+03 7.352821820000000000e+08
6.554977824314069039e+03 3.676775661000000000e+09
6.581075579767295494e+03 9.001136800000000000e+07
6.611455136260830841e+03 3.987717296000000000e+09
6.576455416577364304e+03 2.693709519000000000e+09
6.573796456490465062e+03 3.665540832000000000e+09
6.597381576289498298e+03 1.424257880000000000e+08
6.558590125067178633e+03 3.382731343000000000e+09
6.600125261274363766e+03 1.047486692000000000e+09
6.601242853766612825e+03 1.096424898000000000e+09
6.627642811269064623e+03 8.339064210000000000e+08
6.593221302272059802e+03 7.029750740000000000e+08
6.647626498679757788e+03 6.099691500000000000e+07
6.613755103632813189e+03 2.006515740000000000e+08
6.549029856763198040e+03 2.100787093000000000e+09
6.669177765417256524e+03 2.967290397000000000e+09
6.605491716865937633e+03 2.652970432000000000e+09
6.522797371941649544e+03 5.279538420000000000e+08
6.612241878062406613e+03 2.407152555000000000e+09
6.663074985621040469e+03 1.199693960000000000e+09
6.568453399257788988e+03 1.473171640000000000e+08
6.615422625007106035e+03 3.135321705000000000e+09
6.584348437031165304e+03 2.592234339000000000e+09
6.552445282389985550e+03 1.652660900000000000e+09
6.572874909143011791e+03 7.825191670000000000e+08
6.529381341167733808e+03 3.130679224000000000e+09
6.622460009017664561e+03 4.088725854000000000e+09
6.546318041121594433e+03 4.197194351000000000e+09
6.589439715403271293e+03 2.359713274000000000e+09
6.668789398497662660e+03 2.471578867000000000e+09
6.616592068254321930e+03 9.944014630000000000e+08
6.554430619424299948e+03 3.428914610000000000e+09
6.620242851475654788e+03 3.381493774000000000e+09
6.546360986567904547e+03 3.705643447000000000e+09
6.543221173335578897e+03 5.583839770000000000e+08
6.503979760255597284e+03 1.561709483000000000e+09
6.605313701587238938e+03 3.936631810000000000e+09
6.608093965365666008e+03 1.406553074000000000e+09
6.569566438502625715e+03 1.002346979000000000e+09
6.578455958418248883e+03 1.304408543000000000e+09
6.649312261824098641e+03 1.442001150000000000e+08
6.608598543192157194e+03 1.404131354000000000e+09
6.641954630625281425e+03 2.926712667000000000e+09
6.610154910895712419e+03 3.964360800000000000e+09
6.617980613856962009e+03 1.794325580000000000e+09
6.528353909888290218e+03 2.030803616000000000e+09
6.559389624847580308e+03 2.596088212000000000e+09
6.629917849274661421e+03 2.250798678000000000e+09
6.563442766131386634e+03 2.773296444000000000e+09
6.592601952372251617e+03 3.111753015000000000e+09
6.573980490123107302e+03 4.247327221000000000e+09
6.639550485746893173e+03 2.812225928000000000e+09
6.622833598303532199e+03 3.754559679000000000e+09
6.581581786480835035e+03 1.371945790000000000e+08
6.555092919555730077e+03 2.938015305000000000e+09
6.594582794017262131e+03 3.628419960000000000e+08
6.612957301678892691e+03 2.481709700000000000e+07
6.581790492200920198e+03 2.781604768000000000e+09
6.624302460155122390e+03 4.112948096000000000e+09
6.602267290346513619e+03 1.862300792000000000e+09
6.545778715226106215e+03 2.279916250000000000e+09
6.597733503590330656e+03 4.060024569000000000e+09
6.565083317291904677e+03 1.101234470000000000e+09
6.585638376886078731e+03 2.219927087000000000e+09
6.560959509485261151e+03 4.281702590000000000e+08
6.585597831502223926e+03 9.995639930000000000e+08
6.602088514198148914e+03 3.923408963000000000e+09
6.620443504519002090e+03 3.977287919000000000e+09
6.496830279763775252e+03 1.988332537000000000e+09
6.576063135433829302e+03 3.275184840000000000e+08
6.550186500065796281e+03 2.350116655000000000e+09
6.600946413745698919e+03 6.018530840000000000e+08
6.558848974299328802e+03 1.645363448000000000e+09
6.598350875819842258e+03 2.830084990000000000e+08
6.641603483962837345e+03 2.177161427000000000e+09
6.600837311818935632e+03 8.545796820000000000e+08
6.487093997990443313e+03 1.392123257000000000e+09
6.601040471511823853e+03 3.040521570000000000e+09
6.621580102182017072e+03 3.025993308000000000e+09
6.613566118722981628e+03 2.230949428000000000e+09
6.604526521954807322e+03 1.157742502000000000e+09
6.485739906515625080e+03 2.162083819000000000e+09
6.632871071004051373e+03 1.449505400000000000e+07
6.545844638358035809e+03 1.123309869000000000e+09
6.574253329608835884e+03 1.381374867000000000e+09
6.600797071310487809e+03 1.202590962000000000e+09
6.550599744811516757e+03 3.535774294000000000e+09
6.586398636665136110e+03 3.198618056000000000e+09
6.579518252846552059e+03 1.558862570000000000e+09
6.624221725110127409e+03 1.365088646000000000e+09
6.578795131958557249e+03 5.380294480000000000e+08
6.524489635277281195e+03 2.974594216000000000e+09
6.512615804503579966e+03 1.168180204000000000e+09
6.623535441201378489e+03 1.588692220000000000e+09
6.594056470524465112e+03 3.330121792000000000e+09
6.557285415625134192e+03 3.413261919000000000e+09
6.569397008192763678e+03 3.226219881000000000e+09
6.569229851471987786e+03 3.660379587000000000e+09
6.556271940913036815e+03 3.392871047000000000e+09
6.661707519321700602e+03 5.461373510000000000e+08
6.546640918081497148e+03 2.643676922000000000e+09
6.519580850601574639e+03 9.085890560000000000e+08
6.578850005800350118e+03 3.939637432000000000e+09
6.575349995413269426e+03 1.507365756000000000e+09
6.639698877400592210e+03 4.085031986000000000e+09
6.602937330012696293e+03 2.685351769000000000e+09
6.545250155443814947e+03 4.151684739000000000e+09
6.619450298567675418e+03 3.832964102000000000e+09
6.630485707679366897e+03 8.425151080000000000e+08
6.595626876572188849e+03 3.884145560000000000e+09
6.610116850766511561e+03 2.710868980000000000e+09
6.608317378093982370e+03 2.479325817000000000e+09
6.569337484243959807e+03 6.117143220000000000e+08
6.623308936713135154e+03 3.560296536000000000e+09
6.642916712798610206e+03 3.836486210000000000e+08
6.592644388569789044e+03 3.335723313000000000e+09
6.607505897778532017e+03 8.670861070000000000e+08
6.556964119450549333e+03 1.670833045000000000e+09
6.632986610041374661e+03 1.687660943000000000e+09
6.391130515884939086e+03 1.348713628000000000e+09
6.543634361742688270e+03 1.046941234000000000e+09
6.589676550523402511e+03 1.582900913000000000e+09
6.588343112251052844e+03 1.848875842000000000e+09
6.597563781777147597e+03 2.453326830000000000e+09
6.633649785801206235e+03 1.508996602000000000e+09
6.626733105479974256e+03 1.587159900000000000e+09
6.594719477555512640e+03 3.252379459000000000e+09
6.658195018602308664e+03 2.011899640000000000e+09
6.580945836936677551e+03 1.132019219000000000e+09
6.566632990642828190e+03 3.583088013000000000e+09
6.553703146371643925e+03 4.277731803000000000e+09
6.577384855989558673e+03 1.913673603000000000e+09
6.587922234423976079e+03 2.531422503000000000e+09
6.597547176773658975e+03 8.225714750000000000e+08
6.614436371056558528e+03 4.013684941000000000e+09
6.574815497056295499e+03 2.085114384000000000e+09
6.629184067269836305e+03 3.773952128000000000e+09
6.632762867450072008e+03 4.751260290000000000e+08
6.604404459142557243e+03 3.378189612000000000e+09
6.546525859145973300e+03 7.260488710000000000e+08
6.635556484043343517e+03 3.791662836000000000e+09
6.540246516606580371e+03 2.079851703000000000e+09
6.556786729354548697e+03 4.162829165000000000e+09
6.632886271877756371e+03 2.173129460000000000e+08
6.506827182465325677e+03 2.620348421000000000e+09
6.601725964462488264e+03 1.733625460000000000e+08
6.630449342304031234e+03 1.031740600000000000e+08
6.622241711708295043e+03 2.132073287000000000e+09
6.614191498983454039e+03 1.038080035000000000e+09
6.565569159414479145e+03 2.544447406000000000e+09
6.632597429563993501e+03 1.764763051000000000e+09
6.550932564266788177e+03 3.307152778000000000e+09
6.525686813595455533e+03 5.337206950000000000e+08
6.607717329023457751e+03 4.290692770000000000e+09
6.653904637383237059e+03 2.463370648000000000e+09
6.587158196837041032e+03 2.511723271000000000e+09
6.644218533657847729e+03 1.875733935000000000e+09
6.599503679638664835e+03 3.008169190000000000e+09
6.590092881950593437e+03 1.938791800000000000e+09
6.537148622857674127e+03 7.264625520000000000e+08
6.429148203695974189e+03 7.385779210000000000e+08
6.620070810415886626e+03 2.751002430000000000e+08
6.512277992575265671e+03 1.067132508000000000e+09
6.586889043420382222e+03 1.198546779000000000e+09
6.601915825670208505e+03 4.353031170000000000e+08
6.607616046587339042e+03 4.733453060000000000e+08
6.556561479011008487e+03 1.025216060000000000e+09
6.557635719157213316e+03 2.088605700000000000e+08
6.561544941364762963e+03 1.657532570000000000e+08
6.666723035942259230e+03 4.135328553000000000e+09
6.613997953130477981e+03 1.740072051000000000e+09
6.604568377782691641e+03 6.400370120000000000e+08
6.579650759434449355e+03 7.732684320000000000e+08
6.650868680981022408e+03 1.792190472000000000e+09
6.456884761867148882e+03 3.092113224000000000e+09
6.561957855767474030e+03 2.232685060000000000e+08
6.579607024467623887e+03 3.164129934000000000e+09
6.485519054236054217e+03 1.724670540000000000e+08
6.444217157757506357e+03 3.796147095000000000e+09
6.607210540173099616e+03 1.720554870000000000e+08
6.599091317946857998e+03 4.046993874000000000e+09
6.552959302804783874e+03 1.776549986000000000e+09
6.567018439449009747e+03 4.180959101000000000e+09
6.606272260580229158e+03 5.260754280000000000e+08
6.556898065735930686e+03 3.404406274000000000e+09
6.595018002443832302e+03 1.951809169000000000e+09
6.534860919301334434e+03 3.248897847000000000e+09
6.629193935196103666e+03 1.096877978000000000e+09
6.610969197879317107e+03 4.078549763000000000e+09
6.598667125722335186e+03 3.843883868000000000e+09
6.647142582683743058e+03 3.669806033000000000e+09
6.592264046621363377e+03 3.382732261000000000e+09
6.546918577134049883e+03 1.387131935000000000e+09
6.611471047450975675e+03 2.820436708000000000e+09
6.581154848119770577e+03 9.854422260000000000e+08
6.676107302623429860e+03 2.653880032000000000e+09
6.585168565055902945e+03 3.649657350000000000e+09
6.587896585329879599e+03 1.025939361000000000e+09
6.556577850576307355e+03 3.110862050000000000e+09
6.544299080945233072e+03 3.338448135000000000e+09
6.595288335012983225e+03 2.081278178000000000e+09
6.501922153485576928e+03 1.544596097000000000e+09
6.581732650059939260e+03 3.187233858000000000e+09
6.618296887122398402e+03 2.601401196000000000e+09
6.587160853727880749e+03 4.024572467000000000e+09
6.622025691931270558e+03 2.396982269000000000e+09
6.569053434200876836e+03 7.899208340000000000e+08
6.569096005214396428e+03 4.298653090000000000e+08
6.615233379866711402e+03 8.554400460000000000e+08
6.541687053992847723e+03 2.442544400000000000e+09
6.531221455095010242e+03 2.113255336000000000e+09
6.660085045024662577e+03 3.166688313000000000e+09
6.505471211599631715e+03 7.899852590000000000e+08
6.631144828313159451e+03 7.601887760000000000e+08
6.548826250073651863e+03 1.044064480000000000e+08
6.570321840613583845e+03 1.894447064000000000e+09
6.616866997254056514e+03 2.872349185000000000e+09
6.604797076570358513e+03 1.982107609000000000e+09
6.635310135486712170e+03 3.642779492000000000e+09
6.566617057698887947e+03 6.009362220000000000e+08
6.624742063038149354e+03 8.406164670000000000e+08
6.557292887149147646e+03 2.065403893000000000e+09
6.639284218086486362e+03 3.995900420000000000e+09
6.619501245394600119e+03 5.162269630000000000e+08
6.648607476326632423e+03 2.075808986000000000e+09
6.606007211167561763e+03 2.323102401000000000e+09
6.531666719314604052e+03 1.242087166000000000e+09
6.504472512479649595e+03 3.173070367000000000e+09
6.611494821196429257e+03 1.041977128000000000e+09
6.538903486540300946e+03 2.838440864000000000e+09
6.615191062644445992e+03 1.809288649000000000e+09
6.607274504177064046e+03 2.648824422000000000e+09
6.540288997020700663e+03 9.898715110000000000e+08
6.618837217681772017e+03 3.600012552000000000e+09
6.564538726890295948e+03 1.107322540000000000e+08
6.572472809358898303e+03 1.386336025000000000e+09
6.549822769854392391e+03 2.420344397000000000e+09
6.589393202551801551e+03 3.737884780000000000e+09
6.540928932892285957e+03 3.901486832000000000e+09
6.481285207238111070e+03 1.754486512000000000e+09
6.622689831636382223e+03 5.511628680000000000e+08
6.585721861379932307e+03 3.796655066000000000e+09
6.603280614377713391e+03 1.183313997000000000e+09
6.628989989429779598e+03 2.381273855000000000e+09
6.600357692608118668e+03 3.003642254000000000e+09
6.500747862243486452e+03 1.048864505000000000e+09
6.548242398230769140e+03 8.605657460000000000e+08
6.595440334431529664e+03 4.061795901000000000e+09
6.641892702918043142e+03 4.850161100000000000e+07
6.574445423428564027e+03 2.477214253000000000e+09
6.642053330442195147e+03 3.253064702000000000e+09
6.583391294897013722e+03 2.178230046000000000e+09
6.631025957782100704e+03 2.073330154000000000e+09
6.542781860955968114e+03 2.638992198000000000e+09
6.647033288283306319e+03 4.008150126000000000e+09
6.527547760957339960e+03 3.625414754000000000e+09
6.624950780032335388e+03 2.206846719000000000e+09
6.660856357144743924e+03 2.012005365000000000e+09
6.670930837245059593e+03 2.874902876000000000e+09
6.522079741169723093e+03 8.150236300000000000e+07
6.613276404218725474e+03 2.053705560000000000e+08
6.544025253647595491e+03 1.167812852000000000e+09
6.514871296400724532e+03 5.973609610000000000e+08
6.567824956607214517e+03 3.547078443000000000e+09
6.582497585215731306e+03 1.600593382000000000e+09
6.565227102022687177e+03 3.060238243000000000e+09
6.568591981787550139e+03 2.690505507000000000e+09
6.632438252112844566e+03 1.581910102000000000e+09
6.553054883329573386e+03 1.997401204000000000e+09
6.611316923512719768e+03 2.823052230000000000e+08
6.634019377148890271e+03 1.703636570000000000e+09
6.556968598825957997e+03 7.960730700000000000e+08
6.633295411742865326e+03 3.740155173000000000e+09
6.602619874963434995e+03 3.376190738000000000e+09
6.586278502488999038e+03 2.509718848000000000e+09
6.611240628530364120e+03 3.560214662000000000e+09
6.599493898440038720e+03 3.606013408000000000e+09
6.587215999720191576e+03 8.125897700000000000e+07
6.666606090262576799e+03 2.774931087000000000e+09
6.621412493220961551e+03 3.650764269000000000e+09
6.552068093794955530e+03 6.962524100000000000e+07
6.548352278829540410e+03 2.614717130000000000e+08
6.619722113445761352e+03 3.918285386000000000e+09
6.599631224019391993e+03 4.215069630000000000e+09
6.656546232541310928e+03 4.285691387000000000e+09
6.640204426276635786e+03 2.692504460000000000e+09
6.662381103371111749e+03 6.038155530000000000e+08
6.570303525334073129e+03 7.331348760000000000e+08
6.573780676309247610e+03 1.893118099000000000e+09
6.609534053428167681e+03 2.013510794000000000e+09
6.598612181903958117e+03 3.988343111000000000e+09
6.518352393028209008e+03 7.383395860000000000e+08
6.559399982474732496e+03 2.294406829000000000e+09
6.664712041212522308e+03 2.105446267000000000e+09
6.598441700695437248e+03 2.394045359000000000e+09
6.613219199674440461e+03 1.461651296000000000e+09
6.599339396282821326e+03 1.021860999000000000e+09
6.605300329280086771e+03 2.214627544000000000e+09
6.612342433353593151e+03 1.681049124000000000e+09
6.590374630297049407e+03 1.764725124000000000e+09
6.595054222199191827e+03 2.244451826000000000e+09
6.624839435488514937e+03 3.342180363000000000e+09
6.543892047572329830e+03 3.359268620000000000e+08
6.543242394932631214e+03 2.898577831000000000e+09
