# Lens_likelihood 	 seed
6.305066761601550752e+03 2.563924837000000000e+09
6.308958620631611666e+03 1.785405670000000000e+09
6.300187500210880899e+03 3.459070051000000000e+09
6.319233733543180279e+03 1.851223060000000000e+09
6.330553519550085184e+03 2.289983889000000000e+09
6.298219268886889949e+03 3.831661840000000000e+08
6.300206300879959599e+03 7.609075600000000000e+07
6.300273644768234590e+03 4.345209330000000000e+08
6.309381022719380780e+03 9.646260900000000000e+07
6.314558236897321876e+03 8.111136090000000000e+08
6.295117527957272614e+03 3.188557957000000000e+09
6.298431483513132662e+03 1.841525695000000000e+09
6.328053842123404138e+03 6.821365960000000000e+08
6.304356915175062568e+03 1.269392156000000000e+09
6.275891366948214454e+03 3.499531312000000000e+09
6.299814545200240900e+03 3.235688383000000000e+09
6.297401872396066210e+03 6.443112970000000000e+08
6.276266323481755535e+03 3.347212251000000000e+09
6.311063313749173176e+03 8.093699280000000000e+08
6.296212501987658470e+03 6.332830040000000000e+08
6.309004300140720261e+03 4.278918062000000000e+09
6.297974196326689707e+03 1.153027571000000000e+09
6.312929176989568987e+03 2.359382461000000000e+09
6.274812512999786122e+03 2.490542313000000000e+09
6.308907320537022315e+03 2.142480440000000000e+08
6.282053895759035186e+03 4.126471035000000000e+09
6.300685354207765158e+03 2.601286790000000000e+08
6.288221557209298226e+03 1.158258520000000000e+08
6.308142986470017604e+03 4.185919533000000000e+09
6.311215642215360276e+03 3.008406854000000000e+09
6.309456684809862054e+03 2.375687960000000000e+09
6.303948709782555852e+03 5.116137500000000000e+07
6.278255042611554018e+03 1.903054369000000000e+09
6.267706741234316723e+03 2.559971762000000000e+09
6.313399204664200624e+03 3.883195023000000000e+09
6.307211935254888886e+03 4.845993420000000000e+08
6.299150001481455547e+03 1.375968880000000000e+09
6.305413956910639172e+03 2.481552599000000000e+09
6.321932871434955814e+03 3.204940003000000000e+09
6.302488465290520253e+03 6.392137540000000000e+08
6.300549740406235287e+03 3.153001347000000000e+09
6.323477882020923971e+03 8.995031820000000000e+08
6.300409250095979587e+03 5.476796830000000000e+08
6.288286938323015420e+03 3.902297468000000000e+09
6.291906821705017137e+03 2.499605869000000000e+09
6.293838088319702365e+03 1.771470338000000000e+09
6.288296483212827297e+03 3.395972367000000000e+09
6.276717956600048637e+03 3.155873522000000000e+09
6.325337010298499081e+03 2.814208290000000000e+09
6.312196433519316088e+03 3.182568597000000000e+09
6.302538207293635423e+03 3.080940247000000000e+09
6.284883002636719539e+03 1.709627602000000000e+09
6.315954235599001549e+03 3.230067260000000000e+09
6.288116059961085739e+03 1.773191099000000000e+09
6.298283198074895154e+03 3.038474747000000000e+09
6.299008617772289654e+03 4.205942695000000000e+09
6.296253163261513691e+03 1.759461636000000000e+09
6.294172554965933159e+03 2.119460900000000000e+09
6.288653547131956657e+03 1.611085896000000000e+09
6.307261258972763244e+03 4.253257697000000000e+09
6.317256390459150680e+03 8.108581200000000000e+08
6.319365230809572495e+03 1.046036311000000000e+09
6.329945622959829052e+03 1.115662460000000000e+08
6.300038855174781020e+03 8.304208750000000000e+08
6.267576415062087108e+03 3.326638878000000000e+09
6.315245279653418038e+03 3.571410586000000000e+09
6.262897577231037758e+03 1.588776632000000000e+09
6.276879140915800235e+03 2.721870542000000000e+09
6.282208010418400590e+03 2.820985547000000000e+09
6.277392661787413999e+03 3.807128923000000000e+09
6.308276524702205279e+03 3.726713903000000000e+09
6.281894402825192628e+03 1.721108650000000000e+09
6.330154676350789487e+03 1.210298523000000000e+09
6.273541166119448462e+03 3.266329100000000000e+09
6.293339538999482102e+03 3.108059561000000000e+09
6.334360169819641669e+03 1.227473992000000000e+09
6.297469070522993206e+03 8.710784290000000000e+08
6.306107547243387671e+03 3.763620500000000000e+07
6.287795134018906538e+03 2.497916981000000000e+09
6.274605081046599480e+03 1.741353157000000000e+09
6.308371614847927049e+03 1.656880005000000000e+09
6.258462075197414379e+03 9.028681670000000000e+08
6.291683345595365608e+03 3.044576124000000000e+09
6.302900914184358044e+03 2.440530435000000000e+09
6.294343266425381444e+03 9.416240320000000000e+08
6.274935090420144661e+03 3.938188978000000000e+09
6.304976143055911962e+03 2.490038999000000000e+09
6.308216942608352838e+03 3.985221623000000000e+09
6.293818884865116161e+03 3.223776577000000000e+09
6.303272225819929190e+03 2.782884034000000000e+09
6.292508325730467732e+03 1.221131644000000000e+09
6.289995799368437474e+03 3.268675280000000000e+08
6.301702688285011391e+03 9.250143340000000000e+08
6.288627002712386457e+03 1.045186451000000000e+09
6.279725930138043623e+03 1.584065128000000000e+09
6.286149181903681892e+03 3.596174576000000000e+09
6.271908872671006975e+03 4.670194200000000000e+08
6.266310621721594543e+03 3.786606951000000000e+09
6.296387871299634753e+03 1.575364993000000000e+09
6.315045995535701877e+03 3.895832779000000000e+09
6.287113459950763172e+03 2.808522087000000000e+09
6.290893656716767509e+03 3.590871163000000000e+09
6.290307319816083691e+03 2.902505993000000000e+09
6.297862052177448277e+03 8.628153820000000000e+08
6.281928629979819561e+03 3.618477265000000000e+09
6.303265624016185029e+03 3.635684784000000000e+09
6.272444447108207896e+03 1.213544093000000000e+09
6.280861803581055028e+03 8.918422210000000000e+08
6.296731380346684091e+03 1.218146860000000000e+09
6.291344517783772972e+03 1.701349840000000000e+09
6.290745308533915704e+03 3.541389341000000000e+09
6.300989553686355066e+03 5.570434140000000000e+08
6.292915823852908034e+03 3.643734096000000000e+09
6.287903788406994863e+03 6.659941800000000000e+08
6.322884369399013849e+03 3.180502744000000000e+09
6.286290756649839750e+03 2.049895499000000000e+09
6.311710082348541619e+03 3.172933116000000000e+09
6.309700266337213179e+03 2.940532629000000000e+09
6.335229382254696247e+03 1.263930708000000000e+09
6.246698503777629412e+03 2.737170843000000000e+09
6.326303971896307303e+03 2.555911285000000000e+09
6.295403825890700318e+03 3.339168425000000000e+09
6.309353377112112867e+03 4.266134613000000000e+09
6.286252001824671424e+03 1.496070820000000000e+09
6.274794140171114122e+03 1.538579396000000000e+09
6.289442830472218702e+03 2.596685743000000000e+09
6.284973786287964685e+03 3.776088558000000000e+09
6.286235769440443619e+03 3.464860738000000000e+09
6.286256499933069790e+03 3.694273947000000000e+09
6.289897114096205769e+03 4.199460210000000000e+09
6.308425277335010833e+03 2.675325244000000000e+09
6.280448049732495747e+03 2.312052196000000000e+09
6.320941968782412005e+03 3.523876776000000000e+09
6.270502657007507878e+03 2.498191772000000000e+09
6.271803568835584883e+03 1.515577310000000000e+09
6.304716218796661451e+03 4.044307570000000000e+08
6.280557704237959115e+03 1.406253833000000000e+09
6.238705301438009883e+03 9.874263620000000000e+08
6.288502178891210860e+03 1.646148840000000000e+08
6.302825685058724048e+03 1.774205814000000000e+09
6.297359972086184825e+03 1.498609240000000000e+08
6.332613845709818634e+03 2.599298205000000000e+09
6.315535528169898498e+03 1.612595964000000000e+09
6.282737471945728430e+03 8.488918090000000000e+08
6.293121259347611158e+03 2.610381276000000000e+09
6.306277215642926421e+03 2.082164949000000000e+09
6.292496947469349834e+03 3.314242455000000000e+09
6.312112253784097447e+03 2.913832716000000000e+09
6.292529073317030452e+03 3.085055090000000000e+09
6.265975667217394403e+03 1.197754348000000000e+09
6.301323174519252461e+03 1.560237300000000000e+08
6.300692122576264410e+03 1.149834340000000000e+09
6.299036970409759306e+03 3.890658537000000000e+09
6.307077144137027062e+03 2.067926242000000000e+09
6.281462974014813881e+03 6.861049840000000000e+08
6.319062679438302439e+03 5.979607190000000000e+08
6.317795163612223405e+03 3.713761880000000000e+08
6.280184529901654059e+03 1.578695952000000000e+09
6.308377370010603045e+03 1.091490201000000000e+09
6.286496299069274755e+03 2.704337670000000000e+08
6.299426748082260019e+03 3.536604175000000000e+09
6.308634350204296425e+03 1.655415124000000000e+09
6.276835811299479246e+03 3.120897333000000000e+09
6.306165815216391820e+03 1.827519052000000000e+09
6.277416884214891979e+03 2.338426422000000000e+09
6.306701099300726128e+03 2.064762900000000000e+09
6.323311007799666186e+03 1.181266794000000000e+09
6.311190257417254543e+03 3.888210962000000000e+09
6.302999893292507295e+03 3.793248800000000000e+07
6.292620987676697951e+03 6.248828220000000000e+08
6.297932990356284790e+03 3.939376812000000000e+09
6.291275542516384121e+03 2.817274583000000000e+09
6.298799446969219389e+03 7.112664000000000000e+08
6.286479269496569032e+03 2.153419374000000000e+09
6.306243633727954148e+03 3.095077100000000000e+09
6.284509124248464104e+03 1.152745112000000000e+09
6.288144046863038966e+03 4.237661546000000000e+09
6.296047108859906075e+03 4.017553534000000000e+09
6.318377807396302160e+03 1.321000405000000000e+09
6.319409415374680066e+03 1.329824128000000000e+09
6.321774122986186740e+03 2.047062796000000000e+09
6.284146197399069024e+03 2.018884482000000000e+09
6.310656969628395018e+03 3.690110376000000000e+09
6.285500378226167413e+03 2.329331989000000000e+09
6.315957380202354216e+03 3.229831391000000000e+09
6.276919429843535909e+03 2.618380213000000000e+09
6.298327003190230243e+03 2.316159067000000000e+09
6.268835284354849136e+03 1.477246657000000000e+09
6.268194035473200529e+03 4.122645450000000000e+09
6.324652916983519390e+03 1.501476324000000000e+09
6.289122523185940736e+03 2.403096792000000000e+09
6.311289801928429370e+03 3.117117072000000000e+09
6.286708611486880727e+03 1.918377077000000000e+09
6.290060825188172203e+03 4.099080796000000000e+09
6.300100514215785552e+03 1.503215744000000000e+09
6.299146416111057079e+03 2.649771671000000000e+09
6.309050918222310429e+03 2.446394354000000000e+09
6.289091318734308516e+03 7.462986900000000000e+07
6.253025527287682962e+03 2.570780174000000000e+09
6.292642038250754922e+03 3.846787438000000000e+09
6.311115703712699542e+03 3.614031047000000000e+09
6.341252271954357639e+03 3.799868233000000000e+09
6.283446235299086766e+03 1.231679477000000000e+09
6.271431841883165362e+03 8.362025710000000000e+08
6.306381727090761160e+03 2.434611493000000000e+09
6.286219241238090945e+03 1.059304872000000000e+09
6.316138416379815681e+03 1.922745564000000000e+09
6.319550169184927654e+03 4.136470239000000000e+09
6.287410211097777392e+03 2.543957743000000000e+09
6.288598791496451668e+03 4.600757100000000000e+07
6.290908900062677276e+03 3.233087470000000000e+09
6.297131047645473700e+03 5.815134880000000000e+08
6.265436615786066795e+03 2.049912534000000000e+09
6.323651744925293315e+03 5.367023300000000000e+08
6.299976806965196374e+03 1.233316855000000000e+09
6.300677227802344532e+03 3.241257447000000000e+09
6.299750822277896077e+03 1.850409969000000000e+09
6.310919714241666952e+03 2.529970738000000000e+09
6.307962854970395711e+03 1.005567960000000000e+08
6.314066020460901200e+03 7.553810080000000000e+08
6.292966714340469480e+03 8.553259600000000000e+08
6.284677475166699878e+03 1.037263103000000000e+09
6.303458973000580954e+03 3.220186330000000000e+09
6.306022726870111910e+03 3.418228724000000000e+09
6.281500178668728950e+03 2.819193536000000000e+09
6.326779360645071392e+03 4.011551706000000000e+09
6.289619934445573563e+03 3.622791315000000000e+09
6.323484312531536489e+03 3.001386137000000000e+09
6.296268366981588770e+03 1.210780800000000000e+07
6.297203878931964937e+03 1.092365503000000000e+09
6.292437353884628465e+03 2.294802427000000000e+09
6.280909564307460641e+03 1.711399188000000000e+09
6.305616269987024680e+03 2.009569556000000000e+09
6.310915332764575396e+03 1.592717830000000000e+09
6.307530642949992398e+03 3.509281145000000000e+09
6.305787378932571301e+03 1.019167864000000000e+09
6.294623889286192934e+03 4.195692458000000000e+09
6.328520990979535782e+03 1.838957640000000000e+08
6.284317239374160636e+03 3.654092610000000000e+09
6.279286132516062935e+03 3.753221839000000000e+09
6.297935860937349389e+03 3.532706050000000000e+09
6.318253091265140029e+03 2.249985189000000000e+09
6.275329980038606664e+03 3.069196890000000000e+09
6.276390244058951794e+03 2.315339894000000000e+09
6.296661662565571532e+03 3.153515202000000000e+09
6.292379521484565885e+03 2.474885592000000000e+09
6.313999093924657245e+03 9.085169220000000000e+08
6.318712723001902305e+03 3.809154634000000000e+09
6.297849057311006618e+03 9.408044200000000000e+07
6.293821215677617147e+03 3.260204670000000000e+08
6.298987955799846532e+03 2.906462300000000000e+09
6.307602215668969620e+03 2.502942622000000000e+09
6.294058245701296983e+03 6.644076750000000000e+08
6.307297160360083581e+03 2.052784663000000000e+09
6.304948297865887071e+03 2.133945158000000000e+09
6.289984813503635451e+03 2.832095611000000000e+09
6.281326692750215443e+03 1.981592826000000000e+09
6.325544741384504960e+03 2.087383544000000000e+09
6.292102759062330733e+03 3.970753696000000000e+09
6.310523566553481942e+03 1.148678388000000000e+09
6.280238639564908226e+03 1.963245000000000000e+06
6.300945972574552798e+03 3.949722840000000000e+09
6.272419166238489197e+03 2.464679324000000000e+09
6.301559423716820675e+03 7.019991110000000000e+08
6.296652657817847285e+03 4.137127160000000000e+09
6.280680331379470772e+03 1.224743284000000000e+09
6.295038616656599515e+03 9.307401940000000000e+08
6.290252061656439764e+03 1.865881805000000000e+09
6.316165810883629092e+03 3.850158438000000000e+09
6.298196072137394367e+03 2.914259336000000000e+09
6.292606658673479615e+03 3.896834126000000000e+09
6.280079921977300728e+03 7.284325970000000000e+08
6.299563363121623297e+03 1.523123238000000000e+09
6.314044170394781759e+03 2.943018349000000000e+09
6.300266604426567028e+03 2.470223729000000000e+09
6.297367794664478424e+03 1.511502471000000000e+09
6.282690268078715235e+03 3.331086484000000000e+09
6.272963535083004899e+03 2.026258666000000000e+09
6.310008150107468282e+03 1.324805110000000000e+09
6.286302983978330303e+03 4.982753730000000000e+08
6.293809706283982450e+03 1.240999211000000000e+09
6.288075956095786751e+03 1.613946384000000000e+09
6.319528083746730772e+03 1.662840399000000000e+09
6.309509178332375086e+03 1.836216168000000000e+09
6.305870428848545998e+03 7.456903580000000000e+08
6.301958552676564068e+03 1.699611656000000000e+09
6.316432728399689040e+03 3.058958129000000000e+09
6.291149148736330972e+03 3.310693093000000000e+09
6.288095379569578654e+03 4.122418250000000000e+09
6.284558698938608359e+03 3.044347147000000000e+09
6.286890500571010307e+03 2.659632169000000000e+09
6.313450659509047910e+03 1.145102199000000000e+09
6.302788740427011362e+03 3.156471792000000000e+09
6.280719696076591390e+03 2.842395764000000000e+09
6.287259869216337393e+03 3.062258917000000000e+09
6.300235263672173460e+03 2.277811711000000000e+09
6.294020011313759824e+03 3.354558864000000000e+09
6.301660843936346282e+03 1.726502497000000000e+09
6.333381871074123410e+03 3.063140676000000000e+09
6.317395567435784869e+03 3.832229281000000000e+09
6.299481222514381443e+03 1.285368604000000000e+09
6.294340271415102507e+03 2.992056516000000000e+09
6.282086777717110635e+03 2.843136124000000000e+09
6.285671750163217439e+03 4.067369494000000000e+09
6.307903364497109578e+03 6.220473010000000000e+08
6.298729524408787256e+03 3.293984900000000000e+07
6.266199870498725431e+03 3.539160566000000000e+09
6.293367118520071017e+03 1.821745413000000000e+09
6.296028148015908300e+03 3.997226402000000000e+09
6.303540943800860987e+03 1.973409641000000000e+09
6.300956566446757279e+03 6.948921710000000000e+08
6.315176213550101238e+03 3.466764467000000000e+09
6.285508071199423284e+03 8.139768980000000000e+08
6.297814566972814646e+03 4.228982281000000000e+09
6.328819991439529076e+03 1.424535630000000000e+09
6.315516282587924252e+03 4.082199408000000000e+09
6.274058008733814859e+03 9.617665790000000000e+08
6.304971346753482976e+03 1.763677313000000000e+09
6.311091006452983493e+03 3.208397776000000000e+09
6.309824362163935803e+03 1.033748360000000000e+09
6.300611232230505266e+03 3.754514452000000000e+09
6.310154807582620379e+03 1.794044804000000000e+09
6.303920857778823120e+03 2.065440792000000000e+09
6.319170432453129251e+03 3.796311628000000000e+09
6.295848301851852739e+03 5.851972800000000000e+08
6.312219801941360856e+03 2.662619150000000000e+09
6.281434496932637558e+03 2.505187659000000000e+09
6.317822567349462588e+03 9.897359300000000000e+08
6.282367933652335523e+03 7.903558110000000000e+08
6.305288032896802179e+03 2.941868690000000000e+08
6.303134692114459540e+03 1.255742689000000000e+09
6.307400194672669386e+03 2.659915634000000000e+09
6.305518735259985988e+03 1.383391568000000000e+09
6.293938541839150275e+03 2.760765514000000000e+09
6.313404006110235059e+03 2.265067869000000000e+09
6.296973407121280616e+03 2.333369866000000000e+09
6.303956466354244185e+03 3.561967207000000000e+09
6.316226453038799264e+03 3.818790080000000000e+08
6.262630402809483712e+03 1.825715557000000000e+09
6.304343070074468415e+03 2.540394778000000000e+09
6.283302596356111280e+03 1.096258155000000000e+09
6.313543574455675298e+03 3.666018828000000000e+09
6.284079880023229634e+03 3.593543049000000000e+09
6.298437292104194057e+03 2.777355277000000000e+09
6.286775658791235401e+03 4.123928960000000000e+08
6.304150360903313413e+03 3.200567548000000000e+09
6.314330630462347472e+03 3.612257270000000000e+08
6.309001527464869469e+03 1.788426983000000000e+09
6.315193593121224694e+03 3.174595640000000000e+08
6.253885884296811128e+03 2.010122651000000000e+09
