# Lens_likelihood 	 seed
9.746658297056865194e+02 3.982262951000000000e+09
3.688023628328639461e+03 2.214949232000000000e+09
2.564203293738279172e+03 2.191947210000000000e+09
3.289064172071447501e+03 3.507048363000000000e+09
2.404205578439802593e+03 2.739850358000000000e+09
3.828946732765824891e+03 4.133294584000000000e+09
3.387896193363158091e+03 1.383338981000000000e+09
4.264107902759952594e+03 2.640401642000000000e+09
1.642582429400498768e+03 1.539714660000000000e+08
1.863632176802813774e+03 1.796383501000000000e+09
2.487699867941266348e+03 3.457395150000000000e+08
5.098283698414281389e+03 3.716210008000000000e+09
4.349686854162447162e+03 4.182596463000000000e+09
3.908599405341597048e+03 4.247331712000000000e+09
2.879717029122450185e+03 2.100421384000000000e+09
1.747367644274035229e+03 9.418034580000000000e+08
3.487023514031392551e+03 6.386986990000000000e+08
3.025590559114858479e+03 3.362357533000000000e+09
4.232979767325476132e+03 3.579242839000000000e+09
2.895747751144754147e+03 2.409013580000000000e+08
1.397328888840747823e+03 2.220491282000000000e+09
2.186833801127670085e+03 1.109901900000000000e+07
1.460326343609403011e+03 5.160469700000000000e+08
3.640273871133702414e+03 1.733246434000000000e+09
3.560676215864313235e+03 3.206223937000000000e+09
3.139101588836040719e+03 2.929392179000000000e+09
2.028993508891133388e+03 3.398646807000000000e+09
4.367155427785244683e+03 2.407348591000000000e+09
3.458457988242308602e+03 2.759473609000000000e+09
3.757486455719555124e+03 9.094923350000000000e+08
2.096633196296414098e+03 1.036401432000000000e+09
4.018070289256627802e+03 9.807797620000000000e+08
1.815488495079458517e+03 2.310326607000000000e+09
2.927760804400106281e+03 2.259850359000000000e+09
2.645562776175141153e+03 2.709493787000000000e+09
1.683884114671481257e+03 2.329718257000000000e+09
2.517977473393092623e+03 2.016949752000000000e+09
2.138647074875308135e+03 1.426092310000000000e+08
3.935202851451819697e+03 1.875979600000000000e+08
3.202768617087734128e+03 3.892702710000000000e+08
3.432800875144062957e+03 2.687124394000000000e+09
3.740880530687367354e+03 2.477326798000000000e+09
2.286557699634914570e+03 4.186372817000000000e+09
1.739997313988722453e+03 3.427098403000000000e+09
2.867488384574123302e+03 1.002616032000000000e+09
4.868530575166510971e+03 3.780528750000000000e+08
3.498253286379866040e+03 1.404867790000000000e+08
4.069513751894459347e+03 8.190432430000000000e+08
4.064704638281480584e+03 4.081275053000000000e+09
1.610794078658387662e+03 4.073865485000000000e+09
2.636187844300828147e+03 3.197436792000000000e+09
1.451482009018409371e+03 3.649644076000000000e+09
3.876741925319747679e+03 2.251160845000000000e+09
3.610231858256910527e+03 3.034334385000000000e+09
4.246524575473330515e+03 1.391402848000000000e+09
3.716840077539509366e+03 1.924365860000000000e+09
3.999598970799543167e+03 3.861444711000000000e+09
3.059363816845282599e+03 3.575977970000000000e+08
2.994876090090587240e+03 2.089515225000000000e+09
3.184343240571980459e+03 6.858424000000000000e+06
1.589578686223517252e+03 7.560773170000000000e+08
3.434730742041956546e+03 3.936790992000000000e+09
2.252142681916076072e+03 1.747279705000000000e+09
2.446537890921689723e+03 8.234500000000000000e+07
3.327331707706594898e+03 3.374361566000000000e+09
4.093088832240553529e+03 1.128954205000000000e+09
3.620086936312824037e+03 4.404272720000000000e+08
2.476931729082501079e+03 3.179955630000000000e+08
2.795304110253483486e+03 1.995837094000000000e+09
4.084276903375251095e+03 2.351303874000000000e+09
2.059514639979406638e+02 1.755403560000000000e+09
3.679815231293928264e+03 2.487722088000000000e+09
3.056431915243354524e+03 6.705374360000000000e+08
2.423937111894534610e+03 2.372409198000000000e+09
3.507612528013330120e+03 3.415129430000000000e+09
4.161191221381801370e+03 4.463730210000000000e+08
3.119188650820011389e+03 1.089196750000000000e+09
2.513746794469978340e+03 2.363516632000000000e+09
2.258137120779377256e+03 2.996188437000000000e+09
3.827603170057494935e+03 1.829158383000000000e+09
2.679313455886155680e+03 2.767241306000000000e+09
4.089951434513840468e+03 9.191422620000000000e+08
8.655148618232369699e+02 2.699954835000000000e+09
3.872635731329765804e+03 6.946035160000000000e+08
2.861192927832534224e+03 3.202645525000000000e+09
1.340489970960687060e+03 2.086343531000000000e+09
3.343952590125444658e+03 1.907686479000000000e+09
2.605874743648256299e+03 3.996827457000000000e+09
1.295995791055883274e+03 2.437424817000000000e+09
3.126083879824323958e+03 4.642993430000000000e+08
3.313639538061516760e+03 2.539396778000000000e+09
3.604361142102690792e+03 1.804018220000000000e+08
3.172971355442282402e+03 8.490203220000000000e+08
1.171248394119720615e+01 1.756140516000000000e+09
3.918668899971467908e+03 2.610446490000000000e+08
2.248900806319672483e+03 3.799840335000000000e+09
2.522357406772216564e+03 5.006202310000000000e+08
3.215818104815730294e+03 8.889433850000000000e+08
4.038737060876725081e+03 4.232544681000000000e+09
4.532241217428410891e+03 3.323173894000000000e+09
5.045521088567349580e+03 1.130086856000000000e+09
2.822957118018475740e+03 3.035530440000000000e+09
3.088236986794204313e+03 3.190472840000000000e+09
4.788331361675275730e+03 3.875483960000000000e+09
3.725658284317772996e+03 4.167099410000000000e+09
2.573989711554212590e+03 8.901662700000000000e+07
2.682261419313799706e+03 3.362724020000000000e+08
4.933747694710076757e+03 1.772066407000000000e+09
2.327254059198934556e+03 2.463496227000000000e+09
2.563915811214870700e+03 4.330538800000000000e+08
2.534257798978486790e+03 2.216344543000000000e+09
4.098080333163725300e+03 3.967254549000000000e+09
2.164354383533350301e+03 9.294008000000000000e+07
2.160466758726460284e+03 3.133491513000000000e+09
1.437777154298102687e+03 1.952408733000000000e+09
4.078267465354043452e+03 3.587862395000000000e+09
2.191334090179493614e+03 2.551332282000000000e+09
3.860521399252970696e+03 5.791880950000000000e+08
3.256515033582228170e+03 4.002137080000000000e+09
2.111519324095842421e+03 1.469754468000000000e+09
5.122342710357341275e+03 1.869812124000000000e+09
3.006597476988224116e+03 2.265998437000000000e+09
3.967580306797845878e+03 1.771346930000000000e+09
4.181436579561771396e+03 1.698733922000000000e+09
3.022730956591261929e+03 1.487253184000000000e+09
3.682736534128840503e+03 1.453320020000000000e+08
-7.723410717582246434e+02 8.175261830000000000e+08
1.833598607597408773e+03 4.196162454000000000e+09
1.005637608456710041e+03 7.869585410000000000e+08
4.008281692008886239e+03 3.590728823000000000e+09
2.421582623649970628e+03 2.128201510000000000e+08
3.375260928595426776e+03 6.134325900000000000e+07
3.204866426281389067e+03 9.725791600000000000e+08
2.668856846392181978e+03 3.837629566000000000e+09
2.647660739799990552e+03 2.103875739000000000e+09
3.625206450222369313e+03 3.820663758000000000e+09
2.403801609218292469e+03 3.187901410000000000e+08
2.925375253659405644e+03 3.158238236000000000e+09
2.060638231743426331e+03 1.079070801000000000e+09
2.737687580717511992e+03 3.707685532000000000e+09
1.961268066118502247e+03 3.498403322000000000e+09
2.840610749692595164e+03 9.106088560000000000e+08
2.908389504300361295e+03 3.899059780000000000e+08
2.253480243666270326e+03 3.705929636000000000e+09
2.053928895854729490e+03 1.528306076000000000e+09
4.217952046914653693e+03 2.708528400000000000e+08
4.554033909220837813e+03 2.173052221000000000e+09
2.868107996850872041e+03 3.551254060000000000e+09
2.613163771852631726e+03 1.271307539000000000e+09
3.710439077222536980e+03 1.147568046000000000e+09
1.063450015876187535e+03 2.056787280000000000e+08
2.948530028730842787e+03 3.181274979000000000e+09
4.580806368147166722e+03 2.438838709000000000e+09
4.399150320563679088e+03 9.543705230000000000e+08
2.122653944863533980e+03 2.441951728000000000e+09
1.753359351676056576e+03 3.572033730000000000e+08
1.072122769409101238e+03 3.904168187000000000e+09
2.321941843395764408e+03 3.954628017000000000e+09
4.706124545392568507e+03 3.096080543000000000e+09
3.029476336027328216e+02 2.209064711000000000e+09
1.583820256543041069e+03 3.152697988000000000e+09
1.861611645186355418e+03 2.690071857000000000e+09
4.589640770350380990e+03 1.170582244000000000e+09
1.774299590128612181e+03 9.561398860000000000e+08
3.321066300284647696e+03 2.408539104000000000e+09
3.050263062960292700e+03 1.086263811000000000e+09
2.243890836359006244e+03 1.793818506000000000e+09
2.578155491915460516e+03 3.618533872000000000e+09
2.534457875165931000e+03 4.015608290000000000e+08
2.138785049456829256e+03 1.039913109000000000e+09
4.083565514069435267e+03 2.438614851000000000e+09
3.796834657987887113e+03 2.040430285000000000e+09
3.069616775920564578e+03 2.074129309000000000e+09
2.854019594682711613e+03 3.088172569000000000e+09
3.042877860905330635e+03 2.953835350000000000e+09
3.185783577110307306e+03 2.590862360000000000e+08
3.250811948558598488e+03 6.533881370000000000e+08
1.275976177228068991e+03 2.479961400000000000e+07
3.132540501012405002e+03 4.195235785000000000e+09
1.053043541479251871e+03 2.456749406000000000e+09
4.342347605648217723e+03 7.929668850000000000e+08
5.137344197920858278e+03 2.991625298000000000e+09
2.452465749447223061e+03 2.136693027000000000e+09
2.557457104783301475e+03 2.713136263000000000e+09
3.772065381418791731e+03 5.690017500000000000e+08
4.707181171000040194e+03 3.425536977000000000e+09
1.146454526284910571e+03 4.360134240000000000e+08
2.006198680046767549e+03 4.257070906000000000e+09
2.918541928403649763e+03 1.844360358000000000e+09
2.702717237081265012e+03 2.721091367000000000e+09
1.715360388249763673e+03 4.334856650000000000e+08
4.169492106051363407e+03 5.953184650000000000e+08
2.132330038731460263e+03 1.723975242000000000e+09
3.013826655565703732e+03 3.699704342000000000e+09
1.892777974008443380e+03 3.506935135000000000e+09
2.823886349397328559e+03 9.037754740000000000e+08
3.912347978127927490e+03 1.750292081000000000e+09
2.459478942194515184e+03 4.022210207000000000e+09
3.395215913962729246e+03 8.070052820000000000e+08
3.516028330348995951e+03 1.551942390000000000e+09
2.621803637054887986e+03 3.991582326000000000e+09
5.177806459526993422e+03 2.722110608000000000e+09
2.466977195588993709e+03 1.928574943000000000e+09
3.314669869152054162e+03 1.911639125000000000e+09
2.674147516681811794e+03 2.565087267000000000e+09
3.223368369598048048e+03 1.081932817000000000e+09
1.863893971560491991e+03 1.437193319000000000e+09
2.198179236270221736e+03 1.404031023000000000e+09
4.683714354246259973e+03 4.159297202000000000e+09
4.567909769078800309e+03 1.116753980000000000e+09
3.431078323513189389e+03 1.834598120000000000e+08
3.919192061565953736e+03 1.010321529000000000e+09
2.779839485592859091e+03 1.851984342000000000e+09
4.344686524304707746e+03 1.286907375000000000e+09
5.119111167344799469e+03 3.363872146000000000e+09
3.216678940339115798e+03 1.958108323000000000e+09
4.308912278663987308e+03 9.692198340000000000e+08
3.464099362390895294e+03 4.026677005000000000e+09
3.022847145306947823e+03 3.749904506000000000e+09
2.143335915789800310e+03 3.559975351000000000e+09
5.410577414129045792e+03 3.167436236000000000e+09
2.922920273329196789e+03 2.148085507000000000e+09
2.691964827034083100e+03 2.893482668000000000e+09
1.251225037467515904e+03 1.508016673000000000e+09
2.353894984189728348e+03 2.428057586000000000e+09
1.792333341652488343e+03 2.158591259000000000e+09
1.438226120631032245e+03 2.516513848000000000e+09
4.311945904004610384e+03 8.078113590000000000e+08
4.107119796697682432e+03 1.996404332000000000e+09
4.719995380031245986e+03 8.565154070000000000e+08
2.388493056051671374e+03 2.841898371000000000e+09
3.188449575903052391e+03 3.731362219000000000e+09
2.925744007707487981e+03 2.896747246000000000e+09
2.366784200194115328e+03 3.286364658000000000e+09
4.747042484931728723e+03 2.860431222000000000e+09
3.727903837129171734e+03 6.308527900000000000e+08
4.100357731915917611e+03 2.185040599000000000e+09
4.413497171301866729e+03 2.735257810000000000e+08
1.326626966535302927e+03 1.334378123000000000e+09
1.742595792551324848e+03 4.209529375000000000e+09
4.241861754236346314e+03 1.081484591000000000e+09
3.214504936373883538e+03 2.418633508000000000e+09
4.104518808939056726e+03 3.444778270000000000e+09
2.597165051215894891e+03 3.922832300000000000e+08
4.594176517795249310e+03 1.047384930000000000e+08
2.667745665989667032e+03 1.273825712000000000e+09
4.094977808860910045e+03 4.221228227000000000e+09
4.450505192969575546e+03 1.122732461000000000e+09
3.629927465111968559e+03 3.580056759000000000e+09
2.738805067766599677e+03 2.020793214000000000e+09
3.825034362150822744e+03 2.896594007000000000e+09
1.855838766785478583e+03 3.580514100000000000e+08
2.431190410483365667e+03 4.198851910000000000e+09
1.828296892414223294e+03 1.023823221000000000e+09
2.979346545383610646e+03 2.247775596000000000e+09
3.542565572956782489e+03 7.487421800000000000e+07
2.839238204190201031e+03 1.716630705000000000e+09
3.515197032648377899e+03 4.037173776000000000e+09
3.905863009966476056e+03 1.190455060000000000e+08
4.232099682908999057e+03 1.628866655000000000e+09
1.156090766747547605e+03 1.946006359000000000e+09
1.999224236584333994e+03 1.445532934000000000e+09
1.868414322790057668e+03 2.622662776000000000e+09
3.116352772616118273e+03 2.267432577000000000e+09
3.679601718384921696e+03 1.906819826000000000e+09
3.429176992421736941e+03 3.924690002000000000e+09
4.557460485877097199e+03 2.846705376000000000e+09
4.041486838383417307e+03 2.528272963000000000e+09
3.014214052386941148e+03 9.495695650000000000e+08
2.355470161298873791e+03 2.116544269000000000e+09
2.827699145102286820e+03 5.850506960000000000e+08
4.666049605413692916e+03 1.981385414000000000e+09
2.962754134171003898e+03 5.309192510000000000e+08
2.495818246998093855e+03 3.445725080000000000e+09
3.299906905418474707e+03 2.221673727000000000e+09
2.309825771977910335e+03 1.748511036000000000e+09
3.213465312942986202e+03 2.108005340000000000e+09
2.237993456935972063e+03 3.975408154000000000e+09
1.306019716177624105e+03 2.619722596000000000e+09
2.983747442213585600e+03 1.724739681000000000e+09
4.057933472389779126e+03 3.147893480000000000e+09
2.058432144595855789e+03 3.156465057000000000e+09
3.428018170472661041e+03 1.335921174000000000e+09
2.893449977280664825e+03 1.961408740000000000e+08
2.676802166502729960e+03 1.917359682000000000e+09
3.578046229630977905e+03 3.972322813000000000e+09
1.684341245035040629e+03 1.154317408000000000e+09
3.109512111467178329e+03 1.980089208000000000e+09
4.758485077910305336e+03 1.152081283000000000e+09
4.585145511313819952e+03 2.647631041000000000e+09
4.968020831508304582e+03 4.277488035000000000e+09
3.986382485566548894e+03 3.633480530000000000e+09
2.756511553662268852e+03 4.133128580000000000e+08
2.085112597585226467e+03 2.060560301000000000e+09
3.015563162095318148e+03 1.247751885000000000e+09
1.274594231868559291e+03 1.471967244000000000e+09
2.616799194915171938e+03 1.695198231000000000e+09
3.175093487888205345e+03 4.077226344000000000e+09
3.012014263748495978e+03 2.817907755000000000e+09
3.271746443749716491e+03 4.866728290000000000e+08
2.375851169294755891e+03 1.488151566000000000e+09
2.589324887710070470e+03 3.869496335000000000e+09
3.256261709325774973e+03 7.269163860000000000e+08
2.522965099545601333e+03 2.162673062000000000e+09
5.538302736133015969e+03 1.770772806000000000e+09
2.935009520439401058e+03 2.385805915000000000e+09
4.328625403998956244e+03 4.199900660000000000e+08
3.465576596224396781e+03 2.981087298000000000e+09
1.873697529463762294e+03 2.415144424000000000e+09
3.493208343094580414e+03 1.819756824000000000e+09
6.443423225709966573e+02 1.629873859000000000e+09
3.500959995349924611e+03 3.178084070000000000e+09
2.548188327245902656e+03 2.054079951000000000e+09
2.355291384819384803e+03 3.398186911000000000e+09
1.805939430893203280e+03 3.298517316000000000e+09
1.858622826137404445e+03 1.541250931000000000e+09
2.944216976293702828e+03 3.874912610000000000e+09
2.263816307133080045e+03 3.652153338000000000e+09
2.507391602659339696e+03 3.812702164000000000e+09
4.541623355249832457e+03 1.654092230000000000e+08
3.602177013655032169e+03 1.012012353000000000e+09
4.015414882525305984e+03 3.447380240000000000e+08
2.445987173967229865e+03 6.070163970000000000e+08
3.497773136244098168e+03 1.472912460000000000e+09
1.875770206584851621e+03 1.315716954000000000e+09
2.575670105858819625e+03 2.165294626000000000e+09
3.454430727768839461e+03 2.003890503000000000e+09
2.627640180454423898e+03 3.896103548000000000e+09
5.009893975122096890e+03 3.826786229000000000e+09
4.404116260056550345e+03 1.794250120000000000e+09
1.666449638551338467e+03 1.190258446000000000e+09
2.020639315116013677e+03 1.046241280000000000e+09
3.802195923483445767e+03 2.786904848000000000e+09
2.737316643084695897e+03 1.714546781000000000e+09
3.036561574013062454e+03 1.590684290000000000e+08
2.613145195877055812e+03 3.432339413000000000e+09
3.493026439544086315e+03 8.297550200000000000e+08
2.078514669785125989e+03 1.320333230000000000e+08
3.371080677956711952e+03 4.157610084000000000e+09
3.353572281365657545e+03 2.019477650000000000e+08
2.477059348023205530e+03 6.488299800000000000e+08
3.768249011332388363e+03 3.532980943000000000e+09
1.777715109707859483e+03 3.277926896000000000e+09
4.640163844434460771e+03 1.977919090000000000e+08
2.918474816441530493e+03 1.468694961000000000e+09
2.501011934808941987e+03 2.070703290000000000e+08
2.687559881568283345e+03 2.251561726000000000e+09
2.740538168577782926e+03 3.216129985000000000e+09
1.934912599329608383e+03 3.159784483000000000e+09
5.143743201871682686e+03 1.053131866000000000e+09
