# Lens_likelihood 	 seed
5.491135868896139073e+03 7.110974620000000000e+08
5.496306649449322322e+03 2.073666851000000000e+09
5.485207830062829998e+03 7.268114180000000000e+08
5.489585090081460294e+03 9.078180050000000000e+08
5.494953961410881675e+03 9.928439960000000000e+08
5.459200461946556061e+03 5.162191100000000000e+07
5.485260473244610694e+03 4.971453010000000000e+08
5.469032423935495899e+03 2.489042838000000000e+09
5.478421731109774555e+03 2.847786473000000000e+09
5.504998557685232299e+03 2.280379270000000000e+08
5.498633818127160339e+03 8.696841470000000000e+08
5.503762930064939610e+03 2.330105427000000000e+09
5.469322165668125308e+03 3.632842764000000000e+09
5.494776562970011582e+03 3.124367567000000000e+09
5.482734163265447933e+03 4.032655442000000000e+09
5.506184042519729701e+03 1.582243462000000000e+09
5.510115983461040742e+03 3.631654728000000000e+09
5.501833278295106538e+03 9.459947120000000000e+08
5.486059803744499732e+03 3.254472513000000000e+09
5.495612575298992851e+03 3.789616914000000000e+09
5.504506653874587755e+03 4.749305590000000000e+08
5.444546958913320850e+03 8.343139170000000000e+08
5.478456998225801726e+03 9.985467020000000000e+08
5.501212430615480116e+03 2.003864625000000000e+09
5.478563497934250336e+03 3.699073474000000000e+09
5.488767937136541150e+03 2.056034038000000000e+09
5.484302035881353731e+03 2.818594940000000000e+09
5.480669565744939973e+03 6.222841550000000000e+08
5.485200813105884663e+03 5.811900970000000000e+08
5.492057064440422437e+03 4.247059721000000000e+09
5.471903217556638992e+03 1.705276945000000000e+09
5.482255188709932554e+03 1.227584443000000000e+09
5.485641918526878726e+03 1.744455506000000000e+09
5.472124661956633645e+03 4.295444690000000000e+08
5.487240217051729815e+03 1.138147270000000000e+08
5.490760320186101126e+03 1.274237924000000000e+09
5.491113225882292681e+03 4.206981495000000000e+09
5.496248832744844549e+03 2.130096075000000000e+09
5.502106364463477803e+03 4.644567670000000000e+08
5.500867677297583214e+03 1.073721582000000000e+09
5.482091004414676718e+03 2.034670658000000000e+09
5.501697787479312865e+03 7.975350800000000000e+07
5.470197299441446376e+03 2.055018837000000000e+09
5.469411056734572412e+03 3.724944847000000000e+09
5.497804096641912110e+03 1.965192505000000000e+09
5.467537379066532594e+03 2.626376330000000000e+08
5.461429316482533068e+03 1.506545400000000000e+09
5.502564234134046274e+03 2.760419469000000000e+09
5.476811302116535444e+03 3.472822852000000000e+09
5.492869785517751552e+03 7.986304760000000000e+08
5.489628482290376269e+03 3.854816985000000000e+09
5.523467221746179348e+03 1.744165429000000000e+09
5.507377755647911727e+03 3.554459749000000000e+09
5.473397165815507833e+03 7.559148370000000000e+08
5.485120564597419616e+03 3.921990901000000000e+09
5.495006626039518778e+03 1.103113103000000000e+09
5.484929596381479314e+03 9.360816560000000000e+08
5.480454937259191865e+03 3.327572911000000000e+09
5.491836899155552601e+03 3.767411396000000000e+09
5.496483582430105344e+03 3.698636200000000000e+09
5.507352868247393417e+03 3.053221721000000000e+09
5.507171439287655630e+03 2.031785721000000000e+09
5.461898943499600136e+03 3.333548972000000000e+09
5.503520102618482269e+03 1.933909470000000000e+08
5.478075058963640913e+03 2.483533893000000000e+09
5.501631352799185152e+03 2.585144256000000000e+09
5.467100916872676862e+03 1.740218725000000000e+09
5.484391073913759101e+03 2.056884591000000000e+09
5.477651838245787076e+03 1.364548189000000000e+09
5.474092749918407208e+03 4.190652851000000000e+09
5.486335331697149741e+03 3.873047197000000000e+09
5.480550928741605276e+03 5.493568240000000000e+08
5.454549425353996412e+03 3.742021775000000000e+09
5.528563987353714765e+03 2.605823850000000000e+08
5.507079088548171967e+03 1.728222730000000000e+08
5.473805018996990839e+03 3.648054695000000000e+09
5.487955006428031993e+03 6.491288770000000000e+08
5.489500979359110715e+03 1.050821564000000000e+09
5.493998377020197950e+03 5.646607730000000000e+08
5.448581874866084036e+03 1.891879611000000000e+09
5.489606692086447765e+03 2.208635315000000000e+09
5.495315571340027418e+03 1.373443807000000000e+09
5.510938170048132633e+03 1.981789695000000000e+09
5.468499371229550889e+03 2.857124230000000000e+09
5.456348296633063910e+03 2.252826870000000000e+09
5.473024785126130155e+03 1.145459547000000000e+09
5.476272373217710083e+03 1.127912597000000000e+09
5.466471315588600191e+03 2.425788007000000000e+09
5.494781039044873069e+03 2.768802677000000000e+09
5.476900924344208761e+03 3.000703217000000000e+09
5.488025478917812507e+03 3.742435591000000000e+09
5.498298709612114180e+03 1.882689109000000000e+09
5.499099380963179101e+03 2.204307077000000000e+09
5.506545580522029923e+03 1.829168109000000000e+09
5.507199115190349403e+03 2.409339313000000000e+09
5.482531133329433942e+03 3.811979040000000000e+08
5.482156582176989104e+03 2.219742155000000000e+09
5.494648065616976965e+03 2.713546701000000000e+09
5.488057335382336532e+03 3.284992263000000000e+09
5.486514866105449983e+03 3.241074350000000000e+09
5.491578668244755136e+03 2.306227161000000000e+09
5.470422143673643404e+03 3.332473430000000000e+09
5.484461601722791784e+03 4.470221520000000000e+08
5.489566224579575646e+03 2.011296222000000000e+09
5.499017752200910763e+03 1.877541916000000000e+09
5.480342624617418551e+03 3.766292322000000000e+09
5.491297899649098326e+03 2.772381320000000000e+08
5.511496267649982656e+03 3.084392616000000000e+09
5.498623074299342989e+03 1.541632653000000000e+09
5.513915803023702210e+03 3.790215163000000000e+09
5.503411538748356179e+03 3.609124370000000000e+09
5.481677906898723450e+03 2.304728853000000000e+09
5.487370239007187593e+03 5.898243080000000000e+08
5.445884838964696428e+03 3.675830218000000000e+09
5.470146191274354351e+03 1.423730876000000000e+09
5.494610110355783036e+03 7.125603450000000000e+08
5.464715634485264673e+03 2.970537687000000000e+09
5.471037714576794315e+03 4.156868620000000000e+08
5.474064695708200816e+03 8.114967540000000000e+08
5.502085080863360417e+03 1.457681369000000000e+09
5.475323927934357926e+03 2.069838620000000000e+09
5.430084212151446081e+03 2.991285827000000000e+09
5.511002658478308149e+03 3.294661500000000000e+07
5.501692319433092052e+03 1.985600030000000000e+09
5.455581062167923847e+03 4.145478129000000000e+09
5.478366755936110167e+03 2.944941954000000000e+09
5.474444028256754791e+03 1.491086028000000000e+09
5.476167502067254645e+03 2.530897510000000000e+09
5.488115896356450321e+03 3.423591739000000000e+09
5.465822057716354720e+03 4.157161639000000000e+09
5.470375413920784922e+03 3.230194426000000000e+09
5.504075477550953110e+03 3.723394292000000000e+09
5.480121300632166822e+03 2.731380490000000000e+08
5.479477470851767066e+03 7.420028750000000000e+08
5.478259960515606508e+03 1.057899842000000000e+09
5.475879516943345152e+03 2.829085372000000000e+09
5.485964273396303724e+03 1.242180771000000000e+09
5.476454434511864747e+03 1.064406422000000000e+09
5.461481741217212402e+03 2.574410941000000000e+09
5.489434924939836492e+03 3.681984345000000000e+09
5.476363001610051469e+03 3.359093923000000000e+09
5.428145306734817495e+03 1.318012742000000000e+09
5.498492417360579566e+03 7.211776050000000000e+08
5.496721985542835682e+03 1.646392290000000000e+08
5.497955300703357352e+03 9.772946100000000000e+07
5.454067500510956961e+03 2.471305901000000000e+09
5.498232380492721859e+03 3.839084160000000000e+08
5.485116815717337886e+03 3.862667058000000000e+09
5.465743419147062014e+03 9.751075330000000000e+08
5.521442904143499618e+03 8.654593100000000000e+07
5.481718528296814839e+03 3.341149435000000000e+09
5.474315541594126444e+03 1.847188510000000000e+08
5.452974420786678820e+03 1.306898664000000000e+09
5.493344577576923257e+03 1.089421717000000000e+09
5.478587144663402796e+03 3.370465091000000000e+09
5.484764804224893851e+03 2.101934639000000000e+09
5.495285849954168953e+03 3.212536601000000000e+09
5.501447609808587913e+03 3.368400430000000000e+08
5.488213557868916723e+03 2.438306246000000000e+09
5.482820044583469098e+03 1.036491262000000000e+09
5.469896703662940126e+03 1.662172482000000000e+09
5.517011110022905996e+03 3.297792607000000000e+09
5.489492808828525085e+03 1.715847187000000000e+09
5.496259058020754310e+03 3.063124330000000000e+08
5.508254849038073189e+03 3.937941467000000000e+09
5.482142803585856200e+03 2.105562110000000000e+09
5.474267634926074606e+03 1.301438465000000000e+09
5.499713454259379432e+03 3.084667510000000000e+09
5.499705849031499383e+03 6.545557520000000000e+08
5.478549714634512384e+03 6.635930400000000000e+08
5.495395862503831268e+03 3.373676866000000000e+09
5.506951234744749854e+03 1.993339137000000000e+09
5.518744308483082023e+03 4.038261840000000000e+09
5.494398536243636045e+03 3.955507791000000000e+09
5.457074495012649095e+03 1.849250796000000000e+09
5.491103591540068010e+03 3.204217509000000000e+09
5.508991055761720418e+03 2.477505358000000000e+09
5.474977536177118054e+03 1.587236983000000000e+09
5.490610137008819947e+03 8.856796370000000000e+08
5.473748542133795127e+03 2.612436654000000000e+09
5.505203645161092936e+03 1.176411630000000000e+08
5.482479932994449882e+03 2.682727455000000000e+09
5.489801412836430245e+03 1.734462494000000000e+09
5.482910055821260357e+03 3.863383283000000000e+09
5.503665447317521284e+03 3.238607648000000000e+09
5.486816398618781022e+03 3.738536036000000000e+09
5.489485943291655531e+03 9.542595490000000000e+08
5.491245955388366383e+03 1.970669269000000000e+09
5.480306769099967823e+03 4.084031199000000000e+09
5.473431763987832710e+03 9.386364650000000000e+08
5.467238179878543633e+03 1.755739600000000000e+07
5.484426665233819222e+03 2.824096410000000000e+09
5.503231510184686158e+03 1.626757215000000000e+09
5.482420739002134724e+03 3.841050294000000000e+09
5.462494479498615874e+03 4.067442773000000000e+09
5.507267215378058609e+03 6.158251500000000000e+07
5.503408673152847769e+03 7.839453470000000000e+08
5.494620955633181438e+03 2.869366535000000000e+09
5.480276484862605685e+03 1.762964819000000000e+09
5.508392361627349601e+03 3.858123121000000000e+09
5.484743097375268917e+03 3.212975401000000000e+09
5.499384316522715380e+03 1.389520211000000000e+09
5.495794958019316255e+03 1.193097506000000000e+09
5.473258024839429709e+03 1.624747370000000000e+09
5.480331853307826350e+03 2.974970119000000000e+09
5.472530147416778163e+03 3.792496885000000000e+09
5.472173425563266392e+03 1.735094810000000000e+09
5.501433280992209802e+03 2.408546036000000000e+09
5.467194742783472975e+03 1.723831059000000000e+09
5.498336525869312027e+03 1.975596736000000000e+09
5.471583420366986502e+03 2.344951514000000000e+09
5.489730938991411676e+03 3.940692792000000000e+09
5.462711623270530254e+03 1.895801350000000000e+08
5.488555134975543297e+03 1.248492180000000000e+09
5.453310061632155339e+03 3.926509921000000000e+09
5.488822998158063456e+03 1.379345828000000000e+09
5.484233001973560022e+03 1.935999637000000000e+09
5.467114413682177656e+03 2.333640681000000000e+09
5.480153855440979896e+03 1.340420946000000000e+09
5.462513153939130461e+03 2.047487426000000000e+09
5.493888290019956003e+03 3.178135661000000000e+09
5.482765783870008818e+03 2.743394483000000000e+09
5.465426333320559024e+03 1.104290773000000000e+09
5.478836365907065556e+03 8.197013240000000000e+08
5.501129286343581043e+03 9.746750680000000000e+08
5.475776644788255908e+03 2.049372120000000000e+08
5.494959914822869905e+03 2.274715384000000000e+09
5.489237274004225583e+03 1.330001830000000000e+08
5.507827464879029321e+03 1.617828211000000000e+09
5.502590713535532814e+03 3.589085961000000000e+09
5.483330674779195760e+03 3.763906596000000000e+09
5.488414328089724222e+03 3.440520993000000000e+09
5.472247706487664800e+03 2.225848794000000000e+09
5.486687960353226117e+03 2.022867510000000000e+08
5.494518123959907825e+03 3.083008688000000000e+09
5.474104336876020170e+03 2.192443037000000000e+09
5.485704070459383729e+03 3.221907669000000000e+09
5.502194587468493410e+03 8.552049480000000000e+08
5.474089505355204892e+03 2.820338280000000000e+09
5.515266176193213141e+03 9.426901330000000000e+08
5.474598026238887542e+03 3.661195280000000000e+09
5.511661400372950084e+03 2.630228458000000000e+09
5.464951006034291822e+03 1.818238363000000000e+09
5.494456786198723421e+03 1.329434652000000000e+09
5.500011020911368178e+03 3.391905683000000000e+09
5.483525171676127684e+03 3.231373491000000000e+09
5.506726055922299565e+03 1.525559989000000000e+09
5.497140420970316882e+03 4.057844280000000000e+08
5.489616611002650643e+03 2.196610980000000000e+08
5.496443546469735338e+03 1.825673358000000000e+09
5.493770847051006058e+03 1.213456157000000000e+09
5.525652833092753099e+03 3.786976027000000000e+09
5.499525897454622282e+03 2.716662506000000000e+09
5.518677291641752163e+03 1.470841984000000000e+09
5.478006054925576791e+03 3.062673380000000000e+08
5.482728007472585887e+03 2.993369360000000000e+09
5.512627006336699196e+03 2.822203072000000000e+09
5.477048107518820871e+03 2.152844818000000000e+09
5.486888097822301461e+03 1.956119228000000000e+09
5.502156573780766848e+03 1.615681165000000000e+09
5.503502732569344516e+03 4.178981250000000000e+09
5.465264340320765768e+03 7.459882090000000000e+08
5.483724378959099340e+03 3.055717324000000000e+09
5.482128314138934002e+03 2.344806907000000000e+09
5.475189649532899239e+03 3.270878261000000000e+09
5.490270651002223531e+03 2.565509868000000000e+09
5.495094519324875364e+03 2.362000285000000000e+09
5.479291479319311293e+03 3.354925142000000000e+09
5.509145098381157368e+03 3.484049670000000000e+08
5.497976874272024361e+03 1.410508872000000000e+09
5.475926782616049422e+03 4.055521285000000000e+09
5.481838927102253365e+03 3.443360910000000000e+09
5.478068328320230648e+03 3.523989067000000000e+09
5.460972299864505658e+03 1.158025506000000000e+09
5.508461293785742782e+03 4.214253384000000000e+09
5.495320430316091915e+03 1.737076327000000000e+09
5.475532755034402726e+03 2.094289455000000000e+09
5.490899702535018150e+03 3.146736220000000000e+08
5.491411720133339259e+03 2.398621078000000000e+09
5.506583946949665005e+03 2.560140416000000000e+09
5.450835661879311374e+03 3.596329253000000000e+09
5.488471164851931462e+03 1.652988908000000000e+09
5.475465189529077179e+03 2.570167174000000000e+09
5.500893713501758612e+03 9.559778580000000000e+08
5.509687970881108413e+03 2.025665719000000000e+09
5.507434164138658161e+03 3.330125764000000000e+09
5.487463715885716738e+03 8.345790180000000000e+08
5.474554318937128301e+03 4.265085673000000000e+09
5.507878308174478661e+03 1.849309180000000000e+09
5.507866768381220936e+03 3.474710636000000000e+09
5.474972723149419835e+03 1.785819569000000000e+09
5.483212452047689112e+03 3.712905279000000000e+09
5.468294509516987091e+03 3.605299779000000000e+09
5.494441587927061846e+03 5.065241330000000000e+08
5.474730754037994302e+03 3.079344145000000000e+09
5.500708998481052731e+03 1.424668833000000000e+09
5.501094364157052951e+03 3.849248482000000000e+09
5.475795120423734261e+03 2.773456043000000000e+09
5.505051910050073275e+03 9.906477280000000000e+08
5.506647374830725312e+03 1.118765640000000000e+09
5.514918448092107610e+03 4.013105110000000000e+08
5.467656171837889815e+03 3.964202862000000000e+09
5.500154110624540408e+03 9.785182600000000000e+07
5.505748477383524005e+03 3.225223207000000000e+09
5.492066762634630322e+03 6.410004300000000000e+08
5.468329515947096297e+03 1.367880000000000000e+07
5.490586784308822644e+03 4.596487600000000000e+07
5.482731921086074180e+03 4.244095959000000000e+09
5.491797368067593197e+03 1.799119217000000000e+09
5.472625711771590431e+03 5.237173440000000000e+08
5.489142808245823289e+03 8.929157200000000000e+07
5.500377495539727533e+03 2.818568258000000000e+09
5.491462861693285959e+03 3.878171158000000000e+09
5.499051859036258975e+03 1.506807051000000000e+09
5.488508264270108157e+03 1.257971837000000000e+09
5.482697540569801276e+03 3.436900595000000000e+09
5.461635672250552489e+03 2.750394795000000000e+09
5.502819497813467024e+03 2.046927295000000000e+09
5.474457451588622462e+03 1.035084577000000000e+09
5.480277830842353069e+03 3.599347936000000000e+09
5.486340366218266354e+03 7.977641380000000000e+08
5.503300250421305464e+03 3.636670272000000000e+09
5.507682175461122824e+03 1.716424274000000000e+09
5.488108996591532559e+03 7.227011270000000000e+08
5.500695276242849104e+03 1.662601830000000000e+08
5.494804717285232982e+03 3.113437930000000000e+09
5.495276341247234086e+03 3.365270303000000000e+09
5.508031302063168368e+03 8.214529100000000000e+07
5.464163986301351542e+03 2.777935995000000000e+09
5.483869258913595331e+03 2.022727740000000000e+09
5.499892208840716194e+03 3.977209097000000000e+09
5.511855184036216997e+03 3.923095266000000000e+09
5.509653501996437626e+03 5.099774680000000000e+08
5.492816217973532730e+03 2.316268701000000000e+09
5.466369738197302468e+03 3.518893028000000000e+09
5.459411040922110260e+03 5.598268410000000000e+08
5.459618570502534567e+03 1.115745033000000000e+09
5.476692494907754735e+03 1.575565556000000000e+09
5.503613196254995273e+03 3.801505557000000000e+09
5.476721440551496926e+03 3.809137267000000000e+09
5.482921548604425880e+03 3.121521707000000000e+09
5.496482351607503915e+03 1.620638799000000000e+09
5.488803434778675182e+03 2.687164473000000000e+09
5.482094094649644830e+03 3.870239164000000000e+09
5.500741412518957077e+03 3.339622060000000000e+08
5.495152095950084004e+03 2.087076747000000000e+09
5.464612803664153944e+03 1.762703189000000000e+09
5.532927432135968957e+03 7.598982100000000000e+08
5.473422744098020303e+03 3.471113666000000000e+09
5.471077431819329831e+03 2.451739660000000000e+08
