# Lens_likelihood 	 seed
5.686538764176706536e+03 3.639682094000000000e+09
5.661823308284903760e+03 5.450661300000000000e+07
5.637759096157549720e+03 3.401668184000000000e+09
5.654354932246758835e+03 1.799716489000000000e+09
5.622173670248619601e+03 1.699561010000000000e+09
5.639593757948205166e+03 4.078401280000000000e+08
5.669957096192249992e+03 1.242190798000000000e+09
5.624315798715036181e+03 4.089805388000000000e+09
5.685656503464866546e+03 3.999649580000000000e+09
5.693170738370708932e+03 2.111777886000000000e+09
5.702306604776365930e+03 1.707115063000000000e+09
5.618638376231489929e+03 3.600106205000000000e+09
5.669958481084269806e+03 1.364516065000000000e+09
5.677526485902722925e+03 2.687188858000000000e+09
5.693938062642106161e+03 9.523424830000000000e+08
5.658385255312919071e+03 1.625467670000000000e+08
5.717730764956139865e+03 2.104655664000000000e+09
5.650393676000965570e+03 4.281789930000000000e+08
5.635543781435351775e+03 2.408186478000000000e+09
5.641688703337849802e+03 3.705074315000000000e+09
5.675759622212102840e+03 3.332624336000000000e+09
5.645059381402274084e+03 1.675376378000000000e+09
5.689040325067792764e+03 2.803791332000000000e+09
5.664471898940249957e+03 3.996439130000000000e+09
5.694565495173434101e+03 1.192601337000000000e+09
5.667533528769461554e+03 3.109707502000000000e+09
5.636715975296025135e+03 1.811150709000000000e+09
5.692161805370811635e+03 3.339267380000000000e+09
5.614073609412804217e+03 2.693252819000000000e+09
5.648933850299876212e+03 1.629588840000000000e+09
5.659825124348787540e+03 6.893714240000000000e+08
5.621704646698879515e+03 3.945378043000000000e+09
5.657227937729851874e+03 4.007044625000000000e+09
5.675578084906489494e+03 3.066793762000000000e+09
5.670204568403161829e+03 1.146127900000000000e+08
5.667306691448224228e+03 3.285013160000000000e+09
5.629337108868470750e+03 2.971499301000000000e+09
5.654445195926014094e+03 2.434445247000000000e+09
5.675487675467217741e+03 3.666917487000000000e+09
5.671733352189137804e+03 1.702976838000000000e+09
5.660628115700847047e+03 1.977106942000000000e+09
5.563948977598218335e+03 2.755503872000000000e+09
5.662324571484949956e+03 8.603014380000000000e+08
5.673745437530022173e+03 2.078119788000000000e+09
5.647528569093008628e+03 1.465787949000000000e+09
5.689053640537784304e+03 1.415849930000000000e+08
5.646296585624731961e+03 7.051430680000000000e+08
5.636969741391119896e+03 3.702895382000000000e+09
5.656944022272928123e+03 2.714927941000000000e+09
5.677036067881695999e+03 1.154187283000000000e+09
5.708930127091249233e+03 3.967428448000000000e+09
5.615068664310238091e+03 5.344321540000000000e+08
5.633973338176185280e+03 6.257955260000000000e+08
5.657893994896960066e+03 2.696981456000000000e+09
5.563498948831835150e+03 3.343603259000000000e+09
5.661680530765266667e+03 2.205964607000000000e+09
5.654657104606490975e+03 2.345563932000000000e+09
5.650111615992556835e+03 9.799714960000000000e+08
5.666230347892872487e+03 8.740344030000000000e+08
5.645889958563797336e+03 2.824448183000000000e+09
5.658091543448284938e+03 2.077728762000000000e+09
5.657361798534746413e+03 3.134660940000000000e+08
5.646020709560847536e+03 1.932902722000000000e+09
5.691036137483054517e+03 3.464020622000000000e+09
5.609454163519927533e+03 5.178203320000000000e+08
5.652252212264847003e+03 9.523061090000000000e+08
5.676797420567354493e+03 2.302624716000000000e+09
5.637536719358049595e+03 3.421519247000000000e+09
5.692076362052952391e+03 1.467182659000000000e+09
5.650430949850029720e+03 1.476730478000000000e+09
5.656346567556554874e+03 1.610627033000000000e+09
5.714996847147790504e+03 8.797089510000000000e+08
5.599100894575395614e+03 3.586221072000000000e+09
5.669792239907989824e+03 1.864567930000000000e+08
5.668342747944900111e+03 3.947080970000000000e+08
5.679824181361293995e+03 8.474459680000000000e+08
5.626348776911561799e+03 1.919958116000000000e+09
5.602149185201262299e+03 3.030641350000000000e+08
5.696849115432462895e+03 2.941849890000000000e+09
5.671979805001736167e+03 1.535734910000000000e+09
5.687236803958085147e+03 1.339794450000000000e+08
5.652792859634202614e+03 1.419304568000000000e+09
5.632760231552717414e+03 5.891763500000000000e+07
5.604746545243636319e+03 2.692055974000000000e+09
5.679514016148435985e+03 3.438167633000000000e+09
5.656783158201934384e+03 2.633314091000000000e+09
5.680842010252885302e+03 2.619758586000000000e+09
5.659321067135076191e+03 2.997753538000000000e+09
5.627460091261649723e+03 1.528849925000000000e+09
5.665119282385952829e+03 1.148550314000000000e+09
5.703468745660788045e+03 3.412376575000000000e+09
5.629720060095518420e+03 5.209086590000000000e+08
5.592061960790008015e+03 4.079291356000000000e+09
5.655049508234696077e+03 1.654915073000000000e+09
5.668734809536736975e+03 1.013551609000000000e+09
5.633547765766190423e+03 1.399352993000000000e+09
5.686150657720370873e+03 3.246829622000000000e+09
5.676673215055910987e+03 8.029557300000000000e+08
5.669934675593225620e+03 2.806507670000000000e+09
5.651739718939230443e+03 4.060449696000000000e+09
5.657327375479728289e+03 9.923049530000000000e+08
5.620136769651588111e+03 2.126930810000000000e+08
5.662985948566074512e+03 2.632523788000000000e+09
5.690260420976941532e+03 2.456426627000000000e+09
5.670918813544337354e+03 4.063110932000000000e+09
5.654153195546745337e+03 1.728319067000000000e+09
5.705473530504517839e+03 3.276686999000000000e+09
5.713921344705516276e+03 2.419039612000000000e+09
5.623142905711200001e+03 2.270914449000000000e+09
5.624542744529582706e+03 2.825557009000000000e+09
5.675023960550783158e+03 1.401134181000000000e+09
5.673231934042869398e+03 1.003074485000000000e+09
5.699228882091183550e+03 3.487242060000000000e+08
5.667786983742131270e+03 6.734881450000000000e+08
5.637546437011323178e+03 2.056156840000000000e+08
5.671159369303464700e+03 3.154966554000000000e+09
5.692327605256479728e+03 3.918982233000000000e+09
5.641173938743728286e+03 3.446063373000000000e+09
5.642815886867801964e+03 4.093935510000000000e+08
5.671255159845082744e+03 4.589458170000000000e+08
5.637321321109600831e+03 3.841739651000000000e+09
5.692476223316907635e+03 8.035559480000000000e+08
5.687670814095499736e+03 3.034140684000000000e+09
5.711925454089832783e+03 6.723021540000000000e+08
5.655738070512146805e+03 1.537167732000000000e+09
5.610850916035503360e+03 7.368015250000000000e+08
5.664387540672176328e+03 1.626252773000000000e+09
5.685982863310338871e+03 2.695522632000000000e+09
5.673403785500975573e+03 2.610429517000000000e+09
5.648669760439503079e+03 2.615763083000000000e+09
5.651438539204041263e+03 1.478611828000000000e+09
5.668638662836028743e+03 9.305881460000000000e+08
5.698651317926325646e+03 2.590267286000000000e+09
5.649510294427856934e+03 1.553623498000000000e+09
5.661279892489214944e+03 2.645620679000000000e+09
5.647175666794993958e+03 3.661352884000000000e+09
5.642232985610067772e+03 3.100301979000000000e+09
5.701252959713519886e+03 3.799897178000000000e+09
5.632924467541700324e+03 2.040165378000000000e+09
5.678236199573922931e+03 1.403120153000000000e+09
5.635733865693501684e+03 2.744915100000000000e+07
5.657513597646830021e+03 2.719508526000000000e+09
5.656501154677982413e+03 2.246866713000000000e+09
5.665340901479837157e+03 6.521638280000000000e+08
5.679837583148286285e+03 4.501350750000000000e+08
5.683031725666429338e+03 4.045412916000000000e+09
5.669701476470503621e+03 7.301136530000000000e+08
5.656665040649781076e+03 3.695147209000000000e+09
5.684568305267442156e+03 2.506783191000000000e+09
5.661340414361984585e+03 3.588476950000000000e+09
5.635865083476052860e+03 1.917045118000000000e+09
5.671388086505334286e+03 5.456469830000000000e+08
5.656668503050688741e+03 1.216815601000000000e+09
5.592642854995325251e+03 4.701198320000000000e+08
5.654299554134431673e+03 4.099305405000000000e+09
5.608707602374885028e+03 3.248917605000000000e+09
5.664815814793410027e+03 5.418367200000000000e+07
5.634751539699638670e+03 3.992770087000000000e+09
5.681082887932431731e+03 1.571607230000000000e+08
5.662220629869948425e+03 2.807912494000000000e+09
5.629379122502783503e+03 3.505111517000000000e+09
5.639055444421147513e+03 3.177218236000000000e+09
5.666085675815415016e+03 1.612210549000000000e+09
5.641419346759214022e+03 3.057149437000000000e+09
5.607061291973532207e+03 3.768907726000000000e+09
5.667654324046270631e+03 9.802219630000000000e+08
5.673102685493011450e+03 1.553906219000000000e+09
5.617123255695250919e+03 1.941557382000000000e+09
5.648716881649873358e+03 3.394449401000000000e+09
5.663628291032360721e+03 2.159897338000000000e+09
5.724723365611658664e+03 2.765204010000000000e+09
5.632435361636484231e+03 1.986545810000000000e+08
5.657310483463887067e+03 1.496556047000000000e+09
5.646002209808206317e+03 4.194013482000000000e+09
5.701112647716680840e+03 1.353106634000000000e+09
5.655023371372456495e+03 2.935815875000000000e+09
5.634015632196195838e+03 5.481241770000000000e+08
5.657913910496485187e+03 2.568905011000000000e+09
5.640438521025102091e+03 4.015732360000000000e+08
5.630971096798214603e+03 2.643985376000000000e+09
5.666374037454705103e+03 1.406726369000000000e+09
5.676035430764075500e+03 6.918028130000000000e+08
5.630585580630056938e+03 1.952766063000000000e+09
5.701398250856838786e+03 4.183429031000000000e+09
5.682120343667874295e+03 2.029848454000000000e+09
5.693213750982498823e+03 7.864092260000000000e+08
5.668194999179229853e+03 3.139379929000000000e+09
5.649735688921355177e+03 4.152252610000000000e+09
5.628187640467246638e+03 1.037984349000000000e+09
5.686264768518719393e+03 4.053006700000000000e+07
5.640664265446730496e+03 1.922549482000000000e+09
5.722319945467384059e+03 3.443490346000000000e+09
5.650128756857882763e+03 2.084661556000000000e+09
5.684546128626210702e+03 9.035842900000000000e+07
5.645037402165473395e+03 3.527953152000000000e+09
5.697491358047229369e+03 2.831266426000000000e+09
5.650108888000026127e+03 3.027255024000000000e+09
5.674157475375772265e+03 6.663713320000000000e+08
5.650944834821366385e+03 4.051859610000000000e+08
5.641667396220454066e+03 1.223856141000000000e+09
5.683213347981155493e+03 2.479032485000000000e+09
5.685871945397708259e+03 3.305976570000000000e+09
5.635520402420530445e+03 3.067139045000000000e+09
5.697424781243504185e+03 5.632764600000000000e+08
5.667485686545509452e+03 9.217155370000000000e+08
5.644803164111450315e+03 4.106299305000000000e+09
5.698137205410497700e+03 3.358898477000000000e+09
5.662186072201046954e+03 1.769873923000000000e+09
5.683866910261391240e+03 1.219628850000000000e+08
5.614777932993964896e+03 1.643428848000000000e+09
5.625797806298865908e+03 4.091419830000000000e+09
5.700824887472916998e+03 3.136094353000000000e+09
5.665392848708001111e+03 3.514643846000000000e+09
5.713691598270613213e+03 3.004128181000000000e+09
5.632742588154713303e+03 1.805027806000000000e+09
5.604112186198027302e+03 2.231125853000000000e+09
5.635190265725925201e+03 3.179455758000000000e+09
5.658351916980636815e+03 5.244206940000000000e+08
5.612412779281605253e+03 3.584974965000000000e+09
5.635689105870700587e+03 8.548622000000000000e+08
5.624533974727884015e+03 7.241350480000000000e+08
5.668546163279695975e+03 1.520016209000000000e+09
5.655604884885283354e+03 3.383983258000000000e+09
5.671090614733977418e+03 1.912749789000000000e+09
5.671829689152229548e+03 3.765628118000000000e+09
5.645241278779085405e+03 3.834370061000000000e+09
5.694641826940426654e+03 3.991527699000000000e+09
5.688304850818243722e+03 2.324487374000000000e+09
5.652864508144873980e+03 3.492737454000000000e+09
5.666627949145423372e+03 1.008107707000000000e+09
5.635293767432416644e+03 8.099405970000000000e+08
5.674704347489084284e+03 1.763308682000000000e+09
5.701338734672232022e+03 1.156945610000000000e+09
5.698612903748306962e+03 2.998411938000000000e+09
5.659160411894401477e+03 3.982095726000000000e+09
5.650333893057899331e+03 4.254300180000000000e+09
5.679689624524937244e+03 6.868554130000000000e+08
5.640853198499049540e+03 4.624250630000000000e+08
5.679958587182876727e+03 3.435092863000000000e+09
5.635152348792242265e+03 3.956885217000000000e+09
5.652295252060430357e+03 3.045469342000000000e+09
5.707264450178661718e+03 2.656206300000000000e+09
5.662732297885877415e+03 3.596372922000000000e+09
5.662189048790995002e+03 3.806336601000000000e+09
5.638569208331095979e+03 2.834823904000000000e+09
5.629762213716028782e+03 2.112735168000000000e+09
5.679952899638959025e+03 3.911381491000000000e+09
5.644650932559739886e+03 3.829364360000000000e+09
5.663216887712871539e+03 3.575122630000000000e+08
5.661865397219553415e+03 3.902812181000000000e+09
5.679614492891540976e+03 3.496576133000000000e+09
5.628625264374398284e+03 3.481180370000000000e+09
5.640155845748762658e+03 3.116617312000000000e+09
5.640023872722993474e+03 2.681037699000000000e+09
5.647066199413324284e+03 3.171780765000000000e+09
5.669565484986387673e+03 3.233376160000000000e+08
5.623512546550698971e+03 2.540941164000000000e+09
5.669873941474856110e+03 3.826303464000000000e+09
5.647434519381134123e+03 1.402074384000000000e+09
5.674390048870374812e+03 1.506626211000000000e+09
5.674768105882012605e+03 1.906253370000000000e+08
5.693046108510945487e+03 8.910976450000000000e+08
5.654156915108017529e+03 2.199145373000000000e+09
5.649679272098794172e+03 7.644684700000000000e+08
5.656322548008500235e+03 1.661818094000000000e+09
5.688501172399869574e+03 2.388247490000000000e+09
5.640658720637979059e+03 2.212181244000000000e+09
5.643373833109412772e+03 3.055140957000000000e+09
5.665876311769652602e+03 5.923334910000000000e+08
5.684146328400764105e+03 3.029847071000000000e+09
5.648379832788007661e+03 8.612448660000000000e+08
5.682150321694683043e+03 1.605703865000000000e+09
5.621527985115382762e+03 3.310389352000000000e+09
5.648880404376783190e+03 2.567594254000000000e+09
5.697796619643388112e+03 2.976836538000000000e+09
5.702157476859480084e+03 2.036620663000000000e+09
5.695589147156452782e+03 1.063201420000000000e+08
5.684011740174410079e+03 8.172420260000000000e+08
5.660788732045621146e+03 1.625597942000000000e+09
5.655433811303450057e+03 1.996393130000000000e+09
5.666289439061736630e+03 2.514912065000000000e+09
5.643879709760537480e+03 1.202595358000000000e+09
5.648616909973112342e+03 4.159382464000000000e+09
5.605068312524614157e+03 3.760295923000000000e+09
5.667649602914490970e+03 1.993324710000000000e+09
5.709607462563209992e+03 4.278495510000000000e+09
5.666633466588935335e+03 1.331463096000000000e+09
5.659066519610323667e+03 2.662374661000000000e+09
5.663011247821361394e+03 1.622328731000000000e+09
5.717207123586951639e+03 3.069639686000000000e+09
5.672935484074310807e+03 1.047487910000000000e+08
5.645665608922146930e+03 4.141510636000000000e+09
5.643759642577888371e+03 1.621737360000000000e+08
5.601237453946760070e+03 2.481474665000000000e+09
5.678389334023883748e+03 1.428058512000000000e+09
5.642699313496925242e+03 2.147796950000000000e+09
5.653175363229399409e+03 2.283047038000000000e+09
5.653156366524608529e+03 9.454279470000000000e+08
5.662514883363181980e+03 1.327887639000000000e+09
5.666698311384285262e+03 2.924825548000000000e+09
5.655632144858137508e+03 1.177484880000000000e+09
5.679190618451017144e+03 3.094664367000000000e+09
5.711250096937351373e+03 1.270740946000000000e+09
5.648839125238137058e+03 3.242583929000000000e+09
5.686357338573254310e+03 1.415923120000000000e+09
5.694957398746824765e+03 1.575890798000000000e+09
5.673467819369234348e+03 1.962246810000000000e+09
5.627934776988995509e+03 3.238558100000000000e+08
5.691031254779371011e+03 3.396143508000000000e+09
5.624178524753789134e+03 1.356024677000000000e+09
5.717018238199207190e+03 3.386833266000000000e+09
5.611290017379558776e+03 3.126132443000000000e+09
5.686460189135091241e+03 2.495827360000000000e+09
5.652503565405309928e+03 3.463504162000000000e+09
5.676029858324718589e+03 3.873709514000000000e+09
5.646734359883408615e+03 3.118353143000000000e+09
5.648767642792394327e+03 1.328279228000000000e+09
5.661899427932907201e+03 3.795088762000000000e+09
5.602791370930212906e+03 4.202976147000000000e+09
5.604695465044073899e+03 8.205653130000000000e+08
5.611244367791785407e+03 3.390480346000000000e+09
5.620393727380651399e+03 4.233673565000000000e+09
5.616999846453483769e+03 1.340510882000000000e+09
5.603983331349401851e+03 2.868920410000000000e+09
5.685887039466282658e+03 2.929167881000000000e+09
5.693913912597432500e+03 6.173783420000000000e+08
5.636574579456778338e+03 2.927680716000000000e+09
5.617459224571086452e+03 3.324622308000000000e+09
5.646157961700184387e+03 1.748222210000000000e+08
5.711086278087497703e+03 4.205871315000000000e+09
5.658270669980330240e+03 2.289498021000000000e+09
5.678506581366011233e+03 2.208367748000000000e+09
5.648521378011169872e+03 3.090695138000000000e+09
5.654592928166038291e+03 5.231547500000000000e+07
5.658998226303961928e+03 1.855153066000000000e+09
5.660231512052105245e+03 2.000504579000000000e+09
5.661431343070116782e+03 6.749801570000000000e+08
5.609008215575417125e+03 2.402724595000000000e+09
5.637128239759113058e+03 2.213057182000000000e+09
5.652528218896616636e+03 1.336843636000000000e+09
5.663950038882070658e+03 2.616546558000000000e+09
5.671269095322641988e+03 1.811887674000000000e+09
5.648326134079289659e+03 3.821500786000000000e+09
5.671889725560939041e+03 3.966327020000000000e+09
5.649667558379149341e+03 5.003207660000000000e+08
5.717254060315061906e+03 1.072618942000000000e+09
5.642563965520945203e+03 2.572650250000000000e+08
5.680321864471814479e+03 2.885468640000000000e+09
5.666826253073983935e+03 3.141346636000000000e+09
5.650066098348692321e+03 1.239099842000000000e+09
