# Lens_likelihood 	 seed
6.604731001082650437e+03 2.014357700000000000e+07
6.623112275788824263e+03 2.850325426000000000e+09
6.610219067666998853e+03 4.194888261000000000e+09
6.602554909384336497e+03 1.567993380000000000e+08
6.599753791783050474e+03 1.842313629000000000e+09
6.631833581584686726e+03 4.058387634000000000e+09
6.597183064576991455e+03 1.410820431000000000e+09
6.624592266542364086e+03 3.122636965000000000e+09
6.618098589075676500e+03 3.229304636000000000e+09
6.631765361612608103e+03 3.126589719000000000e+09
6.628113429843439008e+03 6.407600090000000000e+08
6.624676909738239374e+03 4.143549459000000000e+09
6.617671533903502677e+03 8.828676560000000000e+08
6.612665016637278313e+03 3.859232832000000000e+09
6.617762859070842751e+03 6.083010710000000000e+08
6.641394224270105042e+03 7.186172050000000000e+08
6.626315305710029861e+03 1.697850750000000000e+08
6.628775432005193579e+03 2.360092367000000000e+09
6.613553723718709080e+03 1.141644210000000000e+09
6.617825591075026750e+03 3.588230890000000000e+08
6.629584743615883781e+03 2.039472506000000000e+09
6.625961058293647511e+03 2.450456438000000000e+09
6.625271695307021218e+03 1.962066779000000000e+09
6.636666327574796014e+03 2.481379119000000000e+09
6.631476924880390470e+03 3.059105442000000000e+09
6.622949856874328361e+03 2.677388982000000000e+09
6.605022939979430703e+03 2.471436389000000000e+09
6.603069687190155491e+03 3.103012960000000000e+08
6.634003704280921738e+03 3.353808266000000000e+09
6.612770360658576465e+03 8.823160150000000000e+08
6.620243253333903340e+03 2.876165844000000000e+09
6.628444668708069003e+03 3.665423080000000000e+09
6.618512122572137741e+03 2.340540609000000000e+09
6.634636192370939170e+03 2.869169945000000000e+09
6.609539037930115228e+03 1.293821850000000000e+09
6.615361437415263936e+03 1.338179521000000000e+09
6.610098714326361005e+03 2.112391171000000000e+09
6.618185512832949826e+03 4.539591940000000000e+08
6.631356701515850546e+03 4.068096439000000000e+09
6.623649556254709751e+03 2.422953988000000000e+09
6.598420758723142171e+03 2.942690384000000000e+09
6.595877311794922207e+03 3.109459590000000000e+09
6.622839163127467145e+03 3.388395859000000000e+09
6.634467207107575632e+03 1.795974912000000000e+09
6.628547107149543990e+03 1.189081337000000000e+09
6.594359872812636240e+03 3.858814114000000000e+09
6.609328355433266552e+03 1.182949708000000000e+09
6.611192453433824085e+03 4.022082968000000000e+09
6.622293869818980966e+03 1.432604201000000000e+09
6.617761355708567862e+03 1.883445358000000000e+09
6.610596903344781822e+03 4.250754509000000000e+09
6.615710459291719417e+03 4.223777260000000000e+09
6.616128883540333845e+03 3.180988506000000000e+09
6.613900562647721017e+03 1.852492772000000000e+09
6.598207491090499389e+03 2.838739469000000000e+09
6.620686859128762080e+03 3.201676561000000000e+09
6.633549988828992355e+03 1.916818266000000000e+09
6.624169320354364572e+03 3.975491463000000000e+09
6.609325670672068554e+03 2.026893085000000000e+09
6.611612062478843654e+03 3.782181121000000000e+09
6.611758394587219300e+03 7.799541260000000000e+08
6.646367941701251766e+03 4.560622120000000000e+08
6.623763673552904038e+03 2.950713886000000000e+09
6.618810984895999354e+03 1.925506076000000000e+09
6.596878605516551033e+03 7.740152410000000000e+08
6.596623976235493501e+03 5.020191240000000000e+08
6.605937904289971812e+03 3.334836727000000000e+09
6.616114144880398271e+03 3.471706055000000000e+09
6.626022472264799035e+03 3.262188159000000000e+09
6.602733868664466172e+03 1.017541149000000000e+09
6.617903990129539125e+03 1.281475147000000000e+09
6.633283164169572046e+03 3.910379748000000000e+09
6.605505758482804595e+03 3.878168289000000000e+09
6.631486952323427431e+03 4.139927338000000000e+09
6.589582615269326197e+03 2.493877003000000000e+09
6.579533940068055927e+03 2.466466752000000000e+09
6.597852783411723976e+03 2.727193246000000000e+09
6.604330289558978620e+03 4.040177980000000000e+08
6.629124363250968599e+03 1.626357473000000000e+09
6.621036770084650925e+03 3.230770636000000000e+09
6.625671675360392328e+03 4.122840412000000000e+09
6.610887510131514318e+03 4.233083623000000000e+09
6.630868314962750446e+03 1.935485208000000000e+09
6.608443426952606387e+03 1.883372802000000000e+09
6.631819642311696043e+03 3.480887131000000000e+09
6.610145830337825828e+03 9.131510540000000000e+08
6.621902674684128215e+03 3.033740957000000000e+09
6.600472517272238292e+03 2.508251771000000000e+09
6.627845445558833489e+03 3.728865620000000000e+09
6.619754452549454982e+03 1.911413447000000000e+09
6.628818217624227145e+03 3.763460162000000000e+09
6.633470949622387707e+03 3.085152373000000000e+09
6.628513349164698411e+03 3.784303892000000000e+09
6.630908839401160549e+03 1.230433696000000000e+09
6.611713634666912185e+03 2.484097355000000000e+09
6.632433106477600631e+03 3.666016603000000000e+09
6.618755500660383404e+03 4.122294468000000000e+09
6.606387966692545888e+03 1.878140900000000000e+08
6.612519034841551729e+03 2.435759112000000000e+09
6.613748794165903746e+03 1.562689105000000000e+09
6.633330827580714868e+03 8.566374700000000000e+07
6.644173594533956930e+03 3.596839504000000000e+09
6.602752204372678534e+03 2.945639420000000000e+08
6.621039511521391432e+03 1.737577118000000000e+09
6.625369982941627313e+03 3.650721782000000000e+09
6.614285588917299719e+03 1.447686053000000000e+09
6.621037317443367101e+03 3.729747104000000000e+09
6.608868508277765613e+03 7.230945800000000000e+07
6.606629845790119361e+03 4.019803956000000000e+09
6.594630103483830680e+03 3.442791642000000000e+09
6.610321227432044907e+03 3.100402323000000000e+09
6.625472612204058350e+03 4.168108435000000000e+09
6.601983459401863001e+03 2.932506836000000000e+09
6.629025798971710174e+03 1.372524692000000000e+09
6.631966851816692724e+03 2.315740127000000000e+09
6.637811923760103127e+03 6.629266110000000000e+08
6.618281219678326124e+03 3.972011814000000000e+09
6.607034175174680968e+03 4.877418100000000000e+08
6.617952204406693454e+03 6.960114800000000000e+08
6.614546662200100400e+03 2.567666096000000000e+09
6.632975097010508762e+03 2.562586217000000000e+09
6.608931884936152528e+03 2.558611571000000000e+09
6.609358211423508692e+03 1.818083634000000000e+09
6.607345461077091386e+03 3.698648897000000000e+09
6.652529746640367193e+03 5.401717800000000000e+07
6.593069736090346851e+03 3.136061600000000000e+07
6.621341116889960176e+03 3.999469664000000000e+09
6.610230026681157142e+03 4.221491215000000000e+09
6.617867683242830935e+03 8.168950590000000000e+08
6.628981419640555032e+03 4.141992159000000000e+09
6.606821861057715978e+03 6.764831900000000000e+08
6.621430896903402754e+03 3.557153648000000000e+09
6.637925221891833644e+03 3.371783849000000000e+09
6.605210771149297216e+03 1.303608980000000000e+09
6.619228623734941721e+03 2.601231959000000000e+09
6.636942709360870140e+03 1.191474855000000000e+09
6.637269296919271255e+03 8.768381880000000000e+08
6.606180503657330519e+03 3.940003443000000000e+09
6.616300183344309517e+03 1.422316409000000000e+09
6.612292742214600366e+03 3.804796489000000000e+09
6.622880495412127857e+03 2.470504820000000000e+09
6.612911974709156311e+03 1.184270171000000000e+09
6.625295793601804689e+03 4.037938639000000000e+09
6.617153131546694567e+03 5.483930720000000000e+08
6.609229902768744978e+03 2.040811336000000000e+09
6.602856000994122951e+03 1.505086097000000000e+09
6.623542012294239612e+03 8.618046110000000000e+08
6.616559847661850654e+03 3.456060539000000000e+09
6.628702617405329875e+03 4.112252535000000000e+09
6.612238175797772783e+03 4.033265829000000000e+09
6.618010220211954220e+03 1.928483808000000000e+09
6.624552287998298198e+03 3.822522225000000000e+09
6.619001617279999664e+03 2.658372990000000000e+09
6.612928063665031004e+03 4.058239098000000000e+09
6.623846915024162627e+03 1.751716465000000000e+09
6.624381254735490074e+03 2.748119241000000000e+09
6.614336056011260553e+03 2.003265696000000000e+09
6.627977916495567115e+03 3.550800150000000000e+09
6.614806511859672355e+03 2.301000828000000000e+09
6.595387891016704998e+03 4.148285240000000000e+09
6.598593865301022561e+03 3.149724017000000000e+09
6.617314152823922086e+03 3.324782680000000000e+08
6.604895969027921637e+03 2.769548970000000000e+08
6.620682279225929051e+03 3.998679208000000000e+09
6.615901433347278726e+03 1.365667949000000000e+09
6.589239957924191913e+03 2.062477451000000000e+09
6.623619687958650502e+03 4.426521120000000000e+08
6.610154228867922939e+03 2.153362128000000000e+09
6.619827686463349892e+03 2.178776011000000000e+09
6.609415247240060125e+03 4.019210874000000000e+09
6.625766071574995294e+03 4.803294420000000000e+08
6.608533143309216939e+03 7.661230700000000000e+07
6.612316584469144800e+03 2.042704572000000000e+09
6.605848795335508839e+03 3.043275062000000000e+09
6.631166024337182535e+03 1.114411245000000000e+09
6.611733014359957451e+03 3.455639032000000000e+09
6.617045722896623374e+03 1.590685995000000000e+09
6.614878305801870738e+03 2.612826328000000000e+09
6.600300332182627244e+03 1.146660898000000000e+09
6.603462643487965579e+03 3.842515961000000000e+09
6.611560795700364906e+03 8.069836470000000000e+08
6.595125628358395261e+03 3.844278830000000000e+08
6.630837990852245639e+03 2.064029240000000000e+08
6.596810278388454208e+03 1.899876338000000000e+09
6.624871638220919522e+03 3.457773296000000000e+09
6.608905176389464941e+03 3.118892490000000000e+08
6.615618811280916816e+03 3.328156324000000000e+09
6.634763867122159354e+03 1.807485952000000000e+09
6.614149547652204092e+03 3.151815359000000000e+09
6.610427797232367993e+03 1.514502782000000000e+09
6.595692822613505996e+03 3.261944934000000000e+09
6.622153946431110853e+03 1.077518361000000000e+09
6.628708880619825322e+03 2.087781178000000000e+09
6.612862143267559986e+03 2.334838235000000000e+09
6.611917606832028468e+03 1.024025737000000000e+09
6.622731845416271426e+03 2.020347997000000000e+09
6.617960663544065937e+03 3.359342125000000000e+09
6.616134616827595892e+03 3.236685900000000000e+08
6.598419793637176554e+03 8.152602100000000000e+07
6.610672858726756203e+03 1.630131850000000000e+08
6.633665076361203319e+03 1.032315999000000000e+09
6.615458773426718835e+03 1.664190109000000000e+09
6.619283613074557252e+03 4.236355442000000000e+09
6.619664561153778777e+03 2.921457873000000000e+09
6.626952516338883470e+03 7.087524440000000000e+08
6.600833038367324662e+03 1.693080730000000000e+09
6.610492021458928320e+03 1.538012114000000000e+09
6.606826162690065757e+03 6.344128400000000000e+08
6.613886182020509295e+03 3.302442770000000000e+08
6.646039720032958940e+03 2.072305032000000000e+09
6.619408648067413196e+03 1.826002740000000000e+08
6.627683011782577523e+03 3.571676023000000000e+09
6.595203642505915923e+03 2.321089594000000000e+09
6.630873827598879870e+03 3.075167018000000000e+09
6.634091562995735330e+03 3.613164330000000000e+08
6.606635754655252640e+03 5.890391790000000000e+08
6.618197763016468343e+03 4.212098979000000000e+09
6.631542149786142545e+03 1.104903745000000000e+09
6.616297964253172722e+03 1.527617914000000000e+09
6.640123059765951439e+03 3.175542024000000000e+09
6.619018252956901051e+03 3.896114964000000000e+09
6.634070228506187959e+03 8.706250260000000000e+08
6.609601884808591421e+03 1.479488813000000000e+09
6.611114260126878435e+03 3.884643850000000000e+09
6.629352766291240187e+03 2.885107800000000000e+09
6.621603003543358682e+03 2.672674740000000000e+08
6.611682283242054837e+03 3.744252403000000000e+09
6.623055718598572639e+03 2.393210366000000000e+09
6.597572903313011011e+03 2.549708267000000000e+09
6.621568622635699285e+03 1.100846833000000000e+09
6.629234382170734534e+03 2.368598962000000000e+09
6.606832934594207472e+03 9.537343890000000000e+08
6.617143278660951182e+03 3.279464310000000000e+09
6.610473484939725495e+03 2.805641844000000000e+09
6.599486610959957943e+03 3.341596669000000000e+09
6.600561198009956570e+03 3.906205040000000000e+08
6.600526542763898760e+03 4.212961324000000000e+09
6.608828437486208713e+03 4.085246932000000000e+09
6.598940629195178190e+03 2.472732416000000000e+09
6.614368503537202741e+03 2.080965300000000000e+07
6.602708140789051868e+03 3.372966251000000000e+09
6.602199913077891324e+03 2.348556976000000000e+09
6.610193148094604112e+03 1.467888280000000000e+09
6.621351633900954766e+03 2.172595641000000000e+09
6.627839270164850859e+03 6.958990400000000000e+07
6.638544166817800942e+03 3.815399501000000000e+09
6.591974575016550261e+03 3.520732223000000000e+09
6.619961689481220674e+03 1.899129055000000000e+09
6.624063698353246764e+03 3.388385537000000000e+09
6.627745879151112604e+03 8.385244280000000000e+08
6.588444664341121097e+03 8.303085750000000000e+08
6.643067278940750839e+03 2.590215750000000000e+09
6.632207090209223679e+03 4.280767878000000000e+09
6.613689899930771389e+03 6.781138580000000000e+08
6.631125902345789655e+03 1.841122987000000000e+09
6.611056773486055135e+03 3.912165454000000000e+09
6.630295490183595575e+03 1.158970207000000000e+09
6.630147473859873571e+03 7.060521960000000000e+08
6.596662601901892231e+03 2.230489744000000000e+09
6.611102338420809247e+03 2.113740662000000000e+09
6.614654829846874236e+03 2.439702725000000000e+09
6.628476248874780140e+03 1.229674105000000000e+09
6.613266856975017618e+03 2.976351477000000000e+09
6.628370723027870554e+03 1.173003135000000000e+09
6.614935066022714636e+03 3.498968519000000000e+09
6.625546871086348801e+03 3.461269041000000000e+09
6.588971960610737369e+03 3.580441281000000000e+09
6.620535234322635915e+03 1.684785365000000000e+09
6.599796696039160452e+03 2.204451158000000000e+09
6.622347326507052458e+03 1.360094216000000000e+09
6.612820620002703436e+03 3.755872336000000000e+09
6.626445718400352234e+03 1.195319864000000000e+09
6.619069806453475394e+03 1.123079218000000000e+09
6.622955168104222139e+03 1.548372110000000000e+09
6.635168110974945193e+03 3.853224939000000000e+09
6.622783449615450991e+03 2.786178833000000000e+09
6.628651825793596799e+03 4.082452320000000000e+09
6.614153360528725898e+03 3.174898332000000000e+09
6.616928368985992165e+03 7.712412500000000000e+08
6.597184422873689982e+03 4.160029148000000000e+09
6.604063106496654655e+03 2.314031356000000000e+09
6.629094715494406955e+03 4.078576543000000000e+09
6.632168994533559271e+03 4.275907103000000000e+09
6.604026815591483683e+03 6.501476520000000000e+08
6.625919287777951467e+03 1.982926678000000000e+09
6.630528295769028773e+03 3.691965710000000000e+09
6.614344631357538674e+03 4.362499250000000000e+08
6.610516272524129818e+03 2.056233651000000000e+09
6.626568729961180907e+03 2.317203724000000000e+09
6.626481609303299592e+03 2.490471389000000000e+09
6.609473901324572580e+03 5.729422500000000000e+07
6.616304770932010797e+03 7.679524400000000000e+07
6.640952794407108740e+03 7.055453910000000000e+08
6.600465359621754033e+03 3.859188175000000000e+09
6.617573270915081594e+03 2.756942091000000000e+09
6.604542393584270030e+03 4.271110800000000000e+08
6.587365795779393011e+03 3.864892198000000000e+09
6.618235166739527813e+03 3.026044423000000000e+09
6.604409765927302942e+03 3.921248994000000000e+09
6.621250385475615985e+03 1.886068009000000000e+09
6.596490026259300066e+03 2.903303190000000000e+09
6.635320263807844640e+03 4.216104080000000000e+08
6.617111394242891038e+03 7.560179310000000000e+08
6.595366379949433394e+03 1.137366774000000000e+09
6.623466793877192686e+03 1.802274301000000000e+09
6.635535152078072315e+03 2.350203848000000000e+09
6.599585303404080150e+03 3.215379449000000000e+09
6.636532113280733029e+03 1.207622451000000000e+09
6.625955202671901134e+03 2.481258755000000000e+09
6.607335800298484173e+03 3.356462132000000000e+09
6.604386875055310156e+03 1.054161520000000000e+09
6.619917725677261842e+03 3.209785410000000000e+08
6.624607042022453243e+03 1.760306641000000000e+09
6.607833487867601434e+03 3.460455430000000000e+08
6.617939514079450419e+03 3.122612613000000000e+09
6.633582235051847420e+03 3.205284384000000000e+09
6.610429106855365717e+03 3.892029685000000000e+09
6.626399267746028272e+03 2.603866432000000000e+09
6.615507937962035612e+03 2.955623350000000000e+09
6.624839953692138806e+03 2.098246641000000000e+09
6.612796641039744827e+03 1.023643792000000000e+09
6.611904875337253543e+03 1.903232295000000000e+09
6.623062766882165306e+03 7.809613320000000000e+08
6.627745493678844468e+03 1.112519543000000000e+09
6.627176592029324638e+03 1.689759000000000000e+07
6.628226636063541264e+03 1.368447140000000000e+08
6.606509204974327076e+03 3.268587720000000000e+09
6.596608801235393912e+03 6.871422440000000000e+08
6.624785182029675525e+03 2.264507398000000000e+09
6.593486806525671454e+03 2.171680550000000000e+08
6.608666702603548401e+03 4.192675262000000000e+09
6.635092498096490090e+03 3.045959734000000000e+09
6.616567843340219042e+03 2.429274657000000000e+09
6.621587364586442163e+03 2.517661780000000000e+09
6.600893187430760918e+03 2.692141012000000000e+09
6.633989341775151843e+03 3.542209457000000000e+09
6.637020924883878251e+03 2.409395177000000000e+09
6.597944544816304187e+03 1.271023970000000000e+09
6.619006973056239985e+03 1.350534261000000000e+09
6.644687472439589328e+03 2.803963995000000000e+09
6.614128498042078718e+03 1.714869521000000000e+09
6.600570638801883433e+03 1.471042848000000000e+09
6.609989116561810079e+03 2.315872076000000000e+09
6.647425122873497457e+03 3.126277798000000000e+09
6.639569015620365462e+03 1.519503560000000000e+08
6.618164885605744530e+03 4.265481406000000000e+09
6.625315263133046756e+03 3.967816325000000000e+09
6.633842691555619240e+03 1.077299729000000000e+09
6.638474957666696355e+03 3.253625316000000000e+09
6.623111714249712350e+03 2.814031150000000000e+08
