# Lens_likelihood 	 seed
5.033756029202959326e+03 2.775428776000000000e+09
4.771819354763335468e+03 2.699660465000000000e+09
5.038580031510155095e+03 3.883789191000000000e+09
4.711182520869426298e+03 1.870795175000000000e+09
4.954889682067053400e+03 3.316098977000000000e+09
4.831788968707999629e+03 3.588847339000000000e+09
5.033755055692413407e+03 4.262750284000000000e+09
4.826946314716717097e+03 1.712761734000000000e+09
5.107889544704759828e+03 3.553498062000000000e+09
4.817075157285726164e+03 3.160239294000000000e+09
4.923160954103162112e+03 1.407245438000000000e+09
5.090026296840379473e+03 1.595035100000000000e+09
4.937233306329628249e+03 2.153285871000000000e+09
5.024301991215803355e+03 3.052898479000000000e+09
4.691573872072112863e+03 8.607649530000000000e+08
5.135584721941180760e+03 9.031170890000000000e+08
5.170940558458567466e+03 1.078391759000000000e+09
5.236172923728376190e+03 2.611783956000000000e+09
5.071482604934126357e+03 1.918507127000000000e+09
5.210781763561235493e+03 2.465672950000000000e+09
5.232961313285966753e+03 2.403266609000000000e+09
4.987822935911315653e+03 4.069708501000000000e+09
4.988038040121081394e+03 1.161071963000000000e+09
5.020476089497258727e+03 1.893368621000000000e+09
5.038867266428051153e+03 8.318645640000000000e+08
4.777329756369883398e+03 3.055763268000000000e+09
5.155660740008206631e+03 3.667015535000000000e+09
4.973718071743949622e+03 9.647837230000000000e+08
4.817062905122137636e+03 3.110052591000000000e+09
4.728512065279241142e+03 1.277960752000000000e+09
5.064706370298965339e+03 1.024388350000000000e+08
4.740110497537455558e+03 2.567424007000000000e+09
4.933702568053629875e+03 1.653760336000000000e+09
5.073980258345756738e+03 6.893692920000000000e+08
4.860592784188806036e+03 4.066532330000000000e+09
5.022336700054749599e+03 2.532443630000000000e+09
5.237448208456966313e+03 1.029342311000000000e+09
5.012596666523889326e+03 3.192950708000000000e+09
5.315801460924201820e+03 4.029837680000000000e+09
4.830245847790429252e+03 4.064967653000000000e+09
5.278630243200628684e+03 1.414581829000000000e+09
4.763286347552932966e+03 4.205341638000000000e+09
5.567879449732656212e+03 2.243365315000000000e+09
4.934938539987986587e+03 1.540160599000000000e+09
4.774859984079457718e+03 2.217434540000000000e+09
5.030792422805074239e+03 1.233178096000000000e+09
5.064161720863114169e+03 5.934579570000000000e+08
4.821735768455910147e+03 3.803336578000000000e+09
4.778479488707156634e+03 1.821610133000000000e+09
5.017090830720277154e+03 1.769162501000000000e+09
4.801567054059934890e+03 3.510934370000000000e+09
4.854989071040897215e+03 8.702551380000000000e+08
4.954640253887073413e+03 6.690219840000000000e+08
5.150247555518774789e+03 5.151945440000000000e+08
4.862138226011609731e+03 6.757066050000000000e+08
4.937306018278948613e+03 2.477549538000000000e+09
4.963699392526266820e+03 3.570452612000000000e+09
4.917416451468513515e+03 1.532811013000000000e+09
4.646118544307265438e+03 5.259173020000000000e+08
4.856686270760116713e+03 1.061384254000000000e+09
5.455088237791481333e+03 1.183235360000000000e+09
4.721359902212945599e+03 1.714725700000000000e+09
5.028269756199445510e+03 3.139094130000000000e+09
4.880150148718060336e+03 2.324899320000000000e+08
5.013439053690432047e+03 2.901475387000000000e+09
5.153313171853105814e+03 3.025326840000000000e+08
5.049941871560258733e+03 4.006109827000000000e+09
5.056429668547510119e+03 1.643062734000000000e+09
5.011362124824306193e+03 3.113298194000000000e+09
4.819211792229443745e+03 3.815914562000000000e+09
4.900213118726052016e+03 3.669636654000000000e+09
4.917152107250121844e+03 5.456845400000000000e+08
4.972470592106955337e+03 2.053316785000000000e+09
4.824959785211727649e+03 3.979394466000000000e+09
4.958389991189786087e+03 1.397320852000000000e+09
5.086453670668161067e+03 2.004583738000000000e+09
4.983029237595981613e+03 2.377548702000000000e+09
4.801997613257431112e+03 3.738921060000000000e+09
4.795733308824797859e+03 7.984446520000000000e+08
5.388955148460525379e+03 4.985458170000000000e+08
4.953768697302935834e+03 5.899435160000000000e+08
4.877576774778124673e+03 7.122077340000000000e+08
5.233286173429945848e+03 1.977176453000000000e+09
4.706307554149640964e+03 2.179937197000000000e+09
5.237469529641923145e+03 2.073121328000000000e+09
4.781512141743532993e+03 4.406795160000000000e+08
5.598672145629336228e+03 2.887070628000000000e+09
5.080109665017613224e+03 2.341258766000000000e+09
5.102300437488587704e+03 9.286931000000000000e+06
4.706583349618675129e+03 1.553369660000000000e+09
4.866436062918055541e+03 1.200567941000000000e+09
5.243627083355486320e+03 3.182349686000000000e+09
5.011683307380895712e+03 1.640319097000000000e+09
4.763027378744531234e+03 1.868298607000000000e+09
4.983113398693738418e+03 4.124919342000000000e+09
4.802851824241193754e+03 7.122594970000000000e+08
5.015563366939501975e+03 3.536092183000000000e+09
5.100499207437223959e+03 3.087622740000000000e+08
5.048261406396699385e+03 2.201483717000000000e+09
5.342100072130160697e+03 1.431663954000000000e+09
5.520561821135050195e+03 1.981603420000000000e+08
5.277299267377860815e+03 2.925720064000000000e+09
5.007901509863215324e+03 4.069804354000000000e+09
4.939856414917127040e+03 3.066381654000000000e+09
5.437640762003802593e+03 3.900332382000000000e+09
4.738585110567431911e+03 1.587772734000000000e+09
4.887039212000607222e+03 3.196723249000000000e+09
5.176245247075579755e+03 1.906698540000000000e+08
5.110102024184560833e+03 1.475634521000000000e+09
5.239469657740903131e+03 2.133950675000000000e+09
4.815109371618078512e+03 3.111382609000000000e+09
5.064063896343584929e+03 4.878492700000000000e+07
4.835534918041410492e+03 3.605415387000000000e+09
4.903195093092566822e+03 3.577753962000000000e+09
4.986325955866395816e+03 1.073488535000000000e+09
5.246419874121981593e+03 1.649588269000000000e+09
5.111393795152980601e+03 3.038627110000000000e+08
5.477089423652818368e+03 1.830365827000000000e+09
4.945894224873952226e+03 2.658793573000000000e+09
4.967048998365351508e+03 3.448368468000000000e+09
4.791277318333666699e+03 1.897733180000000000e+08
4.876711711435200414e+03 2.495169474000000000e+09
5.551031904176148601e+03 1.834808720000000000e+08
4.945918594131933787e+03 9.486096630000000000e+08
5.317044566820275577e+03 3.088186638000000000e+09
4.947428192589453829e+03 1.278701960000000000e+09
5.136954947436845032e+03 2.503098954000000000e+09
5.048654153601228245e+03 1.093148726000000000e+09
4.806897580094670047e+03 3.076794743000000000e+09
4.913218588674433704e+03 2.201685418000000000e+09
5.089435249723339439e+03 2.233385353000000000e+09
4.892380980348030789e+03 2.711587131000000000e+09
4.873234203597579835e+03 3.392280180000000000e+08
4.909149660244111146e+03 1.653541556000000000e+09
5.035256389493693860e+03 1.981877930000000000e+09
4.810606024728564080e+03 6.015295290000000000e+08
5.210956732006632592e+03 2.179175525000000000e+09
4.905269513487530276e+03 3.813563998000000000e+09
4.845840938033794373e+03 2.608550648000000000e+09
4.970618835821042012e+03 1.698847400000000000e+08
4.681971778833390999e+03 2.587796231000000000e+09
5.364452664524334068e+03 2.165655330000000000e+08
5.227917848795172176e+03 1.108635250000000000e+09
5.039454688922209243e+03 3.398412287000000000e+09
5.070987947100419660e+03 3.821746734000000000e+09
5.066177611044298828e+03 3.748009029000000000e+09
4.796392194380286128e+03 3.938270692000000000e+09
4.720001990211169868e+03 2.702758065000000000e+09
5.710915707728071538e+03 4.095180322000000000e+09
4.869296981298303763e+03 4.249606560000000000e+09
4.948308410997060491e+03 1.084999952000000000e+09
5.126830733085665997e+03 3.930728817000000000e+09
4.904869863501558029e+03 1.364371072000000000e+09
5.185136942119568630e+03 3.290023256000000000e+09
4.912473949526773140e+03 1.434811834000000000e+09
5.078693299434433357e+03 1.174991975000000000e+09
4.778429025454148359e+03 3.981950281000000000e+09
4.815235097458456949e+03 1.222807931000000000e+09
5.226769136779559631e+03 3.105697790000000000e+08
4.854607106702367673e+03 1.612584344000000000e+09
5.055115795383307159e+03 1.470509100000000000e+09
5.176493690178018369e+03 2.691181006000000000e+09
4.823851138507199721e+03 4.098282480000000000e+08
4.830705143662514274e+03 5.672323100000000000e+07
4.869701329805897331e+03 3.889746075000000000e+09
4.856903042017747794e+03 1.122519294000000000e+09
4.979428425074761435e+03 3.934146279000000000e+09
5.284749882558811805e+03 2.156440685000000000e+09
4.928620524092888445e+03 3.696033226000000000e+09
5.337859790849684941e+03 3.761697412000000000e+09
4.863447016562211502e+03 2.535238503000000000e+09
4.867918341788111320e+03 1.698694841000000000e+09
4.878816744396677677e+03 3.160151310000000000e+09
4.849445099229502375e+03 1.433883246000000000e+09
4.800725245346146039e+03 2.137525252000000000e+09
5.201247137933443810e+03 2.319732350000000000e+09
4.868807325727390889e+03 3.914057921000000000e+09
4.916734158587904858e+03 2.055172436000000000e+09
5.065421017573778045e+03 2.965627553000000000e+09
5.185393497627495890e+03 1.145080559000000000e+09
4.810726537785480105e+03 3.408333293000000000e+09
5.284273489761962992e+03 2.463974760000000000e+08
4.836321534150385560e+03 3.035680576000000000e+09
5.168889850293402560e+03 4.219167400000000000e+07
4.932270665794816523e+03 4.291691184000000000e+09
4.879476050076049432e+03 2.604928884000000000e+09
4.871467226292752457e+03 2.611884718000000000e+09
4.872074202685288583e+03 1.687504650000000000e+08
5.029703800688916090e+03 1.502520940000000000e+09
4.865373467298308242e+03 6.415842740000000000e+08
5.162716319790220041e+03 9.787827570000000000e+08
4.853161431038774936e+03 3.639656357000000000e+09
5.151780343594010446e+03 2.793819688000000000e+09
5.153519467076024739e+03 2.536288917000000000e+09
5.346224443623184015e+03 4.124462533000000000e+09
5.086509142987474661e+03 3.245389296000000000e+09
4.972168811739322337e+03 2.525351134000000000e+09
5.645332859659187307e+03 3.571349050000000000e+08
5.175479907150966937e+03 9.299271580000000000e+08
5.315219862980591643e+03 5.611637550000000000e+08
4.903793232873685156e+03 3.493933190000000000e+08
4.834410781184353255e+03 1.370974099000000000e+09
4.674045512029986639e+03 3.653902963000000000e+09
4.959961353733356191e+03 4.894465400000000000e+08
4.968161113711765211e+03 4.051179735000000000e+09
5.022523408005762576e+03 2.700945069000000000e+09
4.904254147757428655e+03 3.931721087000000000e+09
4.876994515111926376e+03 4.102837180000000000e+09
4.746957239514484172e+03 3.626724343000000000e+09
4.813970073036005488e+03 3.331785088000000000e+09
4.884523953706635439e+03 1.975632476000000000e+09
5.374507343652797317e+03 2.936643704000000000e+09
4.946663564950729779e+03 1.365696662000000000e+09
5.192033536499257025e+03 3.570267400000000000e+07
4.837509622364284041e+03 1.932113826000000000e+09
5.172236186181880839e+03 1.754409420000000000e+08
4.886373917881630405e+03 1.784614745000000000e+09
4.956777453369481009e+03 1.437306403000000000e+09
5.104882291892403373e+03 2.040531284000000000e+09
5.339317191550242569e+03 3.335433750000000000e+08
5.022464426310865747e+03 7.426485660000000000e+08
4.888957224588324607e+03 3.061990986000000000e+09
4.926891504835691194e+03 1.153126746000000000e+09
4.946583212048371934e+03 3.988394163000000000e+09
4.946003634643620899e+03 2.823643110000000000e+09
5.142309077384579723e+03 4.823043660000000000e+08
5.099427216570289602e+03 4.336806860000000000e+08
5.066630843462920893e+03 1.403439292000000000e+09
4.938063909693024470e+03 2.231971447000000000e+09
4.847180716960834616e+03 3.700102189000000000e+09
4.890413695592775184e+03 4.086200960000000000e+08
4.944736105654308631e+03 1.522665000000000000e+08
5.073862910750487572e+03 4.336357450000000000e+08
4.862029640033279065e+03 3.432233754000000000e+09
4.744740043673573382e+03 4.196056818000000000e+09
4.805183593685355845e+03 2.148791033000000000e+09
5.505939816558873645e+03 2.814842469000000000e+09
4.910643769890663862e+03 1.506334124000000000e+09
5.175152272784678644e+03 2.323972959000000000e+09
4.886017352659519929e+03 3.713473843000000000e+09
4.933647121652506939e+03 2.988107160000000000e+08
4.958025510994264550e+03 5.407533740000000000e+08
4.880097751365707154e+03 1.772096841000000000e+09
5.336713676282229244e+03 1.680179800000000000e+07
4.793965002079206897e+03 3.999365501000000000e+09
4.931957728269217114e+03 3.908152825000000000e+09
5.612565870067604919e+03 3.518754060000000000e+09
4.863929574632413278e+03 3.469788920000000000e+08
4.831490209880485054e+03 1.005122438000000000e+09
5.007536556950304657e+03 4.203342624000000000e+09
5.136635583668516119e+03 2.796287893000000000e+09
4.847100588372406492e+03 3.422451832000000000e+09
5.168704359214432770e+03 3.391322735000000000e+09
4.809195544678656006e+03 1.544892285000000000e+09
4.897487604555008147e+03 1.597306627000000000e+09
5.005564851770585847e+03 1.972204787000000000e+09
5.335435722275458829e+03 2.098841620000000000e+09
4.955650393482088475e+03 2.098077253000000000e+09
4.823061249924505319e+03 5.563974450000000000e+08
4.873993250117621756e+03 3.582491521000000000e+09
4.747325054276038827e+03 2.818971652000000000e+09
4.697621881572960774e+03 1.166779607000000000e+09
5.173282675846425263e+03 3.502825012000000000e+09
4.897823093792098007e+03 2.773633401000000000e+09
4.968321939875620956e+03 2.021448493000000000e+09
5.187121405301199047e+03 1.284698227000000000e+09
4.771254699592509496e+03 1.681862656000000000e+09
5.095748098380623560e+03 4.187909125000000000e+09
5.124062444840603348e+03 4.029456037000000000e+09
4.899694995243617086e+03 2.081030829000000000e+09
5.114086053901962259e+03 2.714017703000000000e+09
5.087975175593212953e+03 1.721981660000000000e+09
5.140895057206285856e+03 3.556658862000000000e+09
5.487578308559979632e+03 4.064069592000000000e+09
4.899050504093040217e+03 2.364259727000000000e+09
4.864892096504996516e+03 3.162479805000000000e+09
4.884475660766661349e+03 2.875745420000000000e+09
5.151580462823816561e+03 3.928282804000000000e+09
4.773051301063426763e+03 4.158758488000000000e+09
4.831891160901652256e+03 9.703448000000000000e+07
4.979763377598254010e+03 1.075463610000000000e+09
5.148443659171385661e+03 4.064616443000000000e+09
4.694152446188851172e+03 5.424381110000000000e+08
4.863772732979095963e+03 3.685136032000000000e+09
4.896034052302619784e+03 2.634605418000000000e+09
4.990795474178912627e+03 1.327901030000000000e+08
4.897165144136093659e+03 2.233014915000000000e+09
4.910021970322730340e+03 2.283983785000000000e+09
4.848056765316917335e+03 1.372647901000000000e+09
4.949558287382124036e+03 5.119632660000000000e+08
4.685275386702713149e+03 2.569902149000000000e+09
4.989836559656510872e+03 2.527378308000000000e+09
5.018119779129232484e+03 3.266687815000000000e+09
5.022316890713657813e+03 1.858379720000000000e+09
5.053618347244080724e+03 1.933912301000000000e+09
5.202162357035525929e+03 2.741377770000000000e+09
4.651680155769778139e+03 9.097705030000000000e+08
4.866730596932620756e+03 9.012726630000000000e+08
5.183531669205895014e+03 5.049314200000000000e+08
5.294695929190596871e+03 9.826985120000000000e+08
4.784803039905458718e+03 1.262634061000000000e+09
4.763489463515124953e+03 2.733270468000000000e+09
5.201719701782674747e+03 3.551272235000000000e+09
5.023586647046949111e+03 3.648051417000000000e+09
5.230639993927235992e+03 1.762681621000000000e+09
4.998242630421638751e+03 1.786675164000000000e+09
5.002537510950749493e+03 3.819375716000000000e+09
5.656866302396945684e+03 3.027091068000000000e+09
5.143032160651547201e+03 8.608440640000000000e+08
5.377057631618834421e+03 1.200846293000000000e+09
5.191946066005853027e+03 6.888297770000000000e+08
4.769320536658318815e+03 2.860252840000000000e+09
5.083349946008625921e+03 4.535741750000000000e+08
5.327201334082834364e+03 3.121188932000000000e+09
5.108272435358334405e+03 2.217509726000000000e+09
5.003433827123155424e+03 2.723625604000000000e+09
5.051415478406433067e+03 1.472164346000000000e+09
4.898392211494765434e+03 1.794191296000000000e+09
4.963173421726277411e+03 2.048720576000000000e+09
4.867715209993895769e+03 3.102998612000000000e+09
4.970610179291785244e+03 4.166589354000000000e+09
5.045173332235879570e+03 3.450822020000000000e+09
4.964027292611447592e+03 2.585479376000000000e+09
4.999857185099790513e+03 3.964327960000000000e+08
4.809225613609041829e+03 1.645127621000000000e+09
4.739482104698383409e+03 1.757273094000000000e+09
4.706426071153504381e+03 4.133618893000000000e+09
4.777167536060322163e+03 4.217962565000000000e+09
5.029883024541957639e+03 2.315099228000000000e+09
4.873566017787966302e+03 3.223726345000000000e+09
4.876511492737861772e+03 3.639793271000000000e+09
5.104531473812498007e+03 6.714304200000000000e+07
5.030319816718987568e+03 3.036352052000000000e+09
4.886539807189990825e+03 4.212376405000000000e+09
4.859626048399453794e+03 2.422388200000000000e+07
4.800828147201104002e+03 2.903650300000000000e+09
4.878014263204237068e+03 2.575454985000000000e+09
4.866324338433852972e+03 3.112372566000000000e+09
4.867699619772425649e+03 2.728565760000000000e+08
5.024528140212297330e+03 4.041949069000000000e+09
5.345565445372962131e+03 5.402340760000000000e+08
4.740067725849360613e+03 2.552182885000000000e+09
5.011979702459399050e+03 3.751047899000000000e+09
4.895839126437760569e+03 3.060478860000000000e+08
4.931753489195529255e+03 3.231829932000000000e+09
5.006457956652406210e+03 6.250502770000000000e+08
5.054540216761368356e+03 6.438614050000000000e+08
5.054388902687012887e+03 4.286258052000000000e+09
5.129573950939862698e+03 8.696020790000000000e+08
4.835797567596388035e+03 2.454043485000000000e+09
