# Lens_likelihood 	 seed
6.594832884291752634e+03 1.168851460000000000e+08
6.601591610357063473e+03 4.093170170000000000e+09
6.599737075111516788e+03 4.319418890000000000e+08
6.590789067805257218e+03 1.075460143000000000e+09
6.591239375116211704e+03 3.705657281000000000e+09
6.590584706346980965e+03 2.870586280000000000e+09
6.574853955292865066e+03 6.927209870000000000e+08
6.587556019294168436e+03 3.838959305000000000e+09
6.594199536567000905e+03 1.077757061000000000e+09
6.594287082802354234e+03 3.918249395000000000e+09
6.596557500770333718e+03 3.720561540000000000e+08
6.602005811324233946e+03 2.010500559000000000e+09
6.596277703419204045e+03 3.977326760000000000e+08
6.605371764478385558e+03 4.513206580000000000e+08
6.607791280397336777e+03 7.822205910000000000e+08
6.604065836355708598e+03 1.870215893000000000e+09
6.593294281383933594e+03 2.594802900000000000e+09
6.573035951273747742e+03 3.584126572000000000e+09
6.601471096264785956e+03 3.587779234000000000e+09
6.574759889018512695e+03 4.195100763000000000e+09
6.587744440795541777e+03 3.053608168000000000e+09
6.567342202820568673e+03 3.092370931000000000e+09
6.579596084950889235e+03 2.246651873000000000e+09
6.575615308053426816e+03 3.783758672000000000e+09
6.594716695658289609e+03 2.395847083000000000e+09
6.575930887507493026e+03 3.622234594000000000e+09
6.583433684775651273e+03 1.725014531000000000e+09
6.583162176577381615e+03 3.131350367000000000e+09
6.565409370088642390e+03 3.101366405000000000e+09
6.586600370140256928e+03 1.394194083000000000e+09
6.591082004009011143e+03 4.225808260000000000e+09
6.598997087196346001e+03 3.583626133000000000e+09
6.592356067791731220e+03 1.199506320000000000e+08
6.570402324332936587e+03 4.251730263000000000e+09
6.590677746437842870e+03 3.000155251000000000e+09
6.596471337809001852e+03 2.442703041000000000e+09
6.601931580487541396e+03 2.020690668000000000e+09
6.611849566639148179e+03 6.812778640000000000e+08
6.594752941046928754e+03 1.560169520000000000e+09
6.575608641557485498e+03 4.112631721000000000e+09
6.582331455503398502e+03 3.462461452000000000e+09
6.601130688856565030e+03 1.863270247000000000e+09
6.582196575474723431e+03 2.011157062000000000e+09
6.601578402442747574e+03 3.984432178000000000e+09
6.591023814723763280e+03 4.165086994000000000e+09
6.605337830226812002e+03 3.969244338000000000e+09
6.605597449918821439e+03 1.061612673000000000e+09
6.582891092727139039e+03 1.623064685000000000e+09
6.578377139241748409e+03 1.156803048000000000e+09
6.573237134292307019e+03 1.827782274000000000e+09
6.545550964398444194e+03 4.288937432000000000e+09
6.607192002043006141e+03 1.661652714000000000e+09
6.588797933599057615e+03 4.068276942000000000e+09
6.599626207174824231e+03 3.223168532000000000e+09
6.580484418507031478e+03 3.950225937000000000e+09
6.597996914967126941e+03 1.238741725000000000e+09
6.587210262174934542e+03 2.968700485000000000e+09
6.586635700128246754e+03 9.841316450000000000e+08
6.601671786040407824e+03 3.904416503000000000e+09
6.607021671942787179e+03 3.597302394000000000e+09
6.584440144489633894e+03 3.326465443000000000e+09
6.580635293354711393e+03 1.159748733000000000e+09
6.615322374579286588e+03 3.072035283000000000e+09
6.559945435936027025e+03 4.029830183000000000e+09
6.604098577859722354e+03 1.008517770000000000e+08
6.580220872866500031e+03 3.413864536000000000e+09
6.589854353918305605e+03 2.830464207000000000e+09
6.578213048317747962e+03 3.852274164000000000e+09
6.599915431468534734e+03 3.157650319000000000e+09
6.577744490903352926e+03 2.181593954000000000e+09
6.610875195067051209e+03 3.010337009000000000e+09
6.600926247540684017e+03 4.290065174000000000e+09
6.589548186663399974e+03 1.708245065000000000e+09
6.589961154643709051e+03 4.765746730000000000e+08
6.599907446795808937e+03 3.855449594000000000e+09
6.569817911192096290e+03 2.728778000000000000e+07
6.594670725610419140e+03 5.678738660000000000e+08
6.593103175013234249e+03 1.949816407000000000e+09
6.574531203977820041e+03 5.606725540000000000e+08
6.573826228396739680e+03 3.383273467000000000e+09
6.604443711313308086e+03 2.483950952000000000e+09
6.604481016886375073e+03 4.019497540000000000e+08
6.597969518151821831e+03 9.723827100000000000e+07
6.601691242798529856e+03 1.735410300000000000e+08
6.584357131047489929e+03 3.284243353000000000e+09
6.604416652284188785e+03 3.084931249000000000e+09
6.614226901560909027e+03 2.831033344000000000e+09
6.592387965713354788e+03 2.995335314000000000e+09
6.605460056317393537e+03 3.553377880000000000e+08
6.586903740888840730e+03 3.075343241000000000e+09
6.614933487322447036e+03 2.227681753000000000e+09
6.558287950117856781e+03 2.921303853000000000e+09
6.588514235506806472e+03 2.689009056000000000e+09
6.604989078221518866e+03 3.266921311000000000e+09
6.610912317504480598e+03 3.521782556000000000e+09
6.590857551427151520e+03 1.047818295000000000e+09
6.592497539700498237e+03 1.348952430000000000e+08
6.579033946544335777e+03 3.049150450000000000e+09
6.598283418605879888e+03 2.273124589000000000e+09
6.573594316091142900e+03 1.277669071000000000e+09
6.572060498891223688e+03 4.943647070000000000e+08
6.585908822232197053e+03 1.898625478000000000e+09
6.585894028653552596e+03 2.607958133000000000e+09
6.574787570930615402e+03 1.209395485000000000e+09
6.587629831188790376e+03 2.775014290000000000e+09
6.607233485968386049e+03 2.211390760000000000e+08
6.577987214865421265e+03 3.132773297000000000e+09
6.596335947596629921e+03 3.674869432000000000e+09
6.570370710894199874e+03 2.900212298000000000e+09
6.591573863829228685e+03 1.355769226000000000e+09
6.595166734224465472e+03 2.579498150000000000e+08
6.592685959138862017e+03 1.680102949000000000e+09
6.622015941320267302e+03 1.273329808000000000e+09
6.602754373252356345e+03 3.107709278000000000e+09
6.609682639566437501e+03 5.220150100000000000e+07
6.591900397968836842e+03 2.419137701000000000e+09
6.586361237170814093e+03 1.211501920000000000e+09
6.590628043579501536e+03 4.056990100000000000e+07
6.574355761876268843e+03 1.274203473000000000e+09
6.563648593886285198e+03 1.453190080000000000e+09
6.609439859311651162e+03 1.692268315000000000e+09
6.603806240890339723e+03 2.956856820000000000e+08
6.614166126800864731e+03 3.256725680000000000e+09
6.585401397877290037e+03 3.347175081000000000e+09
6.598019128094012558e+03 3.112022699000000000e+09
6.582247877193266504e+03 2.439753036000000000e+09
6.579700440572221851e+03 3.665219391000000000e+09
6.600819275778026167e+03 1.425385983000000000e+09
6.597032205842382609e+03 1.793518356000000000e+09
6.594937374878822084e+03 2.487930707000000000e+09
6.606868342887851213e+03 4.250437170000000000e+09
6.584387083855206583e+03 2.803750514000000000e+09
6.597426386139319220e+03 3.170917060000000000e+09
6.577533724060565874e+03 4.035938767000000000e+09
6.601236155152729225e+03 3.534566486000000000e+09
6.572290703378010221e+03 2.191471881000000000e+09
6.565453396236578556e+03 2.855995055000000000e+09
6.585637977151697669e+03 3.723040782000000000e+09
6.624089215469026385e+03 6.554762440000000000e+08
6.566827904660033710e+03 1.163208072000000000e+09
6.609103296662618050e+03 6.783387600000000000e+07
6.575400974026203585e+03 1.249429969000000000e+09
6.612797902482287100e+03 1.425493162000000000e+09
6.610800349216017821e+03 7.138193340000000000e+08
6.578142919564537806e+03 2.221326026000000000e+09
6.599884334388252682e+03 3.250321500000000000e+08
6.587333194990847915e+03 2.524133060000000000e+09
6.596868839250231758e+03 2.499061980000000000e+09
6.571287491147903893e+03 3.567975569000000000e+09
6.586101821691198893e+03 3.469158916000000000e+09
6.588159091962676030e+03 2.389730980000000000e+09
6.576453871159679693e+03 2.320599936000000000e+09
6.595704732067475561e+03 1.577120522000000000e+09
6.574230371785968600e+03 1.890121164000000000e+09
6.581673171810262829e+03 3.748495987000000000e+09
6.615729893819612698e+03 5.940007790000000000e+08
6.600629840662129936e+03 2.356232397000000000e+09
6.578128298956102299e+03 2.719179182000000000e+09
6.578968485543966381e+03 8.192120260000000000e+08
6.591195841216672306e+03 8.446142830000000000e+08
6.598603654399506922e+03 8.660743020000000000e+08
6.584066701884028589e+03 7.112105380000000000e+08
6.566460032861824402e+03 2.927773100000000000e+08
6.601272436251792897e+03 1.045513710000000000e+09
6.601034653518234336e+03 2.550568097000000000e+09
6.605421816775879051e+03 4.058852292000000000e+09
6.580736711719341656e+03 2.786265838000000000e+09
6.596685631866108452e+03 1.317564645000000000e+09
6.564316393856961440e+03 8.690200700000000000e+08
6.570690297829909468e+03 3.215865434000000000e+09
6.604153136711744082e+03 3.831539172000000000e+09
6.570262020710721117e+03 3.835844296000000000e+09
6.608516089551856567e+03 3.457738698000000000e+09
6.581571043018230739e+03 4.057189782000000000e+09
6.566067929925880890e+03 2.251090450000000000e+08
6.585424868169575348e+03 7.887648660000000000e+08
6.605821965150094911e+03 2.435496992000000000e+09
6.599561818724143450e+03 1.509746441000000000e+09
6.553340759363062716e+03 2.882404451000000000e+09
6.581029302432893019e+03 3.653630783000000000e+09
6.586048608656796205e+03 3.544133059000000000e+09
6.608230538247618824e+03 1.958609368000000000e+09
6.608897499801310005e+03 3.764578359000000000e+09
6.593286982053969950e+03 2.612946885000000000e+09
6.587262947280110893e+03 3.795018467000000000e+09
6.595170391201703751e+03 1.482960481000000000e+09
6.582486859914425622e+03 2.518981317000000000e+09
6.579175778763497874e+03 1.137252516000000000e+09
6.605676620677950268e+03 3.618088900000000000e+07
6.596146407684550468e+03 2.417193054000000000e+09
6.595558930787863574e+03 2.769176110000000000e+08
6.582158854601933854e+03 5.328762320000000000e+08
6.598470773618759267e+03 1.844560349000000000e+09
6.609132086385154253e+03 1.885186663000000000e+09
6.608884439190729609e+03 1.952098920000000000e+08
6.593698780126882411e+03 1.431288702000000000e+09
6.584543341680107915e+03 3.960715934000000000e+09
6.596114625114243609e+03 3.322652358000000000e+09
6.601127130930442036e+03 4.210135062000000000e+09
6.625922155695301626e+03 1.099369698000000000e+09
6.604771172020175982e+03 4.219342021000000000e+09
6.583115151233922916e+03 3.248265102000000000e+09
6.590378951834297368e+03 2.501688063000000000e+09
6.587274455554781525e+03 6.748453300000000000e+07
6.576417592558370416e+03 1.351899533000000000e+09
6.591779805461186697e+03 3.087825700000000000e+07
6.601879203017480904e+03 3.815884230000000000e+09
6.586930519270629702e+03 1.944619240000000000e+08
6.595305265070874157e+03 3.443955456000000000e+09
6.554937629371574985e+03 5.682041450000000000e+08
6.572853078703885330e+03 5.769761430000000000e+08
6.566878680022769913e+03 1.271667510000000000e+08
6.591357000119797704e+03 3.965988925000000000e+09
6.561234483267749965e+03 3.423100941000000000e+09
6.604936184547563244e+03 1.033591664000000000e+09
6.614159846366109377e+03 2.609608826000000000e+09
6.595705776004147083e+03 4.239247088000000000e+09
6.588079561633573576e+03 2.491017679000000000e+09
6.588352893766211309e+03 1.325302530000000000e+08
6.606757853194119889e+03 4.175689867000000000e+09
6.577026639136991434e+03 2.125068611000000000e+09
6.596647870593896187e+03 3.827254463000000000e+09
6.573102622783207153e+03 6.715741700000000000e+07
6.568983015550551499e+03 1.738563563000000000e+09
6.584047702567757369e+03 1.540476852000000000e+09
6.589794361431866491e+03 1.471805466000000000e+09
6.595670088198386111e+03 3.522121866000000000e+09
6.611120316939774966e+03 1.345000270000000000e+08
6.573914214937044562e+03 2.706448240000000000e+08
6.612018635080311469e+03 1.661766000000000000e+06
6.606411108468464590e+03 3.149224532000000000e+09
6.583853649102480631e+03 1.013871777000000000e+09
6.563268615647126353e+03 2.665081563000000000e+09
6.589472390052848823e+03 9.527493400000000000e+08
6.600419642455115536e+03 2.536309045000000000e+09
6.592883731490445825e+03 2.686842375000000000e+09
6.578728250291218501e+03 1.802141029000000000e+09
6.599343176311049319e+03 2.576001650000000000e+08
6.582205164106202574e+03 1.253497541000000000e+09
6.606113152323668146e+03 2.863781914000000000e+09
6.611758153353677699e+03 1.040945260000000000e+08
6.601562550068283599e+03 2.175660919000000000e+09
6.554063712420806041e+03 3.066194731000000000e+09
6.602992700031756613e+03 1.926256487000000000e+09
6.593408320757755973e+03 3.823783677000000000e+09
6.575581964317977508e+03 1.071866012000000000e+09
6.597511731885911104e+03 3.931483170000000000e+09
6.579832330356082821e+03 8.095951400000000000e+07
6.586369200453593294e+03 1.623957830000000000e+08
6.563468413031680029e+03 2.365365211000000000e+09
6.599707858317084174e+03 3.134222030000000000e+08
6.584393012100524174e+03 4.269233910000000000e+09
6.579091713633209110e+03 1.207311606000000000e+09
6.600304940337950029e+03 1.159466329000000000e+09
6.587420710088576016e+03 1.916640947000000000e+09
6.586134298410697738e+03 2.984048666000000000e+09
6.606793984862655634e+03 1.836856295000000000e+09
6.603257957628027725e+03 4.139266110000000000e+09
6.594227507179082750e+03 2.656413629000000000e+09
6.586066780270159143e+03 3.419315290000000000e+08
6.594472242112038657e+03 7.741662930000000000e+08
6.594431061753844915e+03 2.000888978000000000e+09
6.581135613908862069e+03 5.329060650000000000e+08
6.581816093260365960e+03 1.291095179000000000e+09
6.588621867318168370e+03 1.570825158000000000e+09
6.597736130271399816e+03 2.056767220000000000e+08
6.617913690052182574e+03 6.518748760000000000e+08
6.574590724048280208e+03 3.919784197000000000e+09
6.592514035489333764e+03 2.632472378000000000e+09
6.596669587814294573e+03 1.765778470000000000e+08
6.595569878573641290e+03 1.694728328000000000e+09
6.608642459031998442e+03 1.898974246000000000e+09
6.617363827045390281e+03 3.463484427000000000e+09
6.617235759126836456e+03 5.887646950000000000e+08
6.589446207025865988e+03 3.427085683000000000e+09
6.561128954711810366e+03 1.283217472000000000e+09
6.567431896680001046e+03 2.979656280000000000e+08
6.602244104681793942e+03 4.311767920000000000e+08
6.611422934692434865e+03 1.762385529000000000e+09
6.585303184577855973e+03 2.362677596000000000e+09
6.563677653275262855e+03 1.109058890000000000e+08
6.596683613828772650e+03 4.185068054000000000e+09
6.593167575588144246e+03 2.660682363000000000e+09
6.575378751011548957e+03 2.272625091000000000e+09
6.600283647300784651e+03 3.154561400000000000e+07
6.600950414094374537e+03 1.642662615000000000e+09
6.587326937767369600e+03 1.446367030000000000e+08
6.608853430053317425e+03 1.710904462000000000e+09
6.602128911474224878e+03 2.412073800000000000e+07
6.577593474397845057e+03 8.664220920000000000e+08
6.555879365344079815e+03 3.990884057000000000e+09
6.574997257966830148e+03 1.261162807000000000e+09
6.548318973813726188e+03 2.096779025000000000e+09
6.588198528811748474e+03 1.126666734000000000e+09
6.598851404334483959e+03 1.326006327000000000e+09
6.555187681074708962e+03 1.150668020000000000e+09
6.592172841677083852e+03 5.052958550000000000e+08
6.585475716854287384e+03 1.083150194000000000e+09
6.583834372399636777e+03 1.239080593000000000e+09
6.599832940899217647e+03 1.994104917000000000e+09
6.581672372919080772e+03 2.115633533000000000e+09
6.575373863844443804e+03 3.227277216000000000e+09
6.592570628934716296e+03 1.574382200000000000e+09
6.577405900064779416e+03 3.150937480000000000e+09
6.609321075253716117e+03 5.401313780000000000e+08
6.602519386529927033e+03 3.104911786000000000e+09
6.600890873185066084e+03 1.941690245000000000e+09
6.572448665871967023e+03 3.140220758000000000e+09
6.592789580319553352e+03 1.180682889000000000e+09
6.589400105879727562e+03 3.176781366000000000e+09
6.573858472504407473e+03 1.115818732000000000e+09
6.579157482625453667e+03 3.998110759000000000e+09
6.545889808847233326e+03 6.566894180000000000e+08
6.578458901794135272e+03 3.869338831000000000e+09
6.572978948815019976e+03 3.307284207000000000e+09
6.612523232105921124e+03 1.124351790000000000e+09
6.557423610039148116e+03 2.122491867000000000e+09
6.556273425075122759e+03 3.687939123000000000e+09
6.608557079085953774e+03 2.242581989000000000e+09
6.593138090258628836e+03 5.297148610000000000e+08
6.595944199268229568e+03 6.589093040000000000e+08
6.604270812479886445e+03 1.272591222000000000e+09
6.591653877517772344e+03 3.116778809000000000e+09
6.607784852002439038e+03 7.917959780000000000e+08
6.597646445483336720e+03 1.694668414000000000e+09
6.611201164434908605e+03 3.020884808000000000e+09
6.603656991935578844e+03 2.184105542000000000e+09
6.610476938877702196e+03 2.680993447000000000e+09
6.585490121031621129e+03 3.225488480000000000e+09
6.600486195048035370e+03 3.324840703000000000e+09
6.599844730734435871e+03 1.215641284000000000e+09
6.606946135936665996e+03 5.627958690000000000e+08
6.582995454138042987e+03 6.725307150000000000e+08
6.556125927732522541e+03 3.379847608000000000e+09
6.604968416252275347e+03 9.567545670000000000e+08
6.610129532469248261e+03 2.111383225000000000e+09
6.599983435697573441e+03 2.304424061000000000e+09
6.601072887834414360e+03 3.573242451000000000e+09
6.604389245300300900e+03 3.819225118000000000e+09
6.608692675581131880e+03 5.303110650000000000e+08
6.597436016909112368e+03 1.048893625000000000e+09
6.553050282373269511e+03 1.393953483000000000e+09
6.606338203352620440e+03 1.937539084000000000e+09
6.597575909318979029e+03 1.845055291000000000e+09
6.572074507766042188e+03 1.636913941000000000e+09
6.616498737832744155e+03 2.028218041000000000e+09
6.598347856057018362e+03 2.263490918000000000e+09
6.598657649024665261e+03 7.058326960000000000e+08
6.585508686448260960e+03 2.449956264000000000e+09
6.598388930229513790e+03 6.520687780000000000e+08
