# Lens_likelihood 	 seed
5.692049848429049234e+03 4.288355738000000000e+09
5.771797241737564036e+03 3.548658602000000000e+09
5.636825614395718731e+03 1.211443159000000000e+09
5.731104296439944846e+03 1.348576893000000000e+09
5.728381589905789951e+03 1.612248074000000000e+09
5.744279614297257467e+03 7.213526200000000000e+08
5.797043865724983334e+03 4.537745980000000000e+08
5.789512230661385729e+03 4.269150207000000000e+09
5.749060848430375700e+03 4.133092212000000000e+09
5.734558045142039191e+03 4.176461050000000000e+09
5.747066264096273699e+03 1.887233926000000000e+09
5.814814109389729310e+03 5.196771050000000000e+08
5.792610662818420678e+03 4.066992309000000000e+09
5.730436134422830946e+03 2.540455840000000000e+08
5.762489755654618421e+03 5.976483440000000000e+08
5.751400431546105210e+03 3.357912315000000000e+09
5.789093693769978017e+03 6.099086330000000000e+08
5.684440581150720391e+03 1.055370303000000000e+09
5.696335482207208770e+03 2.979350390000000000e+09
5.764653919768250489e+03 3.165648950000000000e+09
5.702239974176901342e+03 6.054319430000000000e+08
5.834489624005776932e+03 1.720265581000000000e+09
5.832427018307405888e+03 3.930141786000000000e+09
5.762525985403107370e+03 3.187590355000000000e+09
5.749207210555719939e+03 3.348859217000000000e+09
5.732262644260506022e+03 1.972574992000000000e+09
5.825793830654111844e+03 1.695173944000000000e+09
5.778828686006537282e+03 3.557761444000000000e+09
5.696298482220460755e+03 4.083260687000000000e+09
5.772228179758622900e+03 2.877735748000000000e+09
5.770459815706304653e+03 2.614338906000000000e+09
5.818288776426535151e+03 3.116170021000000000e+09
5.790502904923156166e+03 1.397283120000000000e+09
5.770685704620429533e+03 1.710765234000000000e+09
5.803882281087585397e+03 8.100568630000000000e+08
5.712155763802950787e+03 3.039051097000000000e+09
5.737627084901858325e+03 3.011755419000000000e+09
5.848753473312707683e+03 2.063272606000000000e+09
5.728061795895268915e+03 3.243111841000000000e+09
5.758017455700656683e+03 2.869304430000000000e+08
5.767099441465134078e+03 3.831127385000000000e+09
5.784198544442613638e+03 1.219914367000000000e+09
5.743086246977579322e+03 2.401117739000000000e+09
5.846141223084492594e+03 8.801986960000000000e+08
5.826968926919982550e+03 5.844232990000000000e+08
5.752662969037627590e+03 2.445293452000000000e+09
5.739777582187243752e+03 2.692338600000000000e+09
5.759280782636895310e+03 3.302003940000000000e+09
5.788754381911074233e+03 2.263994520000000000e+09
5.793614314003736581e+03 3.890085560000000000e+09
5.762585836926632510e+03 3.183059120000000000e+09
5.748903510276348243e+03 1.949178696000000000e+09
5.728358117281541126e+03 4.185048746000000000e+09
5.791528330169170658e+03 3.995209861000000000e+09
5.808844530995987952e+03 1.522237519000000000e+09
5.782431625447231454e+03 2.973384183000000000e+09
5.786069916363995617e+03 1.045468913000000000e+09
5.787930837771931692e+03 3.096277865000000000e+09
5.690213664442337176e+03 3.886745958000000000e+09
5.801504492324214880e+03 4.041073248000000000e+09
5.734944887467617264e+03 1.956347054000000000e+09
5.747354328723113213e+03 2.350271774000000000e+09
5.736151154334605963e+03 3.053531709000000000e+09
5.814846737588036376e+03 2.592656900000000000e+08
5.903993981722679564e+03 4.052073756000000000e+09
5.822973206854398995e+03 2.550987067000000000e+09
5.757858347233931454e+03 5.679706360000000000e+08
5.736090349842309479e+03 3.090438098000000000e+09
5.720679243001756731e+03 3.395740479000000000e+09
5.857706605503197352e+03 3.220717791000000000e+09
5.675020609468538169e+03 1.414158208000000000e+09
5.759571290094389951e+03 3.077485960000000000e+09
5.789487324401426122e+03 6.454102500000000000e+07
5.750153201952732161e+03 9.482433440000000000e+08
5.715867074672309172e+03 9.466224670000000000e+08
5.824305571245600731e+03 2.748426616000000000e+09
5.787240744675222231e+03 2.694451549000000000e+09
5.718953143819870093e+03 3.851590674000000000e+09
5.771314450100475369e+03 3.760744082000000000e+09
5.741256267116966228e+03 2.090796818000000000e+09
5.733828750166633654e+03 3.942241040000000000e+08
5.782219977133592693e+03 1.490807671000000000e+09
5.836589330261745090e+03 3.852637554000000000e+09
5.739554559936899750e+03 1.624087308000000000e+09
5.767563651108976956e+03 1.783116088000000000e+09
5.811778276509852731e+03 1.760663339000000000e+09
5.820034586297178976e+03 3.872779849000000000e+09
5.755688030560957486e+03 2.673434175000000000e+09
5.753036715759375511e+03 1.172502641000000000e+09
5.703892960575055440e+03 1.036101496000000000e+09
5.764606374897073692e+03 9.358895380000000000e+08
5.725420186618830485e+03 1.573059067000000000e+09
5.758473657755687782e+03 3.693314497000000000e+09
5.674281519122290774e+03 1.396625843000000000e+09
5.788993740011690534e+03 3.145887797000000000e+09
5.802010593463119221e+03 5.500768930000000000e+08
5.802755360101127735e+03 5.286365880000000000e+08
5.737624241656461891e+03 1.811162609000000000e+09
5.795595765112955633e+03 8.779155260000000000e+08
5.781874333601250328e+03 1.761689730000000000e+08
5.809520221572619448e+03 4.815209250000000000e+08
5.727690093233695734e+03 9.066983580000000000e+08
5.744273218330876261e+03 3.957923387000000000e+09
5.786307243997840487e+03 3.701939411000000000e+09
5.717499326303899579e+03 2.707962526000000000e+09
5.782843659200536422e+03 1.955372147000000000e+09
5.740228100544365589e+03 3.800535251000000000e+09
5.728067591739330965e+03 2.567698607000000000e+09
5.782539046737154422e+03 9.791546750000000000e+08
5.787863772549785608e+03 4.086895966000000000e+09
5.810674932271713260e+03 1.141722464000000000e+09
5.733441346213701763e+03 2.435881020000000000e+09
5.776162298106407434e+03 3.735997516000000000e+09
5.700756993653307291e+03 6.833400890000000000e+08
5.746926030823969086e+03 1.572238569000000000e+09
5.759859160161861837e+03 2.315904032000000000e+09
5.765443152641299093e+03 3.468216601000000000e+09
5.892675274511602765e+03 3.094914879000000000e+09
5.726431508142199164e+03 1.386464470000000000e+09
5.728407329277880308e+03 2.333324279000000000e+09
5.764743661664393585e+03 9.612693840000000000e+08
5.716158596285575186e+03 2.586477890000000000e+09
5.739496615461370311e+03 2.814638348000000000e+09
5.715654395665524135e+03 3.046791283000000000e+09
5.766877015731745814e+03 9.965984540000000000e+08
5.727449319350929727e+03 3.080581995000000000e+09
5.806335015161446790e+03 3.026926856000000000e+09
5.729917278704513592e+03 1.625515906000000000e+09
5.780446332394355522e+03 3.447555466000000000e+09
5.814206088062892377e+03 1.647356657000000000e+09
5.757193231401273806e+03 1.202268445000000000e+09
5.754487917045306858e+03 2.734331349000000000e+09
5.653892601290941457e+03 1.521048796000000000e+09
5.747654161217731598e+03 2.324397658000000000e+09
5.746741311180170669e+03 1.356102114000000000e+09
5.724791074053337979e+03 1.525450452000000000e+09
5.874897560588058695e+03 7.020785690000000000e+08
5.739920614753560585e+03 4.278578085000000000e+09
5.776657357308873543e+03 3.646818457000000000e+09
5.785892875484799333e+03 8.777901630000000000e+08
5.821272738145699805e+03 3.251912482000000000e+09
5.739077965150669115e+03 2.277722200000000000e+09
5.850828374897544563e+03 1.541622894000000000e+09
5.739632284078048542e+03 3.669268556000000000e+09
5.910248289296664552e+03 2.734751183000000000e+09
5.760000780555662459e+03 2.245875606000000000e+09
5.745341986206507499e+03 3.184448265000000000e+09
5.860912539196384387e+03 5.588149180000000000e+08
5.750726198882944118e+03 2.572691950000000000e+08
5.801697550484952444e+03 4.011264613000000000e+09
5.778702114844123571e+03 8.162981270000000000e+08
5.811963329384042481e+03 2.669551210000000000e+09
5.825462859707579810e+03 1.250473305000000000e+09
5.785108098233158671e+03 3.827953105000000000e+09
5.755527474101515509e+03 2.212063708000000000e+09
5.740179627459319818e+03 1.196830398000000000e+09
5.778765222428624838e+03 3.693546110000000000e+09
5.771420774670586070e+03 9.996221800000000000e+08
5.731344647840176549e+03 1.956547466000000000e+09
5.761561695570595475e+03 3.685770365000000000e+09
5.790515307201925680e+03 4.287905431000000000e+09
5.786748271703278988e+03 9.863868550000000000e+08
5.813920065234662616e+03 2.178715096000000000e+09
5.783347920004549451e+03 3.948674193000000000e+09
5.738475451267629978e+03 3.387274372000000000e+09
5.784986484819095494e+03 3.784332244000000000e+09
5.846542650165591112e+03 2.153611181000000000e+09
5.748810130129655590e+03 3.488581009000000000e+09
5.709618135961262851e+03 2.511151339000000000e+09
5.796451429320670286e+03 3.815911331000000000e+09
5.615096464265729992e+03 2.294865561000000000e+09
5.876658903068201653e+03 3.781859500000000000e+09
5.649961619382664139e+03 2.070625210000000000e+08
5.746744445618713144e+03 1.186310336000000000e+09
5.808467816183228024e+03 4.051159075000000000e+09
5.833244387211527282e+03 3.197371266000000000e+09
5.812086654992701369e+03 3.012118531000000000e+09
5.865674743732979550e+03 2.888682688000000000e+09
5.682433476626400989e+03 1.501577930000000000e+08
5.878326216141040277e+03 3.885816182000000000e+09
5.729861230052719293e+03 2.664471428000000000e+09
5.763438553429003150e+03 1.193778771000000000e+09
5.732996370327573459e+03 3.631588094000000000e+09
5.727707115827610323e+03 2.706139910000000000e+09
5.763644980716730970e+03 3.768157896000000000e+09
5.861086370404057561e+03 6.812385700000000000e+07
5.771909752105894768e+03 3.054879198000000000e+09
5.766157362501884563e+03 3.936553920000000000e+08
5.756727631093012860e+03 1.066757357000000000e+09
5.783150762753234631e+03 6.590409090000000000e+08
5.819101425813187234e+03 2.640352751000000000e+09
5.701055915351794283e+03 3.671496734000000000e+09
5.739872610448300293e+03 3.844180820000000000e+08
5.733023305835133215e+03 9.518876670000000000e+08
5.819919156855636174e+03 2.251054532000000000e+09
5.778637054662053743e+03 2.774931311000000000e+09
5.739460919390478011e+03 3.427496314000000000e+09
5.801665512648887670e+03 9.601645560000000000e+08
5.748123318157543508e+03 2.245238030000000000e+09
5.774563259232831115e+03 3.694161826000000000e+09
5.797547807281946916e+03 2.572584195000000000e+09
5.800279639553935340e+03 1.538060900000000000e+09
5.731382254932855176e+03 3.884172068000000000e+09
5.750812510360307897e+03 6.524602210000000000e+08
5.788111817611665174e+03 1.200406741000000000e+09
5.860065427574995738e+03 2.851806804000000000e+09
5.805298387814492344e+03 1.069074610000000000e+08
5.754706598546114037e+03 1.578557704000000000e+09
5.763322559179895507e+03 1.843562740000000000e+09
5.781713368461845675e+03 1.759916380000000000e+09
5.735211745982089269e+03 3.996298791000000000e+09
5.767741929994901511e+03 4.037306810000000000e+09
5.687980815545945006e+03 3.496349588000000000e+09
5.734164206381399708e+03 2.908799595000000000e+09
5.753574183546119457e+03 9.800062690000000000e+08
5.843006423602058931e+03 1.350306247000000000e+09
5.699152011281071282e+03 2.440630849000000000e+09
5.884775643633991422e+03 2.260889160000000000e+09
5.775576183100193703e+03 2.347348182000000000e+09
5.787243813288986530e+03 2.117811562000000000e+09
5.933448141110986398e+03 4.256586697000000000e+09
5.838010652118600774e+03 3.983900177000000000e+09
5.805015695961542406e+03 3.716524300000000000e+07
5.731329885002041010e+03 1.767371221000000000e+09
5.816385134011863556e+03 1.871562557000000000e+09
5.753278731685385537e+03 2.267849609000000000e+09
5.769468625415468523e+03 1.516792298000000000e+09
5.770719740695150904e+03 2.519223384000000000e+09
5.791315859468390045e+03 3.516852466000000000e+09
5.735171032101017772e+03 2.620256500000000000e+09
5.737879221725487696e+03 2.086696098000000000e+09
5.776497670873141033e+03 1.403429165000000000e+09
5.672193634899458630e+03 2.246873476000000000e+09
5.746915567620958427e+03 2.644257929000000000e+09
5.744865966578041480e+03 4.121744875000000000e+09
5.794159879027190982e+03 3.286875332000000000e+09
5.755995374620792973e+03 2.619698264000000000e+09
5.710101420757882806e+03 1.456155747000000000e+09
5.816596671958814113e+03 1.327187070000000000e+08
5.699939699899443440e+03 3.800100670000000000e+09
5.852277767480520197e+03 1.456263423000000000e+09
5.760585580578340341e+03 3.256215081000000000e+09
5.774309421650894365e+03 9.255479760000000000e+08
5.740310428280068663e+03 1.750104925000000000e+09
5.728669261541707783e+03 3.269081925000000000e+09
5.673619397932923675e+03 3.137570251000000000e+09
5.726135249722670778e+03 7.259931810000000000e+08
5.746849519339811195e+03 1.828325636000000000e+09
5.676810232645862925e+03 3.441715967000000000e+09
5.752290639828363055e+03 3.259371245000000000e+09
5.680707043432172213e+03 2.368302871000000000e+09
5.808405391252927075e+03 3.770339520000000000e+08
5.747893847429711968e+03 2.832778630000000000e+08
5.783534178088615590e+03 5.629476250000000000e+08
5.808507743875666165e+03 8.416533700000000000e+07
5.847791642077248980e+03 1.021863092000000000e+09
5.730163638390176857e+03 4.201126520000000000e+09
5.779734121125697129e+03 3.329175685000000000e+09
5.780787273882018781e+03 8.907234270000000000e+08
5.857462420328331064e+03 5.485585250000000000e+08
5.730650457856187131e+03 3.674801049000000000e+09
5.792305843259485300e+03 3.384967340000000000e+08
5.785082845927024209e+03 6.248337910000000000e+08
5.928163956078734373e+03 2.728797209000000000e+09
5.757641255860450656e+03 2.091805934000000000e+09
5.751412266060529873e+03 2.844709854000000000e+09
5.773295378957709545e+03 3.713159926000000000e+09
5.750535463047544908e+03 2.283972048000000000e+09
5.798674444579299234e+03 3.153904498000000000e+09
5.810669685907899293e+03 3.145723448000000000e+09
5.777058580927938237e+03 1.065012714000000000e+09
5.803291143119271510e+03 1.124725464000000000e+09
5.812010255091256113e+03 1.066837076000000000e+09
5.727620166472652272e+03 1.185513276000000000e+09
5.690708235422125654e+03 2.998076175000000000e+09
5.770076141595025547e+03 4.048386042000000000e+09
5.763018225181836897e+03 2.986772541000000000e+09
5.894457265351467868e+03 2.773005473000000000e+09
5.906321107301433585e+03 2.793023840000000000e+08
5.751290149057947929e+03 4.206669887000000000e+09
5.687716597181824000e+03 3.908344254000000000e+09
5.735329609907001213e+03 3.117421112000000000e+09
5.728540930522514827e+03 4.292122470000000000e+08
5.789925781142214873e+03 3.002324448000000000e+09
5.786793780996030364e+03 1.449800102000000000e+09
5.772330228953713231e+03 2.946173342000000000e+09
5.771907705160921978e+03 1.618203184000000000e+09
5.751878171831629516e+03 1.145164665000000000e+09
5.744643683872192923e+03 1.391509576000000000e+09
5.756236047701187999e+03 1.054336548000000000e+09
5.780348349697267622e+03 2.244185874000000000e+09
5.748385928530110505e+03 1.172447393000000000e+09
5.749361302378662003e+03 3.576737395000000000e+09
5.769047855819270808e+03 4.094692360000000000e+09
5.742479250824057999e+03 2.902490456000000000e+09
5.747474498978967858e+03 7.497550210000000000e+08
5.799952221307526997e+03 7.706409640000000000e+08
5.784304778672058092e+03 2.907519504000000000e+09
5.751231393888785533e+03 1.535187391000000000e+09
5.763606018996220882e+03 1.844087764000000000e+09
5.776599266798394638e+03 1.720489894000000000e+09
5.761162909135799055e+03 2.243975224000000000e+09
5.794995340686486088e+03 2.235521958000000000e+09
5.817499754555179607e+03 1.026663150000000000e+08
5.748991736676543042e+03 4.282550649000000000e+09
5.750930025404494700e+03 6.426494180000000000e+08
5.829113024936156762e+03 2.120898189000000000e+09
5.763193672446975143e+03 5.703994050000000000e+08
5.812042325364639510e+03 1.516014833000000000e+09
5.781333845153729271e+03 3.960233843000000000e+09
5.783740351005008051e+03 6.587812940000000000e+08
5.861428482352387618e+03 4.168254884000000000e+09
5.839666868663564856e+03 2.418517728000000000e+09
5.689017028103206030e+03 1.850404118000000000e+09
5.794564429217216457e+03 6.475530200000000000e+08
5.745907200527431996e+03 4.235318950000000000e+08
5.770290215681836344e+03 2.448603435000000000e+09
5.758860260289007783e+03 2.467630066000000000e+09
5.761580650053267163e+03 3.169153269000000000e+09
5.770728214737914641e+03 2.034880962000000000e+09
5.712251633892178688e+03 2.483538140000000000e+09
5.825641894706584026e+03 1.110047810000000000e+09
5.736318984586864644e+03 1.540485434000000000e+09
5.788225092231374219e+03 3.579627280000000000e+08
5.789075824102925253e+03 1.356156703000000000e+09
5.694269567657150219e+03 1.399813250000000000e+08
5.750413314884492138e+03 1.084246557000000000e+09
5.810673944237352771e+03 2.986595299000000000e+09
5.768335793288808418e+03 3.007894401000000000e+09
5.695089658810001310e+03 2.492195670000000000e+09
5.789052735725632374e+03 3.822517011000000000e+09
5.770613836625097065e+03 2.627696110000000000e+08
5.720724838107702453e+03 3.344695482000000000e+09
5.857679098320933008e+03 2.578324673000000000e+09
5.806429774780960543e+03 1.309798424000000000e+09
5.744964515228892196e+03 3.052243992000000000e+09
5.674608645805596097e+03 1.317237038000000000e+09
5.739326658694253638e+03 4.165854632000000000e+09
5.800762248577617356e+03 1.058158862000000000e+09
5.719822171359884123e+03 1.818819802000000000e+09
5.808672497270920758e+03 2.564443079000000000e+09
5.800520917897598338e+03 1.994910102000000000e+09
5.749917495000903727e+03 2.929746070000000000e+09
5.827653976732113733e+03 2.255440667000000000e+09
5.770219345377542595e+03 5.551548560000000000e+08
5.762503830215100606e+03 1.425621630000000000e+09
5.832746884027041233e+03 9.426700670000000000e+08
5.769159040396594719e+03 3.326535922000000000e+09
5.695274954347776657e+03 2.401944568000000000e+09
5.738260085776377309e+03 2.160010997000000000e+09
