# Lens_likelihood 	 seed
6.507181274248124282e+03 4.247268677000000000e+09
6.547884504101920356e+03 2.295426199000000000e+09
6.572931517413257097e+03 8.144666100000000000e+08
6.570924599975822275e+03 2.123433565000000000e+09
6.595338874388038676e+03 1.685003111000000000e+09
6.597670979637912751e+03 3.203646258000000000e+09
6.595844233268489006e+03 2.349285613000000000e+09
6.590123317646924988e+03 3.407382957000000000e+09
6.574871806481965905e+03 1.284844240000000000e+09
6.611176130822289451e+03 2.547676172000000000e+09
6.561065049627255576e+03 3.339730235000000000e+09
6.604228496377417287e+03 1.814733850000000000e+09
6.560078042119526799e+03 3.495521227000000000e+09
6.580381573486059096e+03 3.016804776000000000e+09
6.609449526590565256e+03 2.290908467000000000e+09
6.554070471180801178e+03 3.619783815000000000e+09
6.532080061943031978e+03 8.759870020000000000e+08
6.568283219617298528e+03 3.645612461000000000e+09
6.573807457518716546e+03 4.155033524000000000e+09
6.557590578511259992e+03 3.433882288000000000e+09
6.592762041991441038e+03 4.137963226000000000e+09
6.535797644556071646e+03 3.716180770000000000e+09
6.560246010588009995e+03 3.657674478000000000e+09
6.598168712638689613e+03 1.618756530000000000e+08
6.541073294347286719e+03 2.313086036000000000e+09
6.535545754717831187e+03 2.843888545000000000e+09
6.507202507379013696e+03 3.654876683000000000e+09
6.532023018500552098e+03 4.297303710000000000e+08
6.580601906801186487e+03 2.701662193000000000e+09
6.585819189704192468e+03 2.950383504000000000e+09
6.550742191447588993e+03 1.460556164000000000e+09
6.555681772941166855e+03 3.238124246000000000e+09
6.577859367070697772e+03 3.045517280000000000e+09
6.572581634384092467e+03 8.508491100000000000e+07
6.490632074246353113e+03 2.148998773000000000e+09
6.567442262727457091e+03 2.796567769000000000e+09
6.527260207594307758e+03 3.549715226000000000e+09
6.609359291386503173e+03 2.901737712000000000e+09
6.556815380052062210e+03 4.121262342000000000e+09
6.541236785544189843e+03 1.537245799000000000e+09
6.582410329229512172e+03 3.392184808000000000e+09
6.625137139386900344e+03 3.205518362000000000e+09
6.592841202600773613e+03 3.697667856000000000e+09
6.478547307488213846e+03 2.870782717000000000e+09
6.571899724842838623e+03 1.070372343000000000e+09
6.588425892450921310e+03 7.798164840000000000e+08
6.554874027741489954e+03 2.014237217000000000e+09
6.561272684715831019e+03 1.861689358000000000e+09
6.564561860158308264e+03 5.841770820000000000e+08
6.574139457128067079e+03 2.746356899000000000e+09
6.533644788299417996e+03 2.887531116000000000e+09
6.507397431508985392e+03 1.199329171000000000e+09
6.500644010410899682e+03 2.852340098000000000e+09
6.582390040461182252e+03 3.804198351000000000e+09
6.604384611341703021e+03 4.213727417000000000e+09
6.600027211769290261e+03 1.514161950000000000e+09
6.530617809671376563e+03 1.077841235000000000e+09
6.601182306297105242e+03 1.235769290000000000e+08
6.568818857189193295e+03 1.083785163000000000e+09
6.562886244208143580e+03 1.765643476000000000e+09
6.588908409671942536e+03 4.062344548000000000e+09
6.513055185600986988e+03 7.062145030000000000e+08
6.598900494780755253e+03 3.788686270000000000e+08
6.608428745618151879e+03 3.653077058000000000e+09
6.573509181009564600e+03 1.212591314000000000e+09
6.549312630419887682e+03 1.107059781000000000e+09
6.559204742589294256e+03 1.370473400000000000e+08
6.549885696967227886e+03 3.956377535000000000e+09
6.503369801395900140e+03 2.037556938000000000e+09
6.621186642779106478e+03 3.770419932000000000e+09
6.521170247009102241e+03 6.314172080000000000e+08
6.618353278357435556e+03 7.543086500000000000e+07
6.522465883512170876e+03 2.787312689000000000e+09
6.613496182726018560e+03 2.773931644000000000e+09
6.544878868232559398e+03 1.081874171000000000e+09
6.600835921691908879e+03 1.065226394000000000e+09
6.569921314696451191e+03 1.883612622000000000e+09
6.581544469478170868e+03 1.051126498000000000e+09
6.564499275985919667e+03 8.344786370000000000e+08
6.609816074187321647e+03 2.212132728000000000e+09
6.495318705273330124e+03 8.367742670000000000e+08
6.551909675509421504e+03 3.567928005000000000e+09
6.498222875837944230e+03 4.881887330000000000e+08
6.602377120347684468e+03 4.688582570000000000e+08
6.602402829103967633e+03 2.796533075000000000e+09
6.545622806329697596e+03 4.156751047000000000e+09
6.541299695373356371e+03 1.642381980000000000e+08
6.552984612414882577e+03 1.401000920000000000e+08
6.607972741499405856e+03 2.213018761000000000e+09
6.575388739647330112e+03 1.619613101000000000e+09
6.530375001806663022e+03 1.132243738000000000e+09
6.599411539016251481e+03 2.086143309000000000e+09
6.506495697692154863e+03 1.659496905000000000e+09
6.559168070288027593e+03 2.953407217000000000e+09
6.600399144269289536e+03 2.760957600000000000e+08
6.525089633908935866e+03 1.627261079000000000e+09
6.573917143638385824e+03 1.363673648000000000e+09
6.588697485257943299e+03 5.425490540000000000e+08
6.561273768678596753e+03 3.644702543000000000e+09
6.552208687125082179e+03 2.272704590000000000e+08
6.563691016916320223e+03 2.067293003000000000e+09
6.548007669331813304e+03 1.287261871000000000e+09
6.533598542658227416e+03 2.841229110000000000e+08
6.603398123441613279e+03 1.019341050000000000e+08
6.620212481826565636e+03 4.922874720000000000e+08
6.607545666156300285e+03 3.203894055000000000e+09
6.588441990054552662e+03 4.109444552000000000e+09
6.546237693505208881e+03 2.853385738000000000e+09
6.552314335657060838e+03 1.441833496000000000e+09
6.486129541905998849e+03 2.755592686000000000e+09
6.536682761087214203e+03 1.054012327000000000e+09
6.498488158092341109e+03 2.209658340000000000e+09
6.544744562325180596e+03 1.337382084000000000e+09
6.499114580791877415e+03 1.158147674000000000e+09
6.545125203262708055e+03 1.974766715000000000e+09
6.547924355122473571e+03 3.075256290000000000e+09
6.585042800713599718e+03 4.292402980000000000e+08
6.557228212960113524e+03 1.443007434000000000e+09
6.538317430952059112e+03 6.616427620000000000e+08
6.575866579586539956e+03 1.594884813000000000e+09
6.565094914028438325e+03 4.135503635000000000e+09
6.601703201302760135e+03 1.210214875000000000e+09
6.611087928983646634e+03 1.269164127000000000e+09
6.571701657923634230e+03 3.006066581000000000e+09
6.606774405643965110e+03 3.627924219000000000e+09
6.558859323517712255e+03 2.665005408000000000e+09
6.571371240068669067e+03 4.294646854000000000e+09
6.592558682831153419e+03 4.614128910000000000e+08
6.614454260996340963e+03 3.513345710000000000e+09
6.576488084083636750e+03 4.115775286000000000e+09
6.561209453135588774e+03 2.121538784000000000e+09
6.568131189232225552e+03 1.279569191000000000e+09
6.561657077110242426e+03 2.458672683000000000e+09
6.573155421515415583e+03 4.110349845000000000e+09
6.586525058285140403e+03 1.654549620000000000e+09
6.578610559476190247e+03 3.538929230000000000e+08
6.545886918970885745e+03 2.732159196000000000e+09
6.558495400871485799e+03 3.591605130000000000e+08
6.562479221489180418e+03 1.259097700000000000e+07
6.588280564359796699e+03 1.882774530000000000e+09
6.579749171040782130e+03 1.501835711000000000e+09
6.603645301667408603e+03 2.688475279000000000e+09
6.585921928134571317e+03 3.852520465000000000e+09
6.534122502143615748e+03 1.139315810000000000e+08
6.576827352681742923e+03 2.616445361000000000e+09
6.555530234210840717e+03 2.235809288000000000e+09
6.515313485141369711e+03 2.981706970000000000e+08
6.545284332182667640e+03 2.756514285000000000e+09
6.607041206291758499e+03 2.746753064000000000e+09
6.598062411731535576e+03 1.111915242000000000e+09
6.534868155050882706e+03 3.820780034000000000e+09
6.575423398505590740e+03 1.638753008000000000e+09
6.579458913094017589e+03 3.880057635000000000e+09
6.564173762577762318e+03 2.085762226000000000e+09
6.553992529206691870e+03 3.357997454000000000e+09
6.599023796100033906e+03 3.432691326000000000e+09
6.575139871685352773e+03 1.076153880000000000e+08
6.524752137953364581e+03 5.916042550000000000e+08
6.560858618608163852e+03 4.207704378000000000e+09
6.582998615419524867e+03 4.130886485000000000e+09
6.539420937211748424e+03 2.127847900000000000e+09
6.594096032821494191e+03 2.164716046000000000e+09
6.570493880959200396e+03 7.206787800000000000e+07
6.523822860458727519e+03 3.284768326000000000e+09
6.580004359665117590e+03 1.747315209000000000e+09
6.538703205775511378e+03 6.155502010000000000e+08
6.603157762921250651e+03 3.326892568000000000e+09
6.514466750423974190e+03 1.203948482000000000e+09
6.623603558105760385e+03 2.108847665000000000e+09
6.583872332083118636e+03 3.659574404000000000e+09
6.587053645890495318e+03 2.543762576000000000e+09
6.612270460637779252e+03 2.443549616000000000e+09
6.546060976870367995e+03 3.350838492000000000e+09
6.600815805485428427e+03 7.071026530000000000e+08
6.558697077960930983e+03 2.543146867000000000e+09
6.578611400450569818e+03 2.595321399000000000e+09
6.601119911353926909e+03 3.351982000000000000e+09
6.546523652327782656e+03 2.969381725000000000e+09
6.602213401512674864e+03 3.937472117000000000e+09
6.535903069290854546e+03 1.927070236000000000e+09
6.510737674698717456e+03 1.023548822000000000e+09
6.601760523543833187e+03 1.604372866000000000e+09
6.585181671784657738e+03 1.873238678000000000e+09
6.570962852704072247e+03 9.453028250000000000e+08
6.594372083188496617e+03 3.429083276000000000e+09
6.584714208573770520e+03 1.071466215000000000e+09
6.547570160062428840e+03 3.612308444000000000e+09
6.569111345359300685e+03 4.064223950000000000e+08
6.547336135718965124e+03 1.367545506000000000e+09
6.575167000940212347e+03 1.451580416000000000e+09
6.572320955086213871e+03 2.559565267000000000e+09
6.507690993899388559e+03 2.481081056000000000e+09
6.516795021208279650e+03 5.393198930000000000e+08
6.619915451534781823e+03 4.133897282000000000e+09
6.526764378248743014e+03 2.881717447000000000e+09
6.542087438665383161e+03 4.246033280000000000e+08
6.550081630581060381e+03 3.744187929000000000e+09
6.568336741234369583e+03 7.189115910000000000e+08
6.540346693907408735e+03 1.553518140000000000e+08
6.567405365026541403e+03 3.914386437000000000e+09
6.625505147821078026e+03 7.113538930000000000e+08
6.515799503923589327e+03 1.285277971000000000e+09
6.630231896922170563e+03 4.254366725000000000e+09
6.550709301324701300e+03 7.228415600000000000e+07
6.537131686992323012e+03 2.886317466000000000e+09
6.528613030922901089e+03 1.274173860000000000e+09
6.603934645995152096e+03 1.362397246000000000e+09
6.574636584461788516e+03 1.950523283000000000e+09
6.599868449260487978e+03 3.177440987000000000e+09
6.594823941075841503e+03 2.332048094000000000e+09
6.572560523408976223e+03 3.858721462000000000e+09
6.570511200145379917e+03 4.146927501000000000e+09
6.516599148745372077e+03 1.056682248000000000e+09
6.538624372718933046e+03 1.901465422000000000e+09
6.596344832591138584e+03 1.224807840000000000e+08
6.580364112089934679e+03 6.942012230000000000e+08
6.576092244749599558e+03 3.642932205000000000e+09
6.601322681021112658e+03 3.868954168000000000e+09
6.619887547463376904e+03 2.956265886000000000e+09
6.558082974908977121e+03 6.440959820000000000e+08
6.531673589663772873e+03 8.716830430000000000e+08
6.495521754373521617e+03 5.309792020000000000e+08
6.557595730618822927e+03 5.105894340000000000e+08
6.528172213049632774e+03 3.355372470000000000e+09
6.545947976130715688e+03 9.878398030000000000e+08
6.559481423336351327e+03 3.869046088000000000e+09
6.571466966791627783e+03 2.735235289000000000e+09
6.548705115275328353e+03 6.671678800000000000e+07
6.546077745838712872e+03 1.139930226000000000e+09
6.582474529856759546e+03 3.134522790000000000e+09
6.538280841199697534e+03 2.506865760000000000e+08
6.568168686174281902e+03 3.391530036000000000e+09
6.563367587581360567e+03 2.680138424000000000e+09
6.558238238501898195e+03 1.944900320000000000e+09
6.621799193096222552e+03 1.277288586000000000e+09
6.582431381468782092e+03 4.227374975000000000e+09
6.554703961027078549e+03 3.345313050000000000e+09
6.613870191858868566e+03 2.432822510000000000e+08
6.562077987035975639e+03 5.924852180000000000e+08
6.538467691444839147e+03 2.920817283000000000e+09
6.572270490655491813e+03 3.624905302000000000e+09
6.477415190062281908e+03 2.706012113000000000e+09
6.552984622525482337e+03 3.598939679000000000e+09
6.510474458374862479e+03 1.832206063000000000e+09
6.574488842445954106e+03 2.295280784000000000e+09
6.469885580586337710e+03 2.048765212000000000e+09
6.623521122955458850e+03 3.675469087000000000e+09
6.550656413439517564e+03 1.045074930000000000e+08
6.563779800605778291e+03 1.970808476000000000e+09
6.559073920576627643e+03 3.187153796000000000e+09
6.586867199637631529e+03 1.469298309000000000e+09
6.525930813787535953e+03 3.692140660000000000e+08
6.559592493289024787e+03 4.233439853000000000e+09
6.590114088141197499e+03 1.704266486000000000e+09
6.530223708232132594e+03 3.670129242000000000e+09
6.570653387625209689e+03 2.129306528000000000e+09
6.535639737769205567e+03 1.347425530000000000e+09
6.586227605262541147e+03 2.894819962000000000e+09
6.574163334399222549e+03 3.817152704000000000e+09
6.564617091198117123e+03 4.752800680000000000e+08
6.541016133074626850e+03 2.311284868000000000e+09
6.578517476747997534e+03 2.597530299000000000e+09
6.607669978572682339e+03 2.486020389000000000e+09
6.600601917493760084e+03 3.861165551000000000e+09
6.574796388182407100e+03 3.485575400000000000e+07
6.584087575583977923e+03 2.862029397000000000e+09
6.567037786510666592e+03 1.525306377000000000e+09
6.551956799345269246e+03 1.580152306000000000e+09
6.546697741333360682e+03 3.723416796000000000e+09
6.544057679467237904e+03 3.945265587000000000e+09
6.601144503237095705e+03 3.992028254000000000e+09
6.544362369429975843e+03 1.885907336000000000e+09
6.548708091865882125e+03 9.715839400000000000e+08
6.532195951135296127e+03 1.611144313000000000e+09
6.568640525359018284e+03 3.682670309000000000e+09
6.614732117799720072e+03 3.440819805000000000e+09
6.620820232459947874e+03 1.706573643000000000e+09
6.568062012243823119e+03 4.272847342000000000e+09
6.572939957843205775e+03 1.892951479000000000e+09
6.500381366835817971e+03 1.108622993000000000e+09
6.514731012815474969e+03 3.187156302000000000e+09
6.573087347876840795e+03 3.285985146000000000e+09
6.575577410343727934e+03 2.429651483000000000e+09
6.618855965741390719e+03 1.082277572000000000e+09
6.514885353849189414e+03 3.961180858000000000e+09
6.507424201313251615e+03 1.124167130000000000e+08
6.565467270486967209e+03 2.801236590000000000e+08
6.533663299647678286e+03 7.591838800000000000e+08
6.576757744168475256e+03 4.083001200000000000e+07
6.646347647068596416e+03 2.843142171000000000e+09
6.582520341067944173e+03 2.197315711000000000e+09
6.513026589565522954e+03 2.793749084000000000e+09
6.530829263240762884e+03 2.011563542000000000e+09
6.502662271218283422e+03 3.351489409000000000e+09
6.573471987238774091e+03 4.012246167000000000e+09
6.550175898042331937e+03 2.959074826000000000e+09
6.558421725129803235e+03 1.635739929000000000e+09
6.593657877326804737e+03 2.511310334000000000e+09
6.527685800088913311e+03 1.796768610000000000e+08
6.569619628374808599e+03 1.279173026000000000e+09
6.578348881665375302e+03 3.178204842000000000e+09
6.584888127330619682e+03 3.222827558000000000e+09
6.555327805549844925e+03 4.261812266000000000e+09
6.549734087364088737e+03 6.885514340000000000e+08
6.585995698806187647e+03 4.073630823000000000e+09
6.505483652294446074e+03 3.799411497000000000e+09
6.567105820803802999e+03 8.103369390000000000e+08
6.572393268341028488e+03 3.502511596000000000e+09
6.588134510301236332e+03 2.386396881000000000e+09
6.579692599807213810e+03 3.291459825000000000e+09
6.566460074281892048e+03 3.773437675000000000e+09
6.545998103607625126e+03 3.410040009000000000e+09
6.558782330380827261e+03 1.985470158000000000e+09
6.519189714419853772e+03 4.143515312000000000e+09
6.549338604366960681e+03 3.404963978000000000e+09
6.604135998118905263e+03 3.669032174000000000e+09
6.551096430342075109e+03 1.117810059000000000e+09
6.566053187013854767e+03 1.529859801000000000e+09
6.627408449856829975e+03 1.109288195000000000e+09
6.534156793536668374e+03 3.003682631000000000e+09
6.542745266486407672e+03 2.260646272000000000e+09
6.530764322184782941e+03 5.120335920000000000e+08
6.571931053282350149e+03 2.820294308000000000e+09
6.528700565146711597e+03 3.723865090000000000e+09
6.597662043020065539e+03 3.963478946000000000e+09
6.545597961755997858e+03 5.208809360000000000e+08
6.599985082085981958e+03 2.569580630000000000e+09
6.611159060694175423e+03 3.604174630000000000e+08
6.559138655873695825e+03 6.698348470000000000e+08
6.523079155053743307e+03 1.927913905000000000e+09
6.553381168721352878e+03 3.735778271000000000e+09
6.584740984538506382e+03 1.429670410000000000e+08
6.572792629978772311e+03 1.883201560000000000e+09
6.592441633645681577e+03 2.226560220000000000e+08
6.593030597450107962e+03 2.148580596000000000e+09
6.556588383639826134e+03 1.344176765000000000e+09
6.556644691906363732e+03 3.211403926000000000e+09
6.557080428589549228e+03 5.416759390000000000e+08
6.603166878773943608e+03 5.355350540000000000e+08
6.604200643139906788e+03 3.677856058000000000e+09
6.621353585333099545e+03 3.237214489000000000e+09
6.578339895126167903e+03 4.251809470000000000e+08
6.574190752713119764e+03 3.084243325000000000e+09
6.541505660224864187e+03 1.565848095000000000e+09
6.538385449474301822e+03 1.800982933000000000e+09
6.586240867801187051e+03 1.736065750000000000e+09
6.582391823835384457e+03 1.399325146000000000e+09
6.562482230649601661e+03 2.159016351000000000e+09
6.579047174084800645e+03 1.626560860000000000e+09
6.552107484275627939e+03 1.516638733000000000e+09
