# Lens_likelihood 	 seed
6.989162906542436758e+03 9.334823620000000000e+08
6.971598879490822583e+03 5.495650760000000000e+08
6.986331881105068533e+03 5.784522500000000000e+07
6.985291067748798014e+03 9.689673580000000000e+08
6.983065035696925406e+03 5.908095910000000000e+08
6.961170667699127080e+03 4.125826556000000000e+09
6.998962249416763370e+03 2.756809104000000000e+09
6.979161128295128947e+03 4.061588996000000000e+09
7.001773588471209223e+03 3.342665516000000000e+09
6.992559113185809110e+03 2.429535960000000000e+09
6.946078257937029775e+03 1.020818231000000000e+09
6.990477946312183121e+03 4.206927139000000000e+09
6.967589124211031958e+03 3.444587501000000000e+09
6.985076415801285293e+03 2.060076628000000000e+09
7.001505988713756778e+03 1.721809954000000000e+09
6.996180015626620843e+03 3.502420418000000000e+09
6.983585774678068447e+03 2.531282348000000000e+09
6.974791065833325774e+03 3.234324159000000000e+09
6.985500511638139869e+03 3.449376190000000000e+08
6.974281308160630033e+03 2.807448615000000000e+09
6.987864833830137286e+03 4.225679673000000000e+09
6.990875448728900665e+03 2.437953993000000000e+09
6.987612999120143286e+03 3.533094059000000000e+09
6.995439860835519539e+03 3.999926187000000000e+09
6.995303227617474477e+03 2.660151128000000000e+09
6.979468743956791513e+03 3.713226183000000000e+09
6.945954254591417339e+03 9.601622760000000000e+08
6.987386148974940625e+03 4.137321995000000000e+09
6.990735395240531943e+03 3.279690920000000000e+09
6.961007862045737966e+03 9.899002740000000000e+08
6.969300992703550037e+03 3.941588620000000000e+08
6.991452734099704685e+03 1.771491096000000000e+09
7.005642224974175406e+03 1.873334174000000000e+09
6.963484394706595594e+03 2.319802809000000000e+09
6.969151178042891843e+03 1.169434050000000000e+09
6.977165846528443581e+03 1.309736622000000000e+09
7.002200004991367678e+03 2.518476284000000000e+09
6.999217709911471502e+03 3.272015918000000000e+09
6.981665888566778449e+03 3.398133399000000000e+09
6.983999726716082478e+03 2.965544560000000000e+09
6.986075701694530835e+03 4.277416097000000000e+09
7.006266170041348232e+03 1.478876396000000000e+09
6.989781394257356624e+03 1.590935769000000000e+09
6.976591503568597545e+03 3.336333231000000000e+09
6.986355655678756193e+03 2.924281274000000000e+09
6.992770792881857233e+03 2.962902903000000000e+09
6.972050816900592508e+03 4.210420919000000000e+09
6.985606552114257283e+03 2.245789345000000000e+09
6.999538156680742759e+03 4.232969789000000000e+09
6.984539523287494376e+03 2.512472496000000000e+09
6.989239769355159297e+03 2.615391634000000000e+09
6.978716813796209863e+03 3.997092345000000000e+09
6.985813496267461232e+03 3.627916949000000000e+09
6.978797774336766452e+03 2.459567974000000000e+09
7.000805922020257640e+03 2.494909504000000000e+09
6.975685378773602679e+03 2.606555394000000000e+09
6.973916782965140555e+03 3.865080726000000000e+09
6.957201848509163938e+03 2.419382684000000000e+09
6.985051309210502950e+03 3.408782775000000000e+09
6.994823966631422081e+03 3.290337717000000000e+09
6.975653467999596614e+03 1.893055029000000000e+09
7.003804035471770476e+03 1.537283047000000000e+09
6.981454466942351246e+03 4.846370730000000000e+08
6.975388994664856909e+03 3.778223562000000000e+09
7.006361198316778427e+03 3.002351017000000000e+09
6.989440000055326891e+03 1.279976608000000000e+09
6.965246274460704626e+03 4.030449900000000000e+08
6.956040212566407718e+03 2.630799647000000000e+09
7.003737556695838066e+03 3.255958941000000000e+09
6.990958920664021207e+03 2.469173411000000000e+09
6.983490492259752500e+03 2.784319763000000000e+09
6.995957335086221065e+03 2.973558779000000000e+09
6.972598299918719931e+03 3.567257393000000000e+09
6.972869825273833158e+03 2.575435285000000000e+09
6.975200703044944021e+03 2.634585611000000000e+09
6.989537623944130246e+03 1.817409636000000000e+09
6.979250682140638673e+03 2.215196620000000000e+09
6.966624632801955158e+03 1.180998934000000000e+09
6.984672683666486591e+03 4.036625657000000000e+09
6.983965247063815696e+03 2.452680040000000000e+08
6.954300284642762563e+03 1.715479077000000000e+09
6.964302712709108164e+03 3.916705100000000000e+08
6.964825132734869840e+03 2.540903625000000000e+09
6.975508381703299165e+03 9.934034400000000000e+08
6.957947330951436015e+03 7.023517200000000000e+07
6.995552064129475184e+03 1.299876356000000000e+09
6.995987967218419726e+03 3.104332198000000000e+09
6.981095198289258406e+03 1.242003524000000000e+09
6.989047446630062041e+03 1.020344260000000000e+08
6.970093475194900748e+03 2.457681474000000000e+09
6.974828679499581085e+03 2.248870705000000000e+09
6.990920339156923546e+03 1.091951202000000000e+09
6.974604074113852221e+03 3.724217006000000000e+09
6.980210250438942239e+03 4.101534031000000000e+09
6.987017178746276841e+03 8.357570410000000000e+08
6.978123646482223194e+03 4.336439270000000000e+08
6.990006858434576316e+03 3.723444529000000000e+09
6.958891329893291186e+03 9.517035140000000000e+08
6.960444633930402233e+03 4.023601991000000000e+09
6.965137854501517722e+03 1.205441010000000000e+08
6.993592770839273726e+03 1.807609099000000000e+09
6.972962250626653258e+03 1.299093440000000000e+09
6.995550351113480247e+03 1.309697680000000000e+09
6.967134553904926179e+03 4.102119536000000000e+09
6.953272633050363766e+03 2.604157720000000000e+08
6.971657970164281323e+03 2.613172514000000000e+09
6.980073453398732454e+03 4.085848699000000000e+09
6.993000157296737598e+03 3.849123623000000000e+09
6.972339779208738037e+03 1.489436302000000000e+09
6.976924325046890772e+03 2.544286978000000000e+09
6.989827806460337342e+03 9.848269450000000000e+08
7.001453203262710304e+03 2.182525850000000000e+08
7.015887747119445521e+03 2.910180292000000000e+09
6.973663448144109680e+03 3.783417454000000000e+09
6.975999206082829005e+03 2.801374739000000000e+09
6.985401547335153737e+03 1.170633952000000000e+09
6.977791181469823641e+03 1.155173331000000000e+09
6.980224229652601935e+03 2.339709807000000000e+09
6.998217192463120227e+03 1.814377497000000000e+09
6.996906242347041371e+03 2.721301580000000000e+09
6.978510561878616500e+03 5.700951230000000000e+08
6.977634381275067426e+03 2.796350529000000000e+09
6.991363034661668280e+03 2.127947532000000000e+09
6.966442126427116818e+03 3.498182575000000000e+09
6.978817609221783641e+03 1.205619632000000000e+09
6.985776256281778842e+03 4.291768740000000000e+08
6.963447694538992437e+03 2.708525085000000000e+09
6.948877002220035138e+03 9.312397830000000000e+08
6.982300114441382902e+03 3.600329184000000000e+09
6.967803406213777635e+03 1.004265368000000000e+09
7.007305341704875900e+03 3.026780674000000000e+09
6.971723967373941377e+03 3.804478740000000000e+08
6.967473670380932163e+03 2.437924450000000000e+09
6.976680902640828208e+03 2.297305281000000000e+09
6.975510692045168071e+03 3.096303642000000000e+09
6.987539256889840544e+03 3.603264264000000000e+09
6.965223570404763450e+03 3.717293676000000000e+09
6.957236583925980085e+03 3.163335579000000000e+09
6.982530460141232652e+03 1.657754071000000000e+09
6.970744646862683112e+03 2.837019462000000000e+09
6.982961783306865982e+03 1.470572527000000000e+09
6.981284738102778647e+03 3.389895540000000000e+09
6.951926794437960780e+03 2.186680998000000000e+09
6.955299344387289239e+03 3.898817093000000000e+09
7.004653316258058112e+03 4.170522529000000000e+09
6.993011911277150830e+03 8.770023330000000000e+08
7.001701305349546601e+03 3.426735328000000000e+09
6.963197935138261528e+03 1.821727728000000000e+09
6.961258283446998576e+03 2.792998924000000000e+09
6.970473959473249124e+03 2.216790442000000000e+09
6.982536484649709564e+03 2.846050636000000000e+09
6.964930511395781650e+03 4.224809332000000000e+09
6.990486236974189524e+03 2.954902298000000000e+09
6.979704347327203322e+03 1.487396278000000000e+09
6.978316258314385777e+03 1.883520868000000000e+09
6.951918152198216376e+03 2.408192955000000000e+09
6.956440356446350052e+03 1.765309813000000000e+09
6.959102877306079790e+03 4.086160514000000000e+09
6.971862433750899982e+03 1.259925741000000000e+09
6.978941750205810422e+03 2.051580368000000000e+09
6.959515066429945364e+03 7.998876430000000000e+08
6.981381850970055893e+03 7.623216070000000000e+08
6.978392970981718463e+03 4.886774150000000000e+08
7.015682138720478179e+03 9.179209100000000000e+08
6.978496492147824029e+03 3.147617777000000000e+09
7.010031100947197046e+03 1.977102110000000000e+08
6.955018857270099943e+03 4.254497290000000000e+08
6.990770137978668572e+03 3.638094810000000000e+08
6.976017407571408512e+03 2.243730797000000000e+09
6.998708457678849300e+03 4.027271631000000000e+09
6.968506336972038298e+03 3.852387678000000000e+09
6.983170149877031690e+03 1.301882259000000000e+09
6.995831068200127447e+03 2.044712435000000000e+09
6.990506695088096421e+03 2.830132431000000000e+09
6.990205753973709761e+03 2.253420837000000000e+09
6.968203256676368255e+03 3.747291580000000000e+08
6.987874016345990640e+03 2.578039680000000000e+08
6.996124568885789813e+03 2.303043270000000000e+08
6.982724910502464809e+03 3.181025089000000000e+09
6.975473938250605897e+03 2.067500026000000000e+09
6.942752764712218777e+03 3.628060859000000000e+09
6.982099561235949295e+03 6.771461280000000000e+08
6.976816309570404883e+03 2.981031942000000000e+09
7.004197926497850858e+03 3.708816859000000000e+09
6.977509004929276671e+03 2.183999786000000000e+09
7.001248310694771135e+03 9.237698360000000000e+08
6.981217022161975365e+03 1.393073044000000000e+09
6.988694227013917953e+03 4.292293200000000000e+08
6.991626367727822981e+03 1.095489647000000000e+09
6.987435555713531357e+03 1.948578580000000000e+08
6.996871631835517292e+03 2.256391818000000000e+09
6.989872048817808718e+03 3.719655146000000000e+09
6.988468704685637931e+03 3.833984093000000000e+09
6.986435663380567348e+03 3.752783391000000000e+09
6.976389007942905664e+03 3.980393273000000000e+09
6.980204180621808518e+03 2.919948810000000000e+08
6.974431672905980122e+03 2.642253687000000000e+09
6.963218798850843086e+03 1.279170260000000000e+09
7.004591504628246184e+03 1.628082007000000000e+09
6.983527538032844859e+03 2.482711322000000000e+09
7.003674060753231061e+03 1.318577941000000000e+09
6.987627251788142530e+03 4.275712351000000000e+09
6.963327738558844430e+03 3.627546528000000000e+09
6.995091009950524494e+03 2.735566134000000000e+09
6.996777723141924071e+03 2.547965410000000000e+08
6.972993084561613614e+03 3.104137046000000000e+09
6.964644511539917403e+03 3.498602506000000000e+09
6.992599139264842961e+03 2.749915127000000000e+09
7.029976718527947014e+03 2.198192843000000000e+09
6.972146870212834983e+03 2.041606301000000000e+09
6.968324852848304545e+03 2.252040194000000000e+09
6.975231410303343182e+03 7.930010790000000000e+08
6.978719294209752661e+03 1.274108332000000000e+09
6.979165750038939223e+03 3.587154065000000000e+09
6.976396055105847154e+03 1.389361934000000000e+09
6.971978556951653445e+03 1.083388461000000000e+09
6.994207209919508387e+03 1.053346748000000000e+09
6.981653259266306122e+03 8.551118390000000000e+08
6.961926095838024594e+03 1.298788614000000000e+09
6.960769121577770420e+03 5.184934400000000000e+07
6.968385610620764055e+03 1.168270700000000000e+07
7.003585808605966122e+03 2.738158260000000000e+09
6.987579216025739697e+03 7.201313120000000000e+08
6.969857357924808639e+03 2.460957407000000000e+09
6.981919876546897285e+03 3.472473787000000000e+09
6.974495190901829119e+03 5.870789960000000000e+08
7.009851234290955290e+03 2.580220329000000000e+09
6.958881984523692154e+03 3.601823244000000000e+09
6.962106056403599723e+03 2.479731151000000000e+09
6.994426706697936424e+03 2.681795068000000000e+09
6.976111578000807640e+03 3.328918927000000000e+09
6.955979461442871070e+03 2.859619459000000000e+09
6.955481777638009589e+03 1.119653036000000000e+09
6.979533528582007420e+03 9.677824170000000000e+08
6.982485312401180636e+03 1.119080734000000000e+09
6.992750375901837288e+03 3.850707563000000000e+09
6.983591330537959948e+03 1.872832524000000000e+09
6.991030574344578781e+03 3.299920880000000000e+08
6.983264221448885110e+03 2.330240551000000000e+09
6.964016874049031685e+03 3.158112184000000000e+09
6.972427200235124474e+03 3.741988041000000000e+09
6.986790195522080467e+03 1.776429471000000000e+09
6.974305541656279274e+03 8.397352910000000000e+08
6.996263348948626117e+03 5.063616060000000000e+08
7.000069713979720291e+03 1.100141896000000000e+09
6.984342791189115815e+03 2.220632169000000000e+09
6.963931512660552471e+03 1.494649410000000000e+09
6.955543933961459516e+03 1.912264639000000000e+09
6.989721577725510542e+03 2.790633882000000000e+09
6.989370351558336552e+03 1.993409483000000000e+09
6.988432506696088240e+03 2.742205482000000000e+09
6.996537180385483225e+03 8.431435500000000000e+08
6.998752572892815806e+03 2.725231264000000000e+09
6.985108719506031775e+03 4.180214231000000000e+09
6.997700255385987475e+03 2.816692037000000000e+09
7.008613528971181950e+03 3.853526615000000000e+09
6.963531287922502997e+03 1.507058043000000000e+09
6.994800747693608173e+03 4.034934892000000000e+09
6.981851481560522188e+03 1.841103636000000000e+09
7.009783249682403039e+03 4.113338059000000000e+09
6.944623483030934040e+03 2.348525149000000000e+09
6.963548481190053280e+03 1.428927881000000000e+09
6.985326010143687199e+03 1.337863924000000000e+09
6.985721842219434620e+03 2.707973943000000000e+09
6.982917172264646069e+03 1.717584169000000000e+09
6.964195550427899434e+03 1.741931083000000000e+09
6.986337513629942805e+03 1.139725819000000000e+09
6.982763994382884448e+03 1.788160546000000000e+09
6.990570240430698504e+03 4.190382643000000000e+09
6.997439054892488457e+03 3.124665328000000000e+09
6.974064415104064210e+03 3.841244048000000000e+09
6.982362914764774359e+03 3.915501590000000000e+09
6.977567446154038407e+03 2.700505860000000000e+09
6.978674078351225944e+03 1.279873871000000000e+09
6.980012281040555536e+03 2.256163184000000000e+09
6.959920110231123545e+03 1.719658620000000000e+09
6.962066880667329315e+03 2.691946670000000000e+08
6.980177063135375647e+03 8.545898130000000000e+08
6.987739196976297535e+03 2.676972698000000000e+09
6.980419331126722682e+03 7.308135080000000000e+08
6.966534423614544721e+03 1.337767160000000000e+09
6.993018427137326398e+03 1.202534398000000000e+09
6.987780923176394026e+03 2.464367139000000000e+09
6.964194694174119832e+03 9.993002660000000000e+08
6.980107849581923801e+03 3.860356978000000000e+09
6.967696762713800126e+03 1.384772092000000000e+09
6.977798720211083491e+03 1.776687290000000000e+08
6.980489049373294620e+03 8.743176010000000000e+08
6.979022079910676439e+03 1.797843490000000000e+09
6.977186579207185787e+03 2.989376168000000000e+09
6.988850595704508123e+03 2.255177828000000000e+09
6.982017287284938902e+03 2.067402383000000000e+09
6.999847508277793168e+03 5.364198970000000000e+08
6.981662249897603942e+03 2.537570040000000000e+09
6.961623776980221919e+03 1.576769945000000000e+09
6.967001938457799952e+03 1.385424200000000000e+08
6.972968822981172707e+03 1.478776830000000000e+08
6.991902129104678352e+03 2.591562506000000000e+09
6.988952865947561804e+03 6.293858410000000000e+08
6.997019868938339641e+03 2.066276220000000000e+08
6.966341645340624382e+03 2.343589162000000000e+09
6.982848446251797213e+03 4.209288669000000000e+09
6.993925867847827249e+03 2.030491878000000000e+09
6.974692422178443849e+03 1.297701167000000000e+09
6.982683148523046839e+03 1.175095501000000000e+09
6.986887728600203445e+03 3.923683747000000000e+09
7.002755246754411928e+03 6.049256490000000000e+08
6.969135215398744549e+03 1.669792069000000000e+09
6.989784401614371745e+03 4.269656149000000000e+09
6.990110988938216906e+03 4.266661311000000000e+09
6.990409251492932526e+03 1.508309183000000000e+09
6.977084821947517412e+03 3.109285488000000000e+09
7.000768981459335009e+03 3.698010130000000000e+08
6.988548464338114172e+03 3.509066807000000000e+09
6.998920220401687402e+03 2.147025432000000000e+09
7.003660112098423269e+03 3.934626176000000000e+09
6.977323671940768691e+03 2.006959740000000000e+09
6.980048158651608901e+03 4.863497490000000000e+08
6.964101728629542777e+03 2.849648569000000000e+09
6.963623686710210677e+03 1.507430536000000000e+09
6.975593694673518257e+03 2.420587832000000000e+09
6.981741524898270654e+03 1.851252695000000000e+09
6.999879683710812969e+03 3.645343020000000000e+09
7.012891798152145384e+03 2.811047669000000000e+09
6.972725874525195650e+03 2.563938995000000000e+09
6.953692491707328372e+03 2.567875295000000000e+09
6.992195188690781833e+03 2.911413458000000000e+09
6.961316543519388688e+03 3.083244673000000000e+09
6.988673326665250897e+03 1.585545886000000000e+09
6.960652328586204931e+03 1.347213491000000000e+09
6.990484992430938291e+03 2.091503893000000000e+09
6.983589333857566089e+03 2.931718001000000000e+09
6.962651550241181212e+03 1.901326137000000000e+09
7.008373868208687782e+03 7.484137650000000000e+08
6.990674327000047924e+03 7.599611800000000000e+07
6.980675224867104589e+03 3.536930257000000000e+09
6.986042909940197205e+03 3.943960145000000000e+09
6.978686420702673786e+03 1.319656598000000000e+09
6.981342090297711366e+03 1.866489977000000000e+09
6.987653407517403139e+03 2.899598868000000000e+09
6.986584498065066327e+03 8.371570650000000000e+08
6.987290104404562953e+03 1.619163939000000000e+09
6.973061756912016790e+03 1.451931400000000000e+07
6.998197780157802299e+03 4.039476076000000000e+09
6.969658959994549150e+03 3.922952625000000000e+09
6.991363992061612407e+03 2.168198570000000000e+08
7.016900104050208029e+03 4.136354767000000000e+09
6.989001575876702191e+03 4.054743502000000000e+09
6.985575131489167688e+03 2.026449207000000000e+09
6.986042278650032131e+03 2.329903817000000000e+09
