# Lens_likelihood 	 seed
4.667148875302365923e+03 3.064567529000000000e+09
4.620049728528921150e+03 1.402961591000000000e+09
4.911716357056844572e+03 1.851503393000000000e+09
4.837969503585989514e+03 3.184130045000000000e+09
5.114608781802347949e+03 4.272383871000000000e+09
4.826314136848734051e+03 5.559374260000000000e+08
5.000381938344402442e+03 5.482811790000000000e+08
5.061381574648705282e+03 1.525759425000000000e+09
4.758707456356443799e+03 2.804831931000000000e+09
4.972320996081752128e+03 1.827218717000000000e+09
4.933975359129240132e+03 3.236202369000000000e+09
4.822757291115537555e+03 4.193271751000000000e+09
5.140979622062941417e+03 3.802841865000000000e+09
4.952114878871570909e+03 2.393994853000000000e+09
4.764278267814190258e+03 4.943587540000000000e+08
4.902045564425043267e+03 1.243926765000000000e+09
4.940106087773264335e+03 3.325408000000000000e+08
4.832170900400680694e+03 1.853918300000000000e+09
4.910185019803750038e+03 2.868117280000000000e+09
4.975430270264067985e+03 1.771138584000000000e+09
4.951309359713366575e+03 3.309767217000000000e+09
5.084925367019941405e+03 3.595593738000000000e+09
4.868728302019802868e+03 1.631114083000000000e+09
5.019066312989492872e+03 4.907929820000000000e+08
5.004111490792362929e+03 2.706457149000000000e+09
4.921594864553746447e+03 3.344932248000000000e+09
5.012155203895765226e+03 9.523435010000000000e+08
4.648174687453240949e+03 3.128178664000000000e+09
5.038490544091362608e+03 3.729110334000000000e+09
4.849803551666132989e+03 2.389412410000000000e+09
4.762495896961325343e+03 3.707036883000000000e+09
4.993108283587040205e+03 2.384209041000000000e+09
4.788803102763595234e+03 3.936006909000000000e+09
5.005215851376054161e+03 2.287626871000000000e+09
4.877652006819220333e+03 2.903616902000000000e+09
4.865838232414704180e+03 1.898716779000000000e+09
4.913493883847890174e+03 3.878177929000000000e+09
4.787039611740169676e+03 2.763718991000000000e+09
5.019569786440347343e+03 2.646601648000000000e+09
4.832444775063559064e+03 3.446751200000000000e+07
5.055640733012947749e+03 1.479335121000000000e+09
4.880055931491505362e+03 1.181869249000000000e+09
4.799856492221729241e+03 3.721427530000000000e+08
4.768505674381642166e+03 8.203162010000000000e+08
4.779815728334178857e+03 1.003488484000000000e+09
5.008784177584158897e+03 2.524471372000000000e+09
5.076786216743159457e+03 5.447072090000000000e+08
4.665833793480354871e+03 2.809598401000000000e+09
4.857618728574829220e+03 3.361238606000000000e+09
4.914563851657248961e+03 1.591400375000000000e+09
5.043013490325101884e+03 3.784953712000000000e+09
4.797017212415794347e+03 4.036772379000000000e+09
4.858581143188446731e+03 1.229523765000000000e+09
4.956200821153440302e+03 3.637602661000000000e+09
4.903809838229557499e+03 8.986666330000000000e+08
4.870658222489195396e+03 1.463123423000000000e+09
4.971863227800330606e+03 3.098672718000000000e+09
4.829721339556675048e+03 3.056674467000000000e+09
5.049448296086606206e+03 4.085439618000000000e+09
4.675110601144720931e+03 2.247802302000000000e+09
4.821238537940480455e+03 3.691973627000000000e+09
4.837513636978690556e+03 1.343378691000000000e+09
5.212896412136153231e+03 3.158414635000000000e+09
4.804301593712326394e+03 3.036324218000000000e+09
5.028750148227283717e+03 3.648876944000000000e+09
4.873393231216487948e+03 2.361994019000000000e+09
4.713390323353543863e+03 1.162566908000000000e+09
4.979494738666012381e+03 2.644959763000000000e+09
5.083179405755139669e+03 4.057959716000000000e+09
4.701957538589089381e+03 3.994528779000000000e+09
4.748134129833291809e+03 2.962037517000000000e+09
4.770278815310817663e+03 6.536658440000000000e+08
4.756510191392315392e+03 1.103045964000000000e+09
4.964612204196515449e+03 1.081729150000000000e+09
4.919619334429818082e+03 2.259260089000000000e+09
4.930521930532263468e+03 2.929361370000000000e+08
4.715877217653736807e+03 1.040877117000000000e+09
4.866848639024465228e+03 2.570050574000000000e+09
4.781381513806176372e+03 2.931131118000000000e+09
4.913082331102681565e+03 3.086107810000000000e+08
5.049607472799749303e+03 3.713359832000000000e+09
4.704924518564173923e+03 2.755154914000000000e+09
4.880119812841870953e+03 4.192148520000000000e+09
4.886816706551664538e+03 2.442476039000000000e+09
4.724680015089499648e+03 4.060861694000000000e+09
4.918999268071845108e+03 2.887338143000000000e+09
4.830766351326861695e+03 7.274285430000000000e+08
5.016417081802776011e+03 4.284544973000000000e+09
5.017698336157097401e+03 3.899101209000000000e+09
4.759157393854062320e+03 2.087657954000000000e+09
5.099341713049390819e+03 2.622122131000000000e+09
4.909109207467514352e+03 6.766096200000000000e+08
4.904009929646748787e+03 1.789298445000000000e+09
4.883867971616183240e+03 3.506935485000000000e+09
5.003088984400870686e+03 5.666385920000000000e+08
5.108924053924387408e+03 5.550164900000000000e+07
4.964327256469996428e+03 3.651578380000000000e+09
5.064853185090000807e+03 2.426838849000000000e+09
4.681166309147476568e+03 3.284534077000000000e+09
4.909400294841010691e+03 1.175567514000000000e+09
4.748334990928846310e+03 3.647054469000000000e+09
4.937068638260781881e+03 2.267128967000000000e+09
4.859142287320959440e+03 2.687658844000000000e+09
4.997026441203748618e+03 3.114936690000000000e+09
4.885102000102918282e+03 1.606364977000000000e+09
4.998465865901260258e+03 3.699410730000000000e+09
4.913272627697710050e+03 3.140470198000000000e+09
4.844625404214783885e+03 4.162584707000000000e+09
5.125704075664461925e+03 1.140580554000000000e+09
4.955583860983546401e+03 3.342156961000000000e+09
4.877987940069672732e+03 4.172781133000000000e+09
4.913582572006858754e+03 2.757572770000000000e+09
4.810264396175663933e+03 2.779755440000000000e+08
4.811981783362413807e+03 2.658111465000000000e+09
4.909647192507937689e+03 3.888166470000000000e+08
4.956171386503394388e+03 3.550960073000000000e+09
4.819850683777911399e+03 8.996359390000000000e+08
5.149048838138623978e+03 3.652479757000000000e+09
4.989488418810584335e+03 2.010480180000000000e+09
4.657355891148987212e+03 1.752707243000000000e+09
4.940106774594266426e+03 3.615942114000000000e+09
4.974749402855332846e+03 2.246594089000000000e+09
4.937663005443341717e+03 3.159749255000000000e+09
4.876027976934898106e+03 1.594501528000000000e+09
4.856944791186886505e+03 2.098613424000000000e+09
5.072730902562392657e+03 3.848417691000000000e+09
4.946251572461232172e+03 2.792627929000000000e+09
4.866006471905473518e+03 7.972459550000000000e+08
4.672554910676461077e+03 2.482380652000000000e+09
4.972153569493577379e+03 3.990320328000000000e+09
4.803240709756860269e+03 2.991230807000000000e+09
4.780195083117780086e+03 2.385591331000000000e+09
4.763077001192546959e+03 8.688555490000000000e+08
4.777142100604595726e+03 1.718786068000000000e+09
4.982932299717946080e+03 1.149574930000000000e+08
4.991085076117249628e+03 3.435230345000000000e+09
4.889504637379613996e+03 2.478255904000000000e+09
4.812255422720734714e+03 4.075886134000000000e+09
4.745222739338023530e+03 1.779442835000000000e+09
4.823047790955545679e+03 6.445493340000000000e+08
4.739406939170418809e+03 2.390427358000000000e+09
4.851997846372772983e+03 4.121475481000000000e+09
4.869586402954188088e+03 5.313140400000000000e+08
4.865145512351435173e+03 2.300888467000000000e+09
4.758735458133762222e+03 3.312265980000000000e+09
4.808108961346913929e+03 3.097465281000000000e+09
4.937216366122733234e+03 2.836491754000000000e+09
4.819064613375372574e+03 3.297635018000000000e+09
4.932376099565331970e+03 2.767552121000000000e+09
4.673452604029751456e+03 1.682533774000000000e+09
4.815222246488056044e+03 2.775782102000000000e+09
4.964206435707241326e+03 1.358263556000000000e+09
4.778634126451935117e+03 1.429768737000000000e+09
4.982130444246546176e+03 3.146776519000000000e+09
4.916485423701597028e+03 1.151832386000000000e+09
4.747532451154291266e+03 3.616513749000000000e+09
4.792186776191556419e+03 1.997782637000000000e+09
4.850046097516882583e+03 4.213564555000000000e+09
4.964956791488157251e+03 9.232598120000000000e+08
4.886672577032264599e+03 7.495400000000000000e+04
5.050630612761478915e+03 4.180354940000000000e+09
4.864161762841530617e+03 1.424195948000000000e+09
5.016703259274997436e+03 8.580128980000000000e+08
4.948632641156307727e+03 3.776494079000000000e+09
4.701477164492603151e+03 3.362013631000000000e+09
4.955233097749837725e+03 1.730291103000000000e+09
4.796849082516473572e+03 1.408553469000000000e+09
4.744125082550075604e+03 3.154341328000000000e+09
4.863900703200298267e+03 3.773440822000000000e+09
5.099653648656636506e+03 3.854616186000000000e+09
4.925325515971348068e+03 2.289946059000000000e+09
4.835155439481461144e+03 4.070750493000000000e+09
5.090973134612122522e+03 2.177948639000000000e+09
4.719730946947531265e+03 1.247104574000000000e+09
5.019827768676345841e+03 1.155654945000000000e+09
4.940013216921999629e+03 8.869718670000000000e+08
5.132176832812010616e+03 1.173938626000000000e+09
4.971185263413042776e+03 1.407486100000000000e+09
4.984010267015089084e+03 3.754032228000000000e+09
4.699340168350401655e+03 2.004805804000000000e+09
5.011018334895076805e+03 2.569223350000000000e+08
4.845136934392317926e+03 1.943285298000000000e+09
4.950651620654662111e+03 9.246915040000000000e+08
4.917805894333179822e+03 1.411818196000000000e+09
4.860330259093377208e+03 1.659443981000000000e+09
4.873040209496823991e+03 4.067543354000000000e+09
5.013938203376538695e+03 2.365999928000000000e+09
4.878471169320140689e+03 4.559557270000000000e+08
5.006766194410943172e+03 6.710548370000000000e+08
4.776739762025024902e+03 3.375998779000000000e+09
5.042555716125748404e+03 2.324667825000000000e+09
4.985107217793927703e+03 1.338014120000000000e+09
4.760234825798372185e+03 2.955088280000000000e+08
4.790223986079328824e+03 2.092739071000000000e+09
4.977291143115755403e+03 2.258047000000000000e+08
4.888431473787099094e+03 1.894697711000000000e+09
4.776100801173522996e+03 9.936900320000000000e+08
4.858344529339126893e+03 3.819163131000000000e+09
4.869222949556518870e+03 2.302554413000000000e+09
5.035024727924822400e+03 3.854969918000000000e+09
4.988716390255409351e+03 4.195513463000000000e+09
4.959905084417263424e+03 4.123504058000000000e+09
4.684776008607916083e+03 2.254276950000000000e+09
4.825410022343276069e+03 1.855490686000000000e+09
5.020282896473127039e+03 2.479070120000000000e+08
4.808127385298019362e+03 3.952594291000000000e+09
4.865782631618115374e+03 1.850773446000000000e+09
4.789902775739879871e+03 2.081038463000000000e+09
4.890234828857888715e+03 2.073805221000000000e+09
4.785623912168950483e+03 2.119168781000000000e+09
4.925322096739335393e+03 4.174568250000000000e+08
4.940512985696012038e+03 3.173103012000000000e+09
5.058262946754332006e+03 2.880358421000000000e+09
5.029041703898263222e+03 3.029951943000000000e+09
5.150789571306670950e+03 1.124260138000000000e+09
4.973780391326956305e+03 3.483823541000000000e+09
4.813679557223091251e+03 2.688915093000000000e+09
4.781512111036003262e+03 3.608363621000000000e+09
4.798239422810112046e+03 6.664100010000000000e+08
4.695104629450072935e+03 3.648839743000000000e+09
4.850067397112876279e+03 3.690581787000000000e+09
5.052627250173864013e+03 1.177687798000000000e+09
4.937373746981827026e+03 3.397765032000000000e+09
4.949436206008293084e+03 3.361910158000000000e+09
4.792975540817917135e+03 2.615513990000000000e+08
4.862730452654675901e+03 3.404827876000000000e+09
4.966886877068980539e+03 1.669288888000000000e+09
5.081875877955909345e+03 1.019520843000000000e+09
4.722853020603096411e+03 4.480028410000000000e+08
4.914747727884874621e+03 2.260296851000000000e+09
4.856611429039302493e+03 2.571564421000000000e+09
4.899473225789600292e+03 3.303460266000000000e+09
4.908149173147457986e+03 1.858432204000000000e+09
4.855794594604327358e+03 1.035519831000000000e+09
4.984807640021161205e+03 4.205924399000000000e+09
4.851571926275835722e+03 3.659266680000000000e+09
4.886556357069599471e+03 9.733452670000000000e+08
4.928026944286153594e+03 1.116675144000000000e+09
4.968206337606515262e+03 2.356294101000000000e+09
4.942312096899835524e+03 1.415585372000000000e+09
4.956756405327985703e+03 4.608130400000000000e+08
5.114719224101459076e+03 2.633756102000000000e+09
4.864285844739790264e+03 3.804426498000000000e+09
5.119268743488333712e+03 4.099082561000000000e+09
4.898389840133429971e+03 3.030623258000000000e+09
4.872913229694903748e+03 1.369409667000000000e+09
5.006788040079474740e+03 3.533107562000000000e+09
4.904724742117548885e+03 1.020716263000000000e+09
5.059018638419719537e+03 3.765885837000000000e+09
4.963398547171672362e+03 1.108626135000000000e+09
5.057133314707734826e+03 2.703242712000000000e+09
4.878691210495684572e+03 3.518434600000000000e+08
4.910567141750001610e+03 2.072490543000000000e+09
4.839107667833366577e+03 1.523110939000000000e+09
4.917503603039705013e+03 1.978519664000000000e+09
5.069917535269021755e+03 2.699168377000000000e+09
4.737446747306892576e+03 1.311493940000000000e+08
4.996256825946932622e+03 5.963190990000000000e+08
4.933034070893971148e+03 1.886021810000000000e+08
4.788466838029326027e+03 1.734775587000000000e+09
4.896204432587378506e+03 1.179160258000000000e+09
4.781323559448240303e+03 9.212899010000000000e+08
4.900711106317265148e+03 1.801687770000000000e+08
5.006840461014649918e+03 3.149154615000000000e+09
4.974757235308183226e+03 8.880824060000000000e+08
4.829582245836068068e+03 1.312336309000000000e+09
4.791083970403846251e+03 4.533467000000000000e+08
4.734755427399030850e+03 2.428512460000000000e+08
4.857914795646809580e+03 3.837973987000000000e+09
4.756614599942519817e+03 3.714784165000000000e+09
4.980240122737292040e+03 1.884333965000000000e+09
4.688806473038772310e+03 2.939643738000000000e+09
4.803348864292185681e+03 3.550099951000000000e+09
4.907775181271876136e+03 1.992573559000000000e+09
4.860871222680845676e+03 2.182556450000000000e+09
4.963882682776647925e+03 4.070519700000000000e+08
5.008251246236704901e+03 3.117241007000000000e+09
5.016670315283484342e+03 1.406370259000000000e+09
4.960018866315773266e+03 3.424294019000000000e+09
4.933312671316245542e+03 2.129453307000000000e+09
4.846264796806007325e+03 1.359110063000000000e+09
5.016815687206694747e+03 1.778401832000000000e+09
4.857806769188353428e+03 1.218231201000000000e+09
4.948981559987045330e+03 4.475760410000000000e+08
4.860087999789911919e+03 3.383173280000000000e+08
4.710422274603197366e+03 1.785538825000000000e+09
4.956610604664512721e+03 2.934354813000000000e+09
4.937345240405332333e+03 1.942283270000000000e+08
4.913454124438896542e+03 1.884144728000000000e+09
4.801567067078333821e+03 2.905832737000000000e+09
4.967782227315686214e+03 2.474777924000000000e+09
5.013494062712293271e+03 1.331525190000000000e+08
4.713005968460134682e+03 3.355120595000000000e+09
4.799677429518856115e+03 1.863259439000000000e+09
5.073674662980061839e+03 3.802480547000000000e+09
4.683268059323622765e+03 2.187548300000000000e+08
4.925306472420503269e+03 2.950128024000000000e+09
4.935217854332977367e+03 1.595836685000000000e+09
4.861655832985479719e+03 2.445547325000000000e+09
4.935812128624410434e+03 3.955808768000000000e+09
4.990450152146685468e+03 9.982894210000000000e+08
4.994960889355088511e+03 4.241884167000000000e+09
4.866551006794173190e+03 4.093919227000000000e+09
4.767688838466170637e+03 2.563587088000000000e+09
4.840524372038140427e+03 2.047344061000000000e+09
4.921535989942862216e+03 4.247690842000000000e+09
4.803887586601862495e+03 3.681212620000000000e+09
4.785643328603778173e+03 3.129942154000000000e+09
4.940681284554626473e+03 2.237427474000000000e+09
4.894007907603803687e+03 3.671261415000000000e+09
4.850821475566115623e+03 1.321990903000000000e+09
5.026706737502969190e+03 6.211864320000000000e+08
4.875575721978027104e+03 1.066576443000000000e+09
4.837912841854797080e+03 2.513444516000000000e+09
4.693960252235649023e+03 2.395854844000000000e+09
4.887103838750561408e+03 4.262686437000000000e+09
4.841895188997068544e+03 4.267486319000000000e+09
5.011340611020183132e+03 2.449004632000000000e+09
4.910995266924384850e+03 1.907017579000000000e+09
5.071366884257534366e+03 2.648380464000000000e+09
4.804380439066701001e+03 1.579224678000000000e+09
4.837417381358850434e+03 6.864514760000000000e+08
4.887732841704889324e+03 1.412598762000000000e+09
4.826916652837800939e+03 2.619494259000000000e+09
5.231488130723994800e+03 2.677565309000000000e+09
5.103481292633929115e+03 3.933800129000000000e+09
4.907901405371518194e+03 6.987914510000000000e+08
4.804958777181156620e+03 1.329909923000000000e+09
4.830561705608005468e+03 3.080476948000000000e+09
4.770066202136482389e+03 1.107101503000000000e+09
5.009215042491408894e+03 1.315066033000000000e+09
4.962631822899506915e+03 2.795356813000000000e+09
4.827268535162042099e+03 1.322820571000000000e+09
4.846235846665971621e+03 1.694056940000000000e+09
5.073066679294609457e+03 2.563966124000000000e+09
4.761068338765428962e+03 1.479071329000000000e+09
4.812551059309909760e+03 7.441263070000000000e+08
4.748830805552926904e+03 1.729939618000000000e+09
4.941435017507654266e+03 1.538142390000000000e+08
4.831360780371480359e+03 3.636445936000000000e+09
4.852194537153038254e+03 5.064609540000000000e+08
4.717229353588285448e+03 2.759706886000000000e+09
4.764808476359768974e+03 3.559064124000000000e+09
4.936487811415329816e+03 4.270041015000000000e+09
4.818506773652531592e+03 4.253562554000000000e+09
4.924319811020554880e+03 3.109367207000000000e+09
4.857927412421224290e+03 2.999532642000000000e+09
4.808443868140628183e+03 2.304959714000000000e+09
4.924558718466872961e+03 2.294011328000000000e+09
4.967378426624220992e+03 3.160019542000000000e+09
