# Lens_likelihood 	 seed
6.279222328183081117e+03 1.736772350000000000e+09
6.282726231548605938e+03 1.776976870000000000e+08
6.275692744490407676e+03 8.918025070000000000e+08
6.305141481891267176e+03 4.273963438000000000e+09
6.295094389790026980e+03 2.268670982000000000e+09
6.283004463464340915e+03 7.687349530000000000e+08
6.267535012111566175e+03 9.093911750000000000e+08
6.267304140586415087e+03 2.815350792000000000e+09
6.271073001268539883e+03 2.041876461000000000e+09
6.284087734695355721e+03 2.569364541000000000e+09
6.274225651443974130e+03 1.303563244000000000e+09
6.284184294829055943e+03 1.110043470000000000e+09
6.278199694107026517e+03 3.757032804000000000e+09
6.277201546607717319e+03 2.083311715000000000e+09
6.283233420570573799e+03 2.773295350000000000e+09
6.275776430293146404e+03 3.625949431000000000e+09
6.290116963337806737e+03 3.616774183000000000e+09
6.290477881149840869e+03 1.744045422000000000e+09
6.287449848220539934e+03 1.589578164000000000e+09
6.275277689286351233e+03 2.346335291000000000e+09
6.288230941405645353e+03 3.880143539000000000e+09
6.288920122226791136e+03 2.854186697000000000e+09
6.274918791800535473e+03 3.647930365000000000e+09
6.285953314217442312e+03 3.610146621000000000e+09
6.282324868406700261e+03 2.511092992000000000e+09
6.278647541388051650e+03 3.549486807000000000e+09
6.285456952528622423e+03 1.402719147000000000e+09
6.310702481285654358e+03 4.167523399000000000e+09
6.270462635185301224e+03 2.476253065000000000e+09
6.285222218465734841e+03 6.119888100000000000e+08
6.293762182728638436e+03 3.363791411000000000e+09
6.268020887247296741e+03 3.404180578000000000e+09
6.292007956406891026e+03 5.197626840000000000e+08
6.275873121835572420e+03 3.581577817000000000e+09
6.309118772801462001e+03 3.204872942000000000e+09
6.293395483202561991e+03 1.691069359000000000e+09
6.266567810135709806e+03 1.010750861000000000e+09
6.289820203009195211e+03 1.525271433000000000e+09
6.285988634325000021e+03 8.006840180000000000e+08
6.291596720979237034e+03 6.175933450000000000e+08
6.292705831571082854e+03 2.583800513000000000e+09
6.274177910086173142e+03 1.545134652000000000e+09
6.282470781910638834e+03 3.723103668000000000e+09
6.278147452618903117e+03 6.826500240000000000e+08
6.271687829423641233e+03 9.097505340000000000e+08
6.278394277545458863e+03 6.512593870000000000e+08
6.280835961085361305e+03 3.025369080000000000e+08
6.290549988258851954e+03 2.052823067000000000e+09
6.294930733791650709e+03 4.706611650000000000e+08
6.283769770742578658e+03 4.086072831000000000e+09
6.272866762451405521e+03 5.625629600000000000e+08
6.271640693764032221e+03 1.184048120000000000e+09
6.286519776348649430e+03 3.509099790000000000e+08
6.279807527760544872e+03 9.991161890000000000e+08
6.269848266488370427e+03 1.297418969000000000e+09
6.264242590645070777e+03 3.645826951000000000e+09
6.282371194942728835e+03 1.054492710000000000e+08
6.286996588243048791e+03 2.857313270000000000e+08
6.290912954399229420e+03 4.735148730000000000e+08
6.277713011670244668e+03 1.432151626000000000e+09
6.293475920416154622e+03 1.457628830000000000e+09
6.273987782517256164e+03 3.549197027000000000e+09
6.290192744063226201e+03 5.380655540000000000e+08
6.297203812394252964e+03 1.325942983000000000e+09
6.288268693085610721e+03 3.547916214000000000e+09
6.285743654110263378e+03 1.230893346000000000e+09
6.301225737894068516e+03 4.103135253000000000e+09
6.282770914528617141e+03 3.258880899000000000e+09
6.292126889113293146e+03 2.774834083000000000e+09
6.284694227263242283e+03 4.868383810000000000e+08
6.285602956143007759e+03 1.715906342000000000e+09
6.296865553522082337e+03 3.101998314000000000e+09
6.289856689077065312e+03 1.658070493000000000e+09
6.286320146811250197e+03 4.268071706000000000e+09
6.298554634715637803e+03 3.591654910000000000e+08
6.291891107531742819e+03 2.149024125000000000e+09
6.285287533778294346e+03 2.130900337000000000e+09
6.293691863298283351e+03 1.979409705000000000e+09
6.297691620452404095e+03 1.419057944000000000e+09
6.284772482430262244e+03 2.003886135000000000e+09
6.268508138613376104e+03 4.219417530000000000e+09
6.266271569162227024e+03 3.896802250000000000e+08
6.260383583773350438e+03 2.930740793000000000e+09
6.300827186107077978e+03 3.315943355000000000e+09
6.282173456850653565e+03 3.559020480000000000e+08
6.278380001802473998e+03 4.255416428000000000e+09
6.288390159900802246e+03 3.849483060000000000e+08
6.269483441248216877e+03 7.996615220000000000e+08
6.270555777604841751e+03 7.330054370000000000e+08
6.288963468186572754e+03 2.910665933000000000e+09
6.290501151511892203e+03 1.252214946000000000e+09
6.282822144517092966e+03 1.083783840000000000e+09
6.289697871524878792e+03 1.419136364000000000e+09
6.267809791135455271e+03 3.730082580000000000e+09
6.288827462935729272e+03 3.682166028000000000e+09
6.300480165806348850e+03 9.028298490000000000e+08
6.286548567003888820e+03 1.539892579000000000e+09
6.278884251539538127e+03 2.060334741000000000e+09
6.288153519043271444e+03 2.568752185000000000e+09
6.277640731027770016e+03 6.811806700000000000e+08
6.264195318658397809e+03 3.154078192000000000e+09
6.273324515120984870e+03 2.657493695000000000e+09
6.298731620611115432e+03 3.791576569000000000e+09
6.281242164557415890e+03 1.217296950000000000e+09
6.290643989816215253e+03 1.221810784000000000e+09
6.273666649053584479e+03 8.412293840000000000e+08
6.271410989759768199e+03 3.758827119000000000e+09
6.288085166950572784e+03 1.533522220000000000e+08
6.271253896133786839e+03 1.119528660000000000e+08
6.285090531459662088e+03 4.103851941000000000e+09
6.284312300888977916e+03 3.840106205000000000e+09
6.261389197533952029e+03 2.989145084000000000e+09
6.294194844280241341e+03 1.685936598000000000e+09
6.260818122111713819e+03 2.713069049000000000e+09
6.288622920631943998e+03 1.902563874000000000e+09
6.302574671980228231e+03 4.009061398000000000e+09
6.285629983915145203e+03 2.188489687000000000e+09
6.264222675952552891e+03 2.397963934000000000e+09
6.303600611840211968e+03 3.919452509000000000e+09
6.286495037629680155e+03 1.605804039000000000e+09
6.276250806287484011e+03 3.241844776000000000e+09
6.282947967554047864e+03 1.104542991000000000e+09
6.279181651356269867e+03 2.000859730000000000e+09
6.272549566763049370e+03 1.867089586000000000e+09
6.288734468283422757e+03 3.978700385000000000e+09
6.280098252896683334e+03 3.277656930000000000e+08
6.272796135533429151e+03 2.812470410000000000e+08
6.287664823864188293e+03 1.439206341000000000e+09
6.278845378013712434e+03 4.973151750000000000e+08
6.291112341420853227e+03 2.505736662000000000e+09
6.288298802806185449e+03 4.234159542000000000e+09
6.291683398679359016e+03 3.119048796000000000e+09
6.274570367287243243e+03 8.638187680000000000e+08
6.294848511795143168e+03 1.216755150000000000e+08
6.298500167989828697e+03 4.131988740000000000e+08
6.295765621128652128e+03 1.253774171000000000e+09
6.282936570602318170e+03 2.788652782000000000e+09
6.296933845157443102e+03 3.718640035000000000e+09
6.294918182154831811e+03 1.810222430000000000e+09
6.283230249245738378e+03 9.861577370000000000e+08
6.267654202354355220e+03 8.847351100000000000e+08
6.287362257409154154e+03 3.118306238000000000e+09
6.282398314253980971e+03 6.613915370000000000e+08
6.289662555434086244e+03 3.472298081000000000e+09
6.286302276682043157e+03 1.161587465000000000e+09
6.276286902833297063e+03 1.432723940000000000e+08
6.300037430065026456e+03 4.162499467000000000e+09
6.301223711847324921e+03 2.103210057000000000e+09
6.284321958945938604e+03 8.555036230000000000e+08
6.280904237051009659e+03 3.499275586000000000e+09
6.281936194625079224e+03 2.127013351000000000e+09
6.287345333738081536e+03 3.480236518000000000e+09
6.257186940200317622e+03 4.182053832000000000e+09
6.291154089507974277e+03 3.326410065000000000e+09
6.301379952317573043e+03 7.152910590000000000e+08
6.279836621013713739e+03 3.598115000000000000e+09
6.297530228690440708e+03 1.327424219000000000e+09
6.270173906404877926e+03 4.236595102000000000e+09
6.281170708613877650e+03 2.230620269000000000e+09
6.272454398063873668e+03 8.013928520000000000e+08
6.290009199933769196e+03 2.174398692000000000e+09
6.286413770323715653e+03 1.263227738000000000e+09
6.293935210389637177e+03 3.630204666000000000e+09
6.295749877034546444e+03 3.144322954000000000e+09
6.282663987983231891e+03 5.368992060000000000e+08
6.289256569539673364e+03 4.579502870000000000e+08
6.280720201457667827e+03 4.869158000000000000e+06
6.301950428720710079e+03 3.562172219000000000e+09
6.279028957353291844e+03 1.607690730000000000e+09
6.293146167575107029e+03 3.740244741000000000e+09
6.296576980478064797e+03 1.242868120000000000e+09
6.281384966071529561e+03 2.577962538000000000e+09
6.277993381773272631e+03 1.155681719000000000e+09
6.279315801563242530e+03 1.173580135000000000e+09
6.301212113470843178e+03 1.654573130000000000e+09
6.273558245960863132e+03 8.787881330000000000e+08
6.295683550735081553e+03 5.684710070000000000e+08
6.295984531028295351e+03 2.797202310000000000e+09
6.269920494054407754e+03 2.030987465000000000e+09
6.283797483664009633e+03 7.054193250000000000e+08
6.276077701545589662e+03 4.187020328000000000e+09
6.292492027383481400e+03 9.045743990000000000e+08
6.292528951025587958e+03 5.368415190000000000e+08
6.283387758654630488e+03 3.172562337000000000e+09
6.301517631869648540e+03 2.962893533000000000e+09
6.285726295549266069e+03 2.296555228000000000e+09
6.282233775579982648e+03 2.917168835000000000e+09
6.286353305902178363e+03 2.688734464000000000e+09
6.280115842213223004e+03 8.204204650000000000e+08
6.287328492204866961e+03 1.562940581000000000e+09
6.294830655398804083e+03 7.674304920000000000e+08
6.305469052492942865e+03 3.088836650000000000e+08
6.286656281562120967e+03 1.170299642000000000e+09
6.287616873895118260e+03 2.050083790000000000e+09
6.286434968749937070e+03 1.412727952000000000e+09
6.297707655403835815e+03 1.221544507000000000e+09
6.287910056322521996e+03 2.914926770000000000e+08
6.268743496503760070e+03 2.414652656000000000e+09
6.282622315551888278e+03 8.352462860000000000e+08
6.260733987189376421e+03 1.047281821000000000e+09
6.294894185716882930e+03 3.812483086000000000e+09
6.270943280570878414e+03 1.346378000000000000e+08
6.300632429853754729e+03 1.756490070000000000e+08
6.271983980334152875e+03 4.012030323000000000e+09
6.259840392070613234e+03 6.155148900000000000e+08
6.275925028210805067e+03 1.973840040000000000e+08
6.283201626797914287e+03 2.874570216000000000e+09
6.276406116330875193e+03 1.582267087000000000e+09
6.295061576876555591e+03 3.552305020000000000e+08
6.286698418605858024e+03 8.901270230000000000e+08
6.281639827688602963e+03 3.429255753000000000e+09
6.280392234363642274e+03 1.005172834000000000e+09
6.271188894278016960e+03 2.623937297000000000e+09
6.274060210573166842e+03 3.870354143000000000e+09
6.301297130373438449e+03 3.578814871000000000e+09
6.289325397455230814e+03 4.030120406000000000e+09
6.284808776226698683e+03 3.248979295000000000e+09
6.289951029992833355e+03 2.091603221000000000e+09
6.289538690955058883e+03 2.827299829000000000e+09
6.285674543992844519e+03 6.511340710000000000e+08
6.286320159279051040e+03 3.228760772000000000e+09
6.289212182210171704e+03 2.505868510000000000e+09
6.271929295405817356e+03 1.500984377000000000e+09
6.283098745236979084e+03 3.920073352000000000e+09
6.284363154027394557e+03 2.917346694000000000e+09
6.277729675013710221e+03 1.948720373000000000e+09
6.285830467107917684e+03 7.440728170000000000e+08
6.295863685391626859e+03 3.034229534000000000e+09
6.280756678904588625e+03 2.816574281000000000e+09
6.277717639023374431e+03 2.840377099000000000e+09
6.269159212417082017e+03 2.604723498000000000e+09
6.286591558727749543e+03 1.544367842000000000e+09
6.301881651578098172e+03 1.376749300000000000e+09
6.289155295035432573e+03 1.715882850000000000e+09
6.268724367387072562e+03 1.309532916000000000e+09
6.285608090464851557e+03 1.073896540000000000e+08
6.311763991461622027e+03 3.128386516000000000e+09
6.271457966854632105e+03 8.457468530000000000e+08
6.289627385565406257e+03 4.187724835000000000e+09
6.288866580950990283e+03 1.913882606000000000e+09
6.281725315587536898e+03 9.307101200000000000e+08
6.304816389428185175e+03 3.147213444000000000e+09
6.305602413532156788e+03 2.544715447000000000e+09
6.290865908687055708e+03 1.557224221000000000e+09
6.285970256157443146e+03 1.453349909000000000e+09
6.276588395511196723e+03 3.846012968000000000e+09
6.285675134249753683e+03 3.884870141000000000e+09
6.291917175146499176e+03 3.162140352000000000e+09
6.298191239211913853e+03 1.900088608000000000e+09
6.291333490486666051e+03 2.097227244000000000e+09
6.287325721400178736e+03 3.645493226000000000e+09
6.279679970534487438e+03 2.042568727000000000e+09
6.272740171461019600e+03 3.256650609000000000e+09
6.301799649417222099e+03 2.585642290000000000e+08
6.273284072517513778e+03 1.632199355000000000e+09
6.271513331476692656e+03 3.101023890000000000e+09
6.276753817919610810e+03 1.705053150000000000e+08
6.289428938477278280e+03 5.863976040000000000e+08
6.290376839463759097e+03 9.267184540000000000e+08
6.283831770617888651e+03 9.572614350000000000e+08
6.274179344168498574e+03 3.207718493000000000e+09
6.271567489376124286e+03 7.021221990000000000e+08
6.292918896207049329e+03 3.595336038000000000e+09
6.281083293000698177e+03 4.235690210000000000e+09
6.276850520401651011e+03 1.267092748000000000e+09
6.292447286733405235e+03 2.934482963000000000e+09
6.292074992138795096e+03 5.493198100000000000e+07
6.298999956090741762e+03 2.633648469000000000e+09
6.285128945055844270e+03 3.378762970000000000e+08
6.273256525902535941e+03 3.915925849000000000e+09
6.270586412869228297e+03 3.547005343000000000e+09
6.276518655754473002e+03 3.982191328000000000e+09
6.275606931739445827e+03 4.116190097000000000e+09
6.289656205444286570e+03 4.216256131000000000e+09
6.297549501971863720e+03 4.272697294000000000e+09
6.270124978577814545e+03 2.007872624000000000e+09
6.277336330915060898e+03 3.537946112000000000e+09
6.284781556871140310e+03 1.075623269000000000e+09
6.278516502397425938e+03 2.812778895000000000e+09
6.304984220922011446e+03 3.873974178000000000e+09
6.281026455820003321e+03 3.842078761000000000e+09
6.286567416195498481e+03 3.986477709000000000e+09
6.280603769753784036e+03 3.029456920000000000e+08
6.281756922371212568e+03 2.798218490000000000e+08
6.267728188524293728e+03 1.807566247000000000e+09
6.285366876146340473e+03 6.868186660000000000e+08
6.286361161332055417e+03 3.603716803000000000e+09
6.273527716413113012e+03 1.318857531000000000e+09
6.296353942487422501e+03 3.097128576000000000e+09
6.304302154536875605e+03 2.769717744000000000e+09
6.293038860324801135e+03 1.273054274000000000e+09
6.280742797493428043e+03 3.350243557000000000e+09
6.285978856620780789e+03 2.136394386000000000e+09
6.294646212362729784e+03 2.189683345000000000e+09
6.296290505007000320e+03 3.533745950000000000e+09
6.289023002589173302e+03 2.471807816000000000e+09
6.299400178275174767e+03 1.626234950000000000e+08
6.258225658239062795e+03 2.141033025000000000e+09
6.274929461163282213e+03 1.896313273000000000e+09
6.294581676478090230e+03 1.533606615000000000e+09
6.302403443354623050e+03 3.951663792000000000e+09
6.289623138758579444e+03 6.444953250000000000e+08
6.266893749040313196e+03 2.365575743000000000e+09
6.268564575060262541e+03 3.930886114000000000e+09
6.280695506434008166e+03 2.907498875000000000e+09
6.271234781805724197e+03 3.814741765000000000e+09
6.228527229080562392e+03 1.619276775000000000e+09
6.289018942979138956e+03 9.614025970000000000e+08
6.286851195798366462e+03 5.282308920000000000e+08
6.275513373163188589e+03 1.693221112000000000e+09
6.290670070798929373e+03 2.856220208000000000e+09
6.276703387021551862e+03 3.499169328000000000e+09
6.289435662025293823e+03 3.474831085000000000e+09
6.281466361709838566e+03 4.102335732000000000e+09
6.304417944805176376e+03 3.915645219000000000e+09
6.263186139820793869e+03 4.260456953000000000e+09
6.292926962939453006e+03 3.971677310000000000e+09
6.291284524360376054e+03 1.419769628000000000e+09
6.277700145293443711e+03 2.034789547000000000e+09
6.277839011625754210e+03 4.578265950000000000e+08
6.298630664645279467e+03 3.771584207000000000e+09
6.285635836547665349e+03 2.619977632000000000e+09
6.291077011786283038e+03 2.073248635000000000e+09
6.288203196283779107e+03 3.720396655000000000e+09
6.261702331246385256e+03 1.834632383000000000e+09
6.288951083278846454e+03 2.932447489000000000e+09
6.290806613038781506e+03 4.031322262000000000e+09
6.272555103994967794e+03 5.696849200000000000e+07
6.293592963375297586e+03 2.591674609000000000e+09
6.279234412637501009e+03 3.847550870000000000e+08
6.287277069958608990e+03 2.824812883000000000e+09
6.280460458627806474e+03 3.889839077000000000e+09
6.267718930711078428e+03 2.552573903000000000e+09
6.270624055073210911e+03 4.957559050000000000e+08
6.285558161753808236e+03 2.308925462000000000e+09
6.276122061659852079e+03 1.323242797000000000e+09
6.296989471945121295e+03 1.108604129000000000e+09
6.273665716944152337e+03 6.808346330000000000e+08
6.281325213377247564e+03 2.962178088000000000e+09
6.283526314588440073e+03 2.852655609000000000e+09
6.288587309152703710e+03 1.195762500000000000e+09
6.283152749853030400e+03 2.829271213000000000e+09
6.285695562499980952e+03 3.079478261000000000e+09
6.307887603689839125e+03 1.948642602000000000e+09
6.278251485823328949e+03 1.543061784000000000e+09
6.303034171552384578e+03 5.058771220000000000e+08
6.297477140634853640e+03 6.790323780000000000e+08
6.289434880834858632e+03 3.222796282000000000e+09
6.280047343313450256e+03 1.921927160000000000e+08
6.299015509761183239e+03 1.259072809000000000e+09
