# Lens_likelihood 	 seed
6.612623966434210161e+03 3.505253765000000000e+09
6.587702303858186497e+03 3.838698518000000000e+09
6.598446427226182095e+03 1.310083993000000000e+09
6.622531823994248043e+03 1.452701648000000000e+09
6.654035860432906702e+03 2.527596629000000000e+09
6.575660398412607719e+03 3.999884980000000000e+08
6.600068687503639921e+03 1.276626789000000000e+09
6.543773314238944295e+03 1.706092407000000000e+09
6.574097886668104366e+03 3.372118891000000000e+09
6.630092838986480274e+03 1.389018918000000000e+09
6.625554411156129390e+03 9.762753910000000000e+08
6.598577712119434182e+03 4.077596958000000000e+09
6.590940152110486451e+03 6.244094220000000000e+08
6.615950803867372997e+03 6.583953890000000000e+08
6.639950188603053903e+03 1.696521501000000000e+09
6.610602771950660099e+03 1.226504503000000000e+09
6.651872554019188101e+03 1.221941752000000000e+09
6.613930040235015440e+03 8.522635410000000000e+08
6.615692616157297380e+03 1.708081400000000000e+07
6.585448622755833640e+03 2.285526961000000000e+09
6.621368248032476913e+03 3.983272140000000000e+09
6.606790026752369158e+03 3.370493789000000000e+09
6.604546306497534715e+03 3.419173212000000000e+09
6.588189498268122406e+03 5.053042200000000000e+08
6.626603925654695558e+03 1.594162900000000000e+08
6.621958227148904371e+03 2.748188633000000000e+09
6.599025959751794289e+03 6.099346470000000000e+08
6.596500850376717608e+03 3.029091600000000000e+07
6.553161558978535140e+03 1.765509900000000000e+07
6.567278236517980986e+03 1.493447302000000000e+09
6.625921897669632926e+03 1.960369166000000000e+09
6.564852301569468182e+03 4.245064420000000000e+09
6.549418620374353850e+03 3.314680748000000000e+09
6.570223972360752668e+03 1.462236723000000000e+09
6.619160988967824778e+03 2.423781169000000000e+09
6.635779809801264491e+03 2.098965394000000000e+09
6.634216719768020994e+03 3.070252254000000000e+09
6.597227502163890676e+03 3.976994925000000000e+09
6.638837600370641667e+03 2.960727660000000000e+08
6.582496303706824619e+03 8.325797710000000000e+08
6.615078262710881972e+03 4.366554740000000000e+08
6.635954295371205262e+03 1.104495501000000000e+09
6.576002329739523702e+03 1.255074171000000000e+09
6.630949659470165898e+03 4.287430404000000000e+09
6.597518668299155252e+03 3.056710174000000000e+09
6.578531623785482225e+03 3.600439250000000000e+09
6.604978848990158440e+03 7.389067190000000000e+08
6.558303621526117240e+03 2.222676305000000000e+09
6.575485138381447541e+03 7.491645100000000000e+07
6.630114613373706561e+03 6.371061900000000000e+07
6.607134267510211430e+03 1.849913199000000000e+09
6.602009356310134535e+03 4.078119014000000000e+09
6.627998571532990354e+03 1.499769178000000000e+09
6.595778335279781459e+03 2.955773343000000000e+09
6.569035282347364046e+03 2.290766669000000000e+09
6.588546421950636613e+03 4.176778060000000000e+09
6.598881110128369073e+03 2.226505054000000000e+09
6.612209449764722194e+03 7.478902620000000000e+08
6.605249055700387544e+03 3.868202051000000000e+09
6.621993148909415140e+03 3.094340549000000000e+09
6.569480234077139357e+03 3.644430200000000000e+09
6.601293508836295587e+03 2.460783420000000000e+08
6.604449637030216763e+03 2.905760900000000000e+09
6.588907870927918339e+03 2.749084815000000000e+09
6.624357343807550023e+03 1.585101565000000000e+09
6.641668357382729482e+03 4.000021215000000000e+09
6.576005813917178784e+03 1.455702898000000000e+09
6.616710776949538740e+03 3.035997446000000000e+09
6.636536751911959072e+03 2.448129277000000000e+09
6.598878699340836647e+03 4.134873044000000000e+09
6.666603601143126980e+03 2.350685888000000000e+09
6.595399983538149172e+03 2.237102761000000000e+09
6.615292900231941530e+03 3.885985013000000000e+09
6.611449514874415399e+03 1.680213633000000000e+09
6.626358824934292898e+03 2.780160236000000000e+09
6.629350819488319758e+03 3.408991071000000000e+09
6.605772223757628126e+03 5.118797660000000000e+08
6.607226873655614327e+03 3.962587233000000000e+09
6.646949174313221192e+03 1.277711058000000000e+09
6.634538584661291679e+03 2.932605653000000000e+09
6.643956120830483997e+03 3.925199689000000000e+09
6.595000921055210711e+03 1.637711321000000000e+09
6.644929464764760269e+03 1.407251600000000000e+07
6.627981954747267082e+03 3.234827000000000000e+09
6.566357598556151061e+03 2.839666838000000000e+09
6.663054383740188314e+03 2.452067672000000000e+09
6.644797772073447049e+03 2.187906288000000000e+09
6.620240654910794547e+03 8.688214200000000000e+07
6.606893314206479772e+03 2.417537360000000000e+09
6.593930162528173241e+03 3.168987553000000000e+09
6.636987662955010819e+03 1.505134080000000000e+09
6.598604917736594871e+03 1.285861857000000000e+09
6.596906448810806069e+03 3.185475910000000000e+08
6.590956255634184345e+03 1.124536369000000000e+09
6.623664827169543969e+03 3.194370343000000000e+09
6.564651845043321373e+03 4.133867301000000000e+09
6.627957664711807411e+03 2.751867539000000000e+09
6.592676425386800474e+03 3.407989874000000000e+09
6.637672571393429280e+03 3.250465464000000000e+09
6.616599538632063741e+03 3.489282904000000000e+09
6.619972199797017311e+03 3.167207439000000000e+09
6.607860543563174360e+03 2.569811437000000000e+09
6.597541466281386420e+03 2.942950677000000000e+09
6.568394663321057124e+03 3.057273580000000000e+08
6.583751120707720474e+03 1.228255086000000000e+09
6.628869805979521516e+03 3.268081496000000000e+09
6.621116428369106870e+03 3.830642976000000000e+09
6.590237506053076686e+03 1.906215459000000000e+09
6.625976028601179678e+03 3.556823087000000000e+09
6.628087263970393906e+03 4.297054090000000000e+08
6.616017362008401506e+03 1.368547610000000000e+08
6.581485836826285777e+03 1.611605081000000000e+09
6.595435257367158556e+03 4.708046180000000000e+08
6.605635180629258684e+03 2.374368454000000000e+09
6.544365293252478295e+03 2.132376539000000000e+09
6.617882275405400833e+03 3.983194438000000000e+09
6.604375476102307402e+03 5.344222200000000000e+08
6.611358897555286603e+03 2.864605534000000000e+09
6.532912727495057879e+03 2.786438899000000000e+09
6.620902604536737272e+03 3.182044462000000000e+09
6.617582451592975303e+03 3.660594150000000000e+08
6.593740109245962230e+03 4.252877430000000000e+09
6.603127745790463450e+03 2.132985470000000000e+09
6.628442650612043508e+03 4.140209700000000000e+07
6.631303304499908336e+03 2.505160553000000000e+09
6.623123431068763239e+03 3.895445664000000000e+09
6.619316401642189703e+03 1.350200380000000000e+08
6.613247177700016437e+03 2.922129080000000000e+08
6.594891155133853317e+03 3.205092682000000000e+09
6.581543986518656311e+03 3.207147929000000000e+09
6.628877501651396415e+03 1.506409099000000000e+09
6.620744971027015708e+03 1.468211435000000000e+09
6.632545131349479561e+03 1.189989582000000000e+09
6.592637042247919453e+03 3.443959505000000000e+09
6.601535020040729250e+03 1.167228736000000000e+09
6.562927367369724379e+03 8.441237510000000000e+08
6.588523987607237359e+03 3.840887538000000000e+09
6.598172579011148628e+03 6.296475090000000000e+08
6.635702406825588696e+03 3.545063501000000000e+09
6.667509598941379409e+03 1.632493545000000000e+09
6.590628429863494603e+03 4.050277639000000000e+09
6.620390937146838951e+03 5.986127440000000000e+08
6.561253709897354383e+03 1.458518688000000000e+09
6.570645046960154104e+03 2.772253150000000000e+08
6.594061654286366320e+03 2.586829819000000000e+09
6.603913217845600229e+03 1.253791744000000000e+09
6.606365675379551249e+03 3.371920269000000000e+09
6.599944731642603983e+03 3.436144370000000000e+08
6.634156802359420908e+03 8.122033370000000000e+08
6.590022427338946727e+03 2.806279174000000000e+09
6.566560443903832493e+03 4.025608830000000000e+09
6.599548625777751113e+03 4.198999345000000000e+09
6.637707954703221731e+03 1.986418027000000000e+09
6.605395109855950977e+03 3.368382854000000000e+09
6.597984263373482463e+03 1.061019248000000000e+09
6.598854090864916543e+03 1.956471656000000000e+09
6.622997860764427060e+03 1.414418792000000000e+09
6.614167064948772349e+03 2.110469648000000000e+09
6.602577943328983565e+03 3.083527083000000000e+09
6.601847470667324160e+03 2.371203721000000000e+09
6.633217424852973636e+03 9.137648020000000000e+08
6.618326942411204072e+03 2.686781780000000000e+09
6.642365303273435529e+03 3.042424990000000000e+09
6.646296357018892195e+03 2.873951106000000000e+09
6.547723593590441851e+03 2.748630864000000000e+09
6.592475266260014905e+03 2.485872936000000000e+09
6.601487660279285592e+03 7.167547920000000000e+08
6.584655541514443939e+03 5.865212070000000000e+08
6.604459889307019694e+03 5.993087830000000000e+08
6.574834840640896800e+03 4.226294332000000000e+09
6.591758250575324382e+03 9.971310200000000000e+08
6.630959701872679034e+03 3.176128717000000000e+09
6.569338101287865356e+03 1.157936169000000000e+09
6.571084138195223204e+03 1.616462744000000000e+09
6.583796789716991043e+03 9.782418420000000000e+08
6.601780390107231142e+03 2.168720449000000000e+09
6.578841526808815615e+03 3.479140559000000000e+09
6.611526636907945431e+03 3.331831741000000000e+09
6.618244906854551118e+03 2.356450010000000000e+08
6.575181033187443973e+03 1.832109248000000000e+09
6.592741314682882148e+03 3.339559780000000000e+09
6.605139623952320107e+03 7.611168340000000000e+08
6.574025146603869871e+03 3.348397818000000000e+09
6.588821843940451799e+03 2.729191920000000000e+09
6.634058457053403799e+03 1.143290377000000000e+09
6.605826524417481778e+03 4.344763500000000000e+07
6.599297227614011717e+03 2.310559912000000000e+09
6.582003667735456474e+03 2.417438993000000000e+09
6.641877464683920152e+03 3.733475900000000000e+08
6.579883405059807956e+03 2.499909690000000000e+08
6.582440252325661277e+03 2.816446334000000000e+09
6.644118561709892674e+03 3.255702736000000000e+09
6.647015717698417575e+03 1.577899900000000000e+09
6.587151510571195104e+03 1.075098574000000000e+09
6.610336376676890723e+03 1.914968647000000000e+09
6.603817021485981968e+03 3.304460512000000000e+09
6.579624155057528696e+03 3.141656727000000000e+09
6.585239078976697783e+03 1.876689614000000000e+09
6.600323264500880214e+03 1.727767526000000000e+09
6.596068479523574752e+03 2.371578260000000000e+09
6.614045513592695897e+03 4.233823412000000000e+09
6.601558286728373787e+03 2.262210724000000000e+09
6.619599607099246896e+03 7.600317720000000000e+08
6.655574759180686669e+03 2.444270275000000000e+09
6.572527605352312094e+03 1.954200280000000000e+08
6.610904671774815142e+03 6.931068620000000000e+08
6.675191391121231391e+03 1.498194610000000000e+08
6.616241732024612247e+03 7.268545500000000000e+08
6.572056773369511575e+03 2.224137172000000000e+09
6.584042641144245863e+03 3.339665860000000000e+08
6.568940263574268101e+03 3.306720341000000000e+09
6.597190410339007940e+03 3.117146749000000000e+09
6.590469092750723576e+03 1.370869614000000000e+09
6.592853955451873844e+03 8.073681210000000000e+08
6.618636010713511496e+03 2.639313450000000000e+09
6.531493547423710879e+03 2.142282512000000000e+09
6.577476430537483793e+03 2.464613534000000000e+09
6.601753988174034021e+03 1.122591624000000000e+09
6.618679445649203444e+03 3.325150379000000000e+09
6.625711501210016650e+03 1.279202715000000000e+09
6.626097762240592601e+03 3.524128814000000000e+09
6.587884375469491715e+03 1.585636297000000000e+09
6.575235608137798408e+03 8.227565940000000000e+08
6.610043194432244491e+03 4.114091923000000000e+09
6.618185269074306234e+03 2.310959344000000000e+09
6.635166534929990121e+03 1.512377478000000000e+09
6.594750635338512438e+03 2.766787675000000000e+09
6.620368709434352240e+03 4.130430331000000000e+09
6.596480047431858111e+03 2.229240440000000000e+09
6.548106875173286426e+03 1.981938258000000000e+09
6.562867506022520502e+03 2.314693300000000000e+09
6.564014517786484248e+03 3.745398490000000000e+09
6.628286753452091943e+03 1.481577897000000000e+09
6.636742891432513716e+03 4.119522383000000000e+09
6.550470945701918026e+03 3.364589298000000000e+09
6.658587317403083034e+03 1.078435930000000000e+09
6.563244624679342451e+03 3.260738144000000000e+09
6.605274602136481917e+03 1.909752035000000000e+09
6.621908483639203041e+03 2.822711660000000000e+09
6.612665993864046868e+03 2.607276500000000000e+09
6.610384487946585068e+03 5.899967870000000000e+08
6.618862833150037659e+03 3.854755671000000000e+09
6.607281330985431850e+03 3.989213506000000000e+09
6.584965516518924233e+03 9.912659490000000000e+08
6.546387875424413323e+03 2.857451400000000000e+07
6.593819831719381909e+03 1.512734032000000000e+09
6.572739570185847697e+03 1.071652543000000000e+09
6.565675423915809915e+03 2.540051906000000000e+09
6.625457564099789124e+03 1.651704717000000000e+09
6.581140307477804527e+03 1.447031300000000000e+09
6.650725349100700441e+03 3.965838400000000000e+07
6.614836712864747824e+03 2.163908124000000000e+09
6.591410050178430538e+03 7.534920450000000000e+08
6.645660426792544058e+03 2.175093147000000000e+09
6.588888645347031343e+03 2.286651835000000000e+09
6.605563883091678690e+03 2.978493063000000000e+09
6.580424093034984253e+03 9.041387780000000000e+08
6.615915805083313899e+03 3.092438513000000000e+09
6.593556307630892661e+03 3.551647999000000000e+09
6.614185452218324826e+03 3.324045440000000000e+08
6.567496531480263002e+03 2.646404718000000000e+09
6.570616976183311635e+03 1.731836025000000000e+09
6.606631367099810632e+03 9.577287310000000000e+08
6.586260399745349787e+03 3.998878656000000000e+09
6.597468480792487753e+03 2.722155954000000000e+09
6.589756138237975392e+03 2.760006588000000000e+09
6.602220463245108476e+03 4.229980249000000000e+09
6.591779825694285137e+03 1.132756649000000000e+09
6.609128013154883774e+03 3.736600080000000000e+09
6.612785820563974085e+03 8.710201340000000000e+08
6.576071881035246406e+03 3.947891942000000000e+09
6.611739996217660519e+03 3.728820042000000000e+09
6.585304438632695565e+03 4.218763860000000000e+09
6.587859174026817527e+03 1.934917136000000000e+09
6.597818600369308115e+03 1.840974470000000000e+09
6.626182012775248950e+03 4.176423486000000000e+09
6.620890619180700924e+03 1.224747437000000000e+09
6.640625712643706720e+03 3.087640164000000000e+09
6.592523512381967521e+03 3.380525493000000000e+09
6.607631526870400194e+03 1.826342821000000000e+09
6.666719849064161281e+03 3.235769075000000000e+09
6.625003542632181052e+03 2.258042946000000000e+09
6.630169133730474641e+03 2.107673875000000000e+09
6.627030166474155521e+03 8.615675560000000000e+08
6.619445071728546282e+03 3.318504650000000000e+09
6.608972163380725760e+03 2.608480646000000000e+09
6.610659774573756295e+03 1.232029095000000000e+09
6.617744766583023193e+03 2.773513447000000000e+09
6.566134212427494276e+03 1.832238542000000000e+09
6.598059982011819557e+03 3.419995218000000000e+09
6.518776231315114273e+03 1.889839430000000000e+09
6.543274261605451102e+03 1.768969450000000000e+09
6.632208091854592567e+03 2.939328944000000000e+09
6.584710544848388963e+03 3.403101350000000000e+08
6.584847304317464477e+03 3.800292920000000000e+09
6.604629694975195889e+03 2.800868169000000000e+09
6.589485529301263341e+03 3.657733564000000000e+09
6.618247121506555231e+03 6.260757470000000000e+08
6.659142631775577684e+03 3.780815593000000000e+09
6.638054779218984550e+03 8.982279810000000000e+08
6.585263098192991492e+03 3.047777299000000000e+09
6.631530490283899780e+03 5.108232550000000000e+08
6.621098287629238257e+03 3.179148722000000000e+09
6.569901213015829853e+03 2.664696105000000000e+09
6.620240832518798925e+03 1.728133997000000000e+09
6.537700779603103001e+03 1.335466304000000000e+09
6.617350829056751536e+03 2.081147229000000000e+09
6.594693155257371473e+03 8.469247520000000000e+08
6.646140575236810946e+03 9.674100620000000000e+08
6.584049605627278652e+03 6.797422380000000000e+08
6.568442430745879392e+03 4.048325625000000000e+09
6.559765065356423293e+03 2.710399309000000000e+09
6.596970373666776140e+03 7.554384180000000000e+08
6.609355174953518144e+03 5.759735110000000000e+08
6.622275797772665101e+03 3.469976980000000000e+09
6.631486789823526124e+03 8.557760430000000000e+08
6.604897361171770171e+03 2.282695663000000000e+09
6.580836676051702852e+03 3.076642183000000000e+09
6.578953566925441010e+03 1.691197088000000000e+09
6.609741388276391262e+03 2.831880756000000000e+09
6.597168011910966925e+03 1.928711275000000000e+09
6.611870285106442680e+03 2.585772729000000000e+09
6.618425374622228446e+03 3.613159098000000000e+09
6.628749205749174507e+03 3.419439598000000000e+09
6.626339804516008371e+03 2.366123200000000000e+09
6.624378504648564558e+03 2.013779950000000000e+09
6.611997638787209326e+03 2.912076600000000000e+08
6.612446643320265139e+03 2.315840167000000000e+09
6.590664371890412440e+03 2.902545768000000000e+09
6.631059438694406708e+03 1.600935243000000000e+09
6.616061553890906907e+03 7.464323480000000000e+08
6.571642805646032684e+03 3.965393611000000000e+09
6.624873533379504806e+03 2.828579000000000000e+07
6.581907825742964633e+03 2.673863943000000000e+09
6.587186526043337835e+03 1.383733697000000000e+09
6.583380296994930177e+03 3.296036051000000000e+09
6.616067574858965600e+03 1.264915606000000000e+09
6.619011638608270005e+03 4.655446130000000000e+08
6.605108734972794991e+03 1.387773983000000000e+09
6.615095747027109610e+03 2.222468604000000000e+09
6.560966794142806975e+03 1.039545798000000000e+09
6.611352871740818046e+03 1.423522750000000000e+08
6.594978337682548045e+03 3.280381168000000000e+09
6.598708528617053162e+03 4.088310391000000000e+09
6.530733890641940889e+03 1.324095236000000000e+09
6.607398274301288438e+03 1.626941503000000000e+09
6.619844429750104609e+03 3.340813897000000000e+09
6.632253173532686560e+03 1.164731300000000000e+07
6.603992984766401605e+03 1.578048304000000000e+09
6.613461498594825571e+03 2.016952107000000000e+09
