# Lens_likelihood 	 seed
6.349320201022140282e+03 4.501806790000000000e+08
6.349805699282516798e+03 6.628798070000000000e+08
6.316251424846255759e+03 3.969897553000000000e+09
6.333032868914194296e+03 3.792016070000000000e+09
6.342472323549291104e+03 6.270079240000000000e+08
6.357987053294720681e+03 2.093775921000000000e+09
6.288182207882577131e+03 1.506906455000000000e+09
6.348817513844558562e+03 8.826686040000000000e+08
6.321827952565996384e+03 1.702730670000000000e+09
6.340337603261010372e+03 1.417789872000000000e+09
6.332754643356989618e+03 2.682289223000000000e+09
6.365593201818516718e+03 2.587328109000000000e+09
6.326836917153095783e+03 1.188781027000000000e+09
6.333216733285258670e+03 3.113756390000000000e+08
6.365279175259254771e+03 2.872581160000000000e+08
6.321011390940301681e+03 1.597982413000000000e+09
6.321813757823737433e+03 3.431183576000000000e+09
6.335387950727665157e+03 3.115225272000000000e+09
6.341617226774988012e+03 4.106500817000000000e+09
6.341360518530033005e+03 3.223177428000000000e+09
6.362103456402879601e+03 1.061309247000000000e+09
6.320701113571376482e+03 3.556497309000000000e+09
6.361764134416851448e+03 2.585708253000000000e+09
6.356050910947527882e+03 8.466886520000000000e+08
6.316119387578738497e+03 1.127037675000000000e+09
6.352450045084675367e+03 1.102975093000000000e+09
6.372483191549978073e+03 1.547390118000000000e+09
6.343995605010251893e+03 3.141450412000000000e+09
6.303128410994788283e+03 3.506536070000000000e+09
6.346494875273320758e+03 1.206701976000000000e+09
6.334621675920949201e+03 3.085295024000000000e+09
6.332060131486748105e+03 1.107200216000000000e+09
6.303071312621050311e+03 2.564302360000000000e+09
6.361023484482035201e+03 3.257519745000000000e+09
6.338224760819273797e+03 6.519293100000000000e+07
6.331789560490427903e+03 1.484085831000000000e+09
6.287268963370289384e+03 2.258361830000000000e+09
6.364835897177654260e+03 2.458412080000000000e+09
6.316348573588634281e+03 1.142459420000000000e+08
6.344826516636953784e+03 1.705540863000000000e+09
6.319916374500193342e+03 1.545038857000000000e+09
6.348633374215510230e+03 1.632844412000000000e+09
6.341542824788110011e+03 1.705588172000000000e+09
6.320390113186495910e+03 1.888858741000000000e+09
6.325183963579647752e+03 1.588556460000000000e+08
6.320759207701088599e+03 9.069740270000000000e+08
6.324081929144438618e+03 1.995510140000000000e+08
6.342741816346434462e+03 3.050922257000000000e+09
6.320679307921000145e+03 1.189178204000000000e+09
6.343718795995088840e+03 2.734570636000000000e+09
6.327030176962995029e+03 4.175854739000000000e+09
6.335687104382127472e+03 1.945939942000000000e+09
6.284550474475575356e+03 2.601484007000000000e+09
6.352832797677115195e+03 3.580135025000000000e+09
6.383619677427019269e+03 3.695519607000000000e+09
6.322839527877546061e+03 2.974792623000000000e+09
6.316173453617497216e+03 1.445327399000000000e+09
6.356159775884507326e+03 2.833526359000000000e+09
6.320118084158355487e+03 4.160227884000000000e+09
6.330916020799091712e+03 1.575664900000000000e+07
6.347431976232195666e+03 3.815153394000000000e+09
6.357136214429701795e+03 2.841639115000000000e+09
6.341645430923214917e+03 4.079128087000000000e+09
6.326447943478520756e+03 2.702004281000000000e+09
6.325212652781456200e+03 3.901716895000000000e+09
6.326030800218486547e+03 1.352142490000000000e+09
6.348325759015464428e+03 3.682174684000000000e+09
6.349767229358682016e+03 3.889654361000000000e+09
6.350840698755500853e+03 6.626272000000000000e+07
6.303977553870444353e+03 6.439365160000000000e+08
6.311440870622190232e+03 6.766084900000000000e+07
6.307554876465519555e+03 2.373914595000000000e+09
6.353042264518671800e+03 3.603286253000000000e+09
6.344376625047990274e+03 7.810442690000000000e+08
6.327213129716287767e+03 3.266189892000000000e+09
6.316492628813938609e+03 3.513759020000000000e+09
6.355376264153808734e+03 3.359671272000000000e+09
6.353661181691183629e+03 2.624190899000000000e+09
6.307774898446165025e+03 1.825395799000000000e+09
6.332952842401754424e+03 1.371608550000000000e+08
6.323195015280689404e+03 1.876092400000000000e+08
6.340334052452952164e+03 3.727923417000000000e+09
6.349970073786539615e+03 2.027947462000000000e+09
6.352350682059382052e+03 3.109149710000000000e+08
6.373971749221081154e+03 8.688815050000000000e+08
6.368105548455811004e+03 1.967002289000000000e+09
6.360454106535584287e+03 3.084204799000000000e+09
6.348638337861195396e+03 5.659712000000000000e+08
6.335019124676982756e+03 4.087889539000000000e+09
6.339310091707086940e+03 1.931159113000000000e+09
6.308357326438016571e+03 1.334505247000000000e+09
6.329335324650990515e+03 2.941036226000000000e+09
6.338911247249036023e+03 5.537100300000000000e+08
6.321750544128432011e+03 4.128174343000000000e+09
6.350013346976886169e+03 7.073587770000000000e+08
6.357837440596813394e+03 3.296668790000000000e+09
6.354196734107446900e+03 8.283771760000000000e+08
6.332903979536083170e+03 7.796801100000000000e+08
6.325680175323489493e+03 2.226600584000000000e+09
6.339624636780121364e+03 3.182903896000000000e+09
6.358455250778049958e+03 3.612885125000000000e+09
6.354852041158437714e+03 2.047713098000000000e+09
6.345455113164972317e+03 4.289635648000000000e+09
6.324277927120248933e+03 1.085616077000000000e+09
6.358625428975034993e+03 2.777518304000000000e+09
6.321220022231195799e+03 1.714837811000000000e+09
6.331540073715113067e+03 7.836665200000000000e+07
6.355556262151652845e+03 6.103219900000000000e+07
6.297449498759078779e+03 6.525829150000000000e+08
6.357205873644084932e+03 2.404933640000000000e+09
6.324222807245309014e+03 1.094368871000000000e+09
6.370152969298258540e+03 2.621272200000000000e+09
6.337162360095986514e+03 1.517467044000000000e+09
6.337894864649269948e+03 2.021278440000000000e+08
6.326390308760005610e+03 2.616347633000000000e+09
6.349749888368580287e+03 1.483456120000000000e+09
6.339528870312504296e+03 4.069689791000000000e+09
6.365611168310957510e+03 4.111395292000000000e+09
6.284803670131863328e+03 3.919147198000000000e+09
6.343986067304642347e+03 4.146267248000000000e+09
6.399071152781294586e+03 2.124677725000000000e+09
6.318075170393100052e+03 2.741085900000000000e+09
6.317436661681500482e+03 5.080557010000000000e+08
6.337851822653701674e+03 1.533430698000000000e+09
6.359713462316502046e+03 4.140332484000000000e+09
6.311706876782905056e+03 1.016667792000000000e+09
6.345802374205175511e+03 3.223308240000000000e+09
6.362905011189410288e+03 3.447288661000000000e+09
6.339340618237783019e+03 3.271647756000000000e+09
6.371342531698236598e+03 1.869588977000000000e+09
6.333640463524151528e+03 3.169563179000000000e+09
6.354788716674183888e+03 2.058019631000000000e+09
6.345436009434737571e+03 2.116075617000000000e+09
6.357572810148552890e+03 1.151964272000000000e+09
6.328240660872806984e+03 3.425558791000000000e+09
6.330833292488316147e+03 4.009766737000000000e+09
6.346055537825568535e+03 3.931078641000000000e+09
6.371011537042076270e+03 4.290583025000000000e+09
6.294551397104381067e+03 2.960595630000000000e+08
6.375850237458472293e+03 1.215284347000000000e+09
6.350264404736100005e+03 2.594551037000000000e+09
6.358549267628681264e+03 2.989300139000000000e+09
6.315266255793901109e+03 4.238358984000000000e+09
6.349454786457655246e+03 1.394627684000000000e+09
6.333947490914490118e+03 1.652893185000000000e+09
6.290254080550741492e+03 3.329645638000000000e+09
6.360276115703067262e+03 3.780784800000000000e+08
6.336678275040597327e+03 3.266315239000000000e+09
6.314741264932309605e+03 9.959041760000000000e+08
6.304809512961697692e+03 5.665200140000000000e+08
6.329892571597194546e+03 2.257973463000000000e+09
6.341945713481508392e+03 2.919588630000000000e+08
6.345176250253203762e+03 2.811631102000000000e+09
6.311636783368100623e+03 3.197969030000000000e+08
6.361901808041030563e+03 2.790581836000000000e+09
6.319319314343327278e+03 2.702344377000000000e+09
6.319105891662519753e+03 3.770831197000000000e+09
6.329603564026286222e+03 3.505499835000000000e+09
6.336296157315944583e+03 9.915829140000000000e+08
6.345094037369977741e+03 1.063030071000000000e+09
6.332897265121564487e+03 8.445091640000000000e+08
6.330060161087683809e+03 1.761279926000000000e+09
6.356144781922886978e+03 2.457140215000000000e+09
6.364915111462743880e+03 3.020819424000000000e+09
6.311965111670755505e+03 2.829259286000000000e+09
6.315414868022512564e+03 1.167859662000000000e+09
6.324093306173279416e+03 3.705603980000000000e+09
6.387755233718078671e+03 3.528142548000000000e+09
6.325230545714483924e+03 3.555025606000000000e+09
6.341108775326132672e+03 4.049193652000000000e+09
6.321537928099780402e+03 1.681651847000000000e+09
6.346402377202736716e+03 1.216741610000000000e+09
6.361641076263849754e+03 5.952102550000000000e+08
6.345644891749556336e+03 9.623333400000000000e+08
6.308201893880165699e+03 2.724076782000000000e+09
6.318939870966012677e+03 3.985026496000000000e+09
6.326857673702069405e+03 7.988948570000000000e+08
6.350972207450950918e+03 2.563909820000000000e+09
6.325609302462908090e+03 3.963212867000000000e+09
6.361193378358260816e+03 1.515458613000000000e+09
6.349433243163674888e+03 2.620568838000000000e+09
6.342296767305744652e+03 3.487273880000000000e+09
6.324760128673243344e+03 4.577498370000000000e+08
6.351224932159650052e+03 2.537347591000000000e+09
6.359158362204047990e+03 4.197226356000000000e+09
6.347336153931242734e+03 3.453751315000000000e+09
6.330510036078248049e+03 1.731914067000000000e+09
6.322010577522538370e+03 3.791608929000000000e+09
6.340254393384098876e+03 1.128970516000000000e+09
6.322641995987847622e+03 1.655081340000000000e+08
6.315175966649338079e+03 3.818409121000000000e+09
6.337726486288220258e+03 3.695784551000000000e+09
6.358937523589846933e+03 9.938983000000000000e+08
6.334591480337811845e+03 5.815622190000000000e+08
6.349209697107250577e+03 4.292185600000000000e+07
6.309860780102695571e+03 6.941249910000000000e+08
6.332982849944813097e+03 1.130021687000000000e+09
6.343928490183479880e+03 1.618856204000000000e+09
6.327622382349309191e+03 2.610031095000000000e+09
6.326985727674420559e+03 3.204888404000000000e+09
6.329527774791515185e+03 3.059332446000000000e+09
6.340811428727291968e+03 7.400776410000000000e+08
6.321183964954707335e+03 4.020254523000000000e+09
6.319619549440498304e+03 3.522545593000000000e+09
6.360582253392640268e+03 7.764305520000000000e+08
6.320758864278018336e+03 2.871789261000000000e+09
6.351314981768573489e+03 2.328749855000000000e+09
6.309581992022952363e+03 3.995239987000000000e+09
6.346334448881652861e+03 1.100711698000000000e+09
6.338517391427644725e+03 6.570485650000000000e+08
6.337860782329522408e+03 3.392461986000000000e+09
6.357195976853592583e+03 2.983034293000000000e+09
6.312020993757933866e+03 3.157305733000000000e+09
6.379203593903399451e+03 2.149680802000000000e+09
6.306035262981977212e+03 3.756465226000000000e+09
6.350139123989401924e+03 3.711122246000000000e+09
6.362295152321657042e+03 3.178520063000000000e+09
6.339939969748290423e+03 3.645135955000000000e+09
6.354571471004786872e+03 4.129079043000000000e+09
6.356802891705244292e+03 3.659219540000000000e+09
6.356939376283946331e+03 4.243371150000000000e+08
6.359422910024853081e+03 2.239388939000000000e+09
6.327830274887210180e+03 3.692274224000000000e+09
6.341456921158017394e+03 4.236208750000000000e+09
6.332372129050405420e+03 4.102528166000000000e+09
6.329617442694223428e+03 2.909308335000000000e+09
6.338911213913901520e+03 2.905595780000000000e+08
6.360169485027860901e+03 2.978163720000000000e+09
6.321259815553883527e+03 1.557988268000000000e+09
6.321013472592636390e+03 1.107197378000000000e+09
6.359148865630194450e+03 2.056154989000000000e+09
6.316302266512079768e+03 3.235247760000000000e+08
6.366129003679143352e+03 3.550473357000000000e+09
6.335913574552203499e+03 3.781393084000000000e+09
6.334339454059030686e+03 3.754816491000000000e+09
6.352240115607853113e+03 2.367390289000000000e+09
6.338398982607997823e+03 2.631985016000000000e+09
6.334616683965361517e+03 2.607036031000000000e+09
6.358163194759760700e+03 3.464928198000000000e+09
6.327737135933931313e+03 4.915306860000000000e+08
6.288676470083557433e+03 2.139985173000000000e+09
6.360336485297752006e+03 2.347039491000000000e+09
6.353494277447342029e+03 1.429692764000000000e+09
6.363668951765981546e+03 4.092845052000000000e+09
6.356512523877741842e+03 2.123993272000000000e+09
6.303157785676590720e+03 3.162602929000000000e+09
6.338533006830687555e+03 1.006994201000000000e+09
6.330296189956550734e+03 3.203246976000000000e+09
6.315526085269307259e+03 1.599603019000000000e+09
6.312592276320225210e+03 1.783347503000000000e+09
6.354218750513426130e+03 2.982241327000000000e+09
6.345544643511791946e+03 1.808743002000000000e+09
6.317894509820040184e+03 4.041321220000000000e+09
6.343285498463315889e+03 3.050052592000000000e+09
6.382644131426792228e+03 3.847250527000000000e+09
6.366282753780382336e+03 1.558914078000000000e+09
6.365108652063248883e+03 3.217189713000000000e+09
6.348075386099766547e+03 8.399667160000000000e+08
6.354062726298980124e+03 1.058245995000000000e+09
6.330643034767932477e+03 4.166428501000000000e+09
6.354841103418161765e+03 2.781882630000000000e+08
6.309937773055469734e+03 1.354809791000000000e+09
6.331590512988668706e+03 1.149606850000000000e+09
6.333321904132421878e+03 1.046266375000000000e+09
6.360383563763005441e+03 2.396206510000000000e+08
6.327348916344054487e+03 9.573688280000000000e+08
6.382035875142162695e+03 3.269544308000000000e+09
6.301087329941001371e+03 1.633792885000000000e+09
6.319036970759836549e+03 1.426646058000000000e+09
6.308245285680259258e+03 3.676652624000000000e+09
6.343751785465454304e+03 3.981728474000000000e+09
6.344473988441633082e+03 1.617235724000000000e+09
6.338185971238102866e+03 2.195232454000000000e+09
6.275531070614882992e+03 3.454560443000000000e+09
6.322229083116677430e+03 1.986544248000000000e+09
6.351955015562125482e+03 3.841587943000000000e+09
6.359576364986281988e+03 3.722037061000000000e+09
6.341872753066982114e+03 2.315380730000000000e+09
6.381695772574356852e+03 1.435424275000000000e+09
6.334929098481587971e+03 3.843784939000000000e+09
6.294996374313699562e+03 1.679448380000000000e+08
6.354574279347044467e+03 1.845730955000000000e+09
6.370880568083231083e+03 2.566647255000000000e+09
6.323217786092232927e+03 5.068812790000000000e+08
6.400078236468400974e+03 2.673879729000000000e+09
6.344319192307383673e+03 3.803312897000000000e+09
6.341768357800555350e+03 9.465487320000000000e+08
6.341226306339978692e+03 9.780254900000000000e+08
6.307648848231749980e+03 3.671813201000000000e+09
6.318729974167112232e+03 2.131519632000000000e+09
6.338257708624232691e+03 2.519437100000000000e+09
6.352774880984838092e+03 1.298971478000000000e+09
6.341297626665399548e+03 3.573082818000000000e+09
6.325949978630842452e+03 3.093042860000000000e+09
6.345247839201963870e+03 2.722116628000000000e+09
6.347246857308832659e+03 7.598999730000000000e+08
6.340154429048709062e+03 4.068429579000000000e+09
6.309165546742362494e+03 3.420422424000000000e+09
6.296321374073079824e+03 3.395510090000000000e+09
6.346197698509518887e+03 1.223752429000000000e+09
6.322082290968999587e+03 1.169994700000000000e+08
6.342346036576287588e+03 3.253842463000000000e+09
6.313016794503693745e+03 2.215157425000000000e+09
6.314866595135275020e+03 9.927263650000000000e+08
6.359189419439237099e+03 1.791247320000000000e+09
6.345685500372650495e+03 4.962568680000000000e+08
6.313448233526276454e+03 3.183161411000000000e+09
6.293084208976790251e+03 7.793370210000000000e+08
6.316135844352429558e+03 2.265047505000000000e+09
6.308936238558731930e+03 3.122556277000000000e+09
6.342988973232521857e+03 3.621723975000000000e+09
6.336649180598472412e+03 4.132862580000000000e+08
6.340682846506810165e+03 2.225629102000000000e+09
6.351137568811335768e+03 8.345658810000000000e+08
6.361307901366188162e+03 2.301262003000000000e+09
6.328999226923220704e+03 2.915637437000000000e+09
6.344779061162371363e+03 1.448922381000000000e+09
6.344152072721315562e+03 3.026243965000000000e+09
6.320978879741322999e+03 1.826537617000000000e+09
6.322155427303311626e+03 1.064256570000000000e+09
6.330674820655440271e+03 3.910003369000000000e+09
6.340456526637866773e+03 4.949786290000000000e+08
6.337747551698849747e+03 1.349312079000000000e+09
6.352227133692881580e+03 1.909080380000000000e+08
6.343375560800333005e+03 4.105208777000000000e+09
6.353156059409710906e+03 1.943729126000000000e+09
6.343164640016972044e+03 6.910479300000000000e+08
6.314080933662217831e+03 4.890186280000000000e+08
6.321737665536296845e+03 4.037528246000000000e+09
6.338000738826757697e+03 3.245057680000000000e+08
6.345107772029409716e+03 1.250077074000000000e+09
6.313516306983255163e+03 5.137973050000000000e+08
6.311978541451105229e+03 1.605703581000000000e+09
6.325544755931965483e+03 3.061881154000000000e+09
6.350074427756393561e+03 2.102720306000000000e+09
6.323334801695358692e+03 1.962384094000000000e+09
6.366343898402908962e+03 1.966493184000000000e+09
6.320288958909670328e+03 2.165743195000000000e+09
6.296180355391455123e+03 9.792916420000000000e+08
6.311190473129909151e+03 7.449632060000000000e+08
6.327009806519485210e+03 5.376051470000000000e+08
6.328623497941910500e+03 1.697201214000000000e+09
6.371084161147795385e+03 2.707418743000000000e+09
6.342051440748899040e+03 9.923370700000000000e+08
6.310915067475862088e+03 2.880069200000000000e+08
6.354690621886421468e+03 1.278962868000000000e+09
6.317351448167377384e+03 2.214100823000000000e+09
6.345980362871865509e+03 2.687788291000000000e+09
6.323876954642456440e+03 3.668129254000000000e+09
6.313214358224084208e+03 1.445740056000000000e+09
