# Lens_likelihood 	 seed
5.457493925254959322e+03 2.619688674000000000e+09
5.499600859640735507e+03 1.853087668000000000e+09
5.449727436181645317e+03 2.926895637000000000e+09
5.475583298109282623e+03 1.944277087000000000e+09
5.449217827232556374e+03 1.489455510000000000e+08
5.462596286596765822e+03 6.345796460000000000e+08
5.487559376804017120e+03 1.820607441000000000e+09
5.512638918746384661e+03 3.316951163000000000e+09
5.474971928771476087e+03 3.391552386000000000e+09
5.454144694084122420e+03 1.286657285000000000e+09
5.489032531570581341e+03 1.032398936000000000e+09
5.480126124177205384e+03 9.605338780000000000e+08
5.446725849898632987e+03 4.850286970000000000e+08
5.477132514272147091e+03 1.947765305000000000e+09
5.475133847884828356e+03 1.836997589000000000e+09
5.490950096066452716e+03 3.359280085000000000e+09
5.501591173359143795e+03 1.949017085000000000e+09
5.498776876423142312e+03 1.994911554000000000e+09
5.479584860540255249e+03 1.585459335000000000e+09
5.485107248971302397e+03 2.796602322000000000e+09
5.466852934391497001e+03 2.615276595000000000e+09
5.472406771973422110e+03 1.380164394000000000e+09
5.482510075144564325e+03 1.578665223000000000e+09
5.515588130081443524e+03 3.689661309000000000e+09
5.488307946271567744e+03 3.132004773000000000e+09
5.492983835128339706e+03 3.491125484000000000e+09
5.477582459249118983e+03 2.568218545000000000e+09
5.472139505760592328e+03 2.522130789000000000e+09
5.477817791594078699e+03 2.872426455000000000e+09
5.467716073143919857e+03 4.072467718000000000e+09
5.454347961786064843e+03 1.936227529000000000e+09
5.485052300495010968e+03 1.523929931000000000e+09
5.486742647929531813e+03 4.207936555000000000e+09
5.448482850184402196e+03 1.187479787000000000e+09
5.454363123739957700e+03 1.693834464000000000e+09
5.432422403414278961e+03 1.948108232000000000e+09
5.462899310525677720e+03 6.238612860000000000e+08
5.471817965129949698e+03 3.864521495000000000e+09
5.460197979834796570e+03 3.213100946000000000e+09
5.505077583238176885e+03 2.970022001000000000e+09
5.490287268084483912e+03 3.351514007000000000e+09
5.490749382473176411e+03 2.720752423000000000e+09
5.486771669892646969e+03 3.523600491000000000e+09
5.453389712415510076e+03 4.087501841000000000e+09
5.485668595078665930e+03 2.116567586000000000e+09
5.479182020889706109e+03 3.821922701000000000e+09
5.493418645158548316e+03 1.442384255000000000e+09
5.483972031843017248e+03 5.328562790000000000e+08
5.465597840543567145e+03 1.428252209000000000e+09
5.483765165387827437e+03 3.028018562000000000e+09
5.492579041333285204e+03 3.436313418000000000e+09
5.484429313314045430e+03 8.407600670000000000e+08
5.494496907857219412e+03 3.394083730000000000e+09
5.477908967132724683e+03 4.050286113000000000e+09
5.497808539851415844e+03 2.777742323000000000e+09
5.464684871847782233e+03 6.558118410000000000e+08
5.474147785890633713e+03 3.493804290000000000e+08
5.476969454758921529e+03 4.094485060000000000e+09
5.470862862866939395e+03 4.287379109000000000e+09
5.490851625924227847e+03 2.366636979000000000e+09
5.479003039185029593e+03 1.618821230000000000e+08
5.492247045409234488e+03 3.281412679000000000e+09
5.474555391679381501e+03 8.254016950000000000e+08
5.483353099863427815e+03 3.237447496000000000e+09
5.474086294806307706e+03 1.492992640000000000e+09
5.475495528824378198e+03 2.424261405000000000e+09
5.460773623391484762e+03 1.319971455000000000e+09
5.478342514002181815e+03 3.798712659000000000e+09
5.484892730892959662e+03 1.243017666000000000e+09
5.491384870200876321e+03 7.472737200000000000e+07
5.496019813609061202e+03 2.970696700000000000e+09
5.449459299483771247e+03 3.887441809000000000e+09
5.507890296546394893e+03 1.423105039000000000e+09
5.452287182109504101e+03 3.449845836000000000e+09
5.465554176693259251e+03 1.428280508000000000e+09
5.474019475716409033e+03 1.050725239000000000e+09
5.474090031215529962e+03 6.954094090000000000e+08
5.484584111101973576e+03 5.323797510000000000e+08
5.479408752489953258e+03 2.298941670000000000e+08
5.473331519472121727e+03 1.612364394000000000e+09
5.482907602078939817e+03 1.684832154000000000e+09
5.461521646569571203e+03 7.866523070000000000e+08
5.485634355473513097e+03 4.339867810000000000e+08
5.452816595191025954e+03 3.333725363000000000e+09
5.497152291389553284e+03 3.353108250000000000e+09
5.486141530295523808e+03 4.093511694000000000e+09
5.471284794402585248e+03 1.212612584000000000e+09
5.500147925793235117e+03 3.615954111000000000e+09
5.483279900972966061e+03 2.555828672000000000e+09
5.460318684804080476e+03 3.085404838000000000e+09
5.493975663382772836e+03 1.174995110000000000e+09
5.504657826855658641e+03 3.173284070000000000e+09
5.470087477477783978e+03 4.091905555000000000e+09
5.492392280471887716e+03 2.646105085000000000e+09
5.465930521745319311e+03 2.289312419000000000e+09
5.465846610386446628e+03 3.173875618000000000e+09
5.469966889152065050e+03 2.867527585000000000e+09
5.502117266201673374e+03 1.434556259000000000e+09
5.478259267262761568e+03 2.200945345000000000e+09
5.486756203109376656e+03 2.965368978000000000e+09
5.475252025661177868e+03 6.759264750000000000e+08
5.485338881644702269e+03 1.698088077000000000e+09
5.517086999469952389e+03 1.804383954000000000e+09
5.472680517438694551e+03 3.405508624000000000e+09
5.467650677676601845e+03 4.863047090000000000e+08
5.465466650402219784e+03 3.600666283000000000e+09
5.449452406844517100e+03 1.269775275000000000e+09
5.457854576116073076e+03 2.453630328000000000e+09
5.466748747586438185e+03 1.324345707000000000e+09
5.492791661228321573e+03 8.213335430000000000e+08
5.463629521855299572e+03 2.393371608000000000e+09
5.495660354099937649e+03 7.912692930000000000e+08
5.480327394034290592e+03 1.521958219000000000e+09
5.462119029823901656e+03 1.216947789000000000e+09
5.499850241257511698e+03 2.596477123000000000e+09
5.444758464300817650e+03 1.747592512000000000e+09
5.481657146150310837e+03 2.212978299000000000e+09
5.499192431938122354e+03 1.663764224000000000e+09
5.490175677621247814e+03 2.920175047000000000e+09
5.500306091502710842e+03 4.026639547000000000e+09
5.506748837611906310e+03 7.767657060000000000e+08
5.483173205151699221e+03 7.776355310000000000e+08
5.456845885748361979e+03 3.961413858000000000e+09
5.452263116683836415e+03 1.399753162000000000e+09
5.469490718986424326e+03 3.644058210000000000e+09
5.478424355172335709e+03 8.856333560000000000e+08
5.504545853417174840e+03 3.645370670000000000e+09
5.479958216518737572e+03 4.274841281000000000e+09
5.494081290992530739e+03 2.964974424000000000e+09
5.488046429611884378e+03 1.611739763000000000e+09
5.468876880955112938e+03 2.427742581000000000e+09
5.502663733947561923e+03 2.854895944000000000e+09
5.466831111128181874e+03 3.358011493000000000e+09
5.490798478740965948e+03 8.032549810000000000e+08
5.473988617659317242e+03 1.164459290000000000e+08
5.461520528291393020e+03 1.266633590000000000e+09
5.492536547555315337e+03 1.596217525000000000e+09
5.516365684802767646e+03 3.905098290000000000e+09
5.478278254998249395e+03 1.034582427000000000e+09
5.494450893254540460e+03 3.481378166000000000e+09
5.491511196454957826e+03 9.023982490000000000e+08
5.444969942760609229e+03 8.029318840000000000e+08
5.502557877825875039e+03 4.352124060000000000e+08
5.451385253547378852e+03 1.523060285000000000e+09
5.475797679736888313e+03 1.041231615000000000e+09
5.492254601013475622e+03 1.345739582000000000e+09
5.476227669538819100e+03 2.006978084000000000e+09
5.481948340760098290e+03 2.742880349000000000e+09
5.491771307080145561e+03 1.839362819000000000e+09
5.499496386458244160e+03 1.984214538000000000e+09
5.459013997314963490e+03 2.703532523000000000e+09
5.503223494288941765e+03 2.493330311000000000e+09
5.493271374880911026e+03 1.907514002000000000e+09
5.489618544346189992e+03 4.153637310000000000e+08
5.482272896146994754e+03 1.248215025000000000e+09
5.479453460922400154e+03 8.891823780000000000e+08
5.501000856270479744e+03 3.654430237000000000e+09
5.466801282465679833e+03 1.072010193000000000e+09
5.470780360656484845e+03 5.484110140000000000e+08
5.520037650233452041e+03 3.368204978000000000e+09
5.477596502843814051e+03 1.640450507000000000e+09
5.471831802559168864e+03 3.095945524000000000e+09
5.458344958842582855e+03 2.223788267000000000e+09
5.468440438750471912e+03 1.886838307000000000e+09
5.474944192562499666e+03 1.917300656000000000e+09
5.490163308630480060e+03 3.449762742000000000e+09
5.492893363535111348e+03 3.798889066000000000e+09
5.463779152601473470e+03 2.989577676000000000e+09
5.485522427607933423e+03 1.091282731000000000e+09
5.474159073134826031e+03 2.999512354000000000e+09
5.468763799392445435e+03 3.987728861000000000e+09
5.511402962129905063e+03 1.010189681000000000e+09
5.469009868186275526e+03 3.781731598000000000e+09
5.469662637286974132e+03 3.202635505000000000e+09
5.490987719200507854e+03 1.937063844000000000e+09
5.477471971012324502e+03 2.913620205000000000e+09
5.470013988482933200e+03 3.802913070000000000e+09
5.494472346672734602e+03 2.307782092000000000e+09
5.470547822173850363e+03 3.587812030000000000e+08
5.474077846880432844e+03 3.039643470000000000e+09
5.460398793660286174e+03 1.871209462000000000e+09
5.480502847946545444e+03 1.023443691000000000e+09
5.469131177755301906e+03 2.550829862000000000e+09
5.500513180023834138e+03 2.490545942000000000e+09
5.484559705712796131e+03 7.605622110000000000e+08
5.497456921861750743e+03 3.257652344000000000e+09
5.492892777296013264e+03 3.687022179000000000e+09
5.488168976272714644e+03 4.009930688000000000e+09
5.467100061211334832e+03 2.342385466000000000e+09
5.469660296658083098e+03 6.946804400000000000e+08
5.460541288313892437e+03 1.453789186000000000e+09
5.482345524760454282e+03 3.812119784000000000e+09
5.479312744883003688e+03 2.992477239000000000e+09
5.465728613213185781e+03 3.311519002000000000e+09
5.462729934247281562e+03 1.931909956000000000e+09
5.492630129714171744e+03 1.351684035000000000e+09
5.449836935456172796e+03 2.414605950000000000e+09
5.490266701982837731e+03 1.717813305000000000e+09
5.494271220978384918e+03 3.958293748000000000e+09
5.497446104197506429e+03 3.384116109000000000e+09
5.494448757251511779e+03 2.200398500000000000e+08
5.466760235700306112e+03 1.864032652000000000e+09
5.488623028854452059e+03 1.748171283000000000e+09
5.503874616877796143e+03 1.127571909000000000e+09
5.485113012339654233e+03 2.346680713000000000e+09
5.486981475296184726e+03 3.924231926000000000e+09
5.471602186347587121e+03 1.147741720000000000e+09
5.484249390633582152e+03 2.357091340000000000e+09
5.489314049927233100e+03 3.733752151000000000e+09
5.489744761744884272e+03 7.082626280000000000e+08
5.510990836478560595e+03 4.605038820000000000e+08
5.471357696702301837e+03 1.222564132000000000e+09
5.475964649421153808e+03 4.046635509000000000e+09
5.472932452773988189e+03 2.053308166000000000e+09
5.485829878156071572e+03 5.192301880000000000e+08
5.448103305891582750e+03 1.287266256000000000e+09
5.472685297781901681e+03 3.805124190000000000e+08
5.468972012357996391e+03 4.760997330000000000e+08
5.489758214989930821e+03 1.298947495000000000e+09
5.488408148869688375e+03 4.282057567000000000e+09
5.471316667085700828e+03 1.194494455000000000e+09
5.476274298025629832e+03 4.217179948000000000e+09
5.498117965862940764e+03 6.931588440000000000e+08
5.475564124051231374e+03 2.065690216000000000e+09
5.472947900919896711e+03 2.597724762000000000e+09
5.467782179681552407e+03 1.234377146000000000e+09
5.495883645843437080e+03 2.098883587000000000e+09
5.486743324115058385e+03 2.908473731000000000e+09
5.474438437027964028e+03 3.287306504000000000e+09
5.476360812698143491e+03 1.828866500000000000e+07
5.478699813651987824e+03 2.148870237000000000e+09
5.479853682307875715e+03 2.083667099000000000e+09
5.481584939726467383e+03 4.231271134000000000e+09
5.484350045568173300e+03 1.213073854000000000e+09
5.472090935520645871e+03 2.643142870000000000e+08
5.468795105159952072e+03 4.105554363000000000e+09
5.477172572567773386e+03 2.824198900000000000e+09
5.477757471872834685e+03 1.826290355000000000e+09
5.481472416146387332e+03 1.384093352000000000e+09
5.467864574730891036e+03 3.187865297000000000e+09
5.466143493966125789e+03 4.974249390000000000e+08
5.450041035550213564e+03 3.958174287000000000e+09
5.456993111892436900e+03 3.649926513000000000e+09
5.478906422789755197e+03 3.802287282000000000e+09
5.509944007338159281e+03 5.209821460000000000e+08
5.482689304611115404e+03 8.204546700000000000e+08
5.462947818551195269e+03 3.321595022000000000e+09
5.495497791218307611e+03 7.810144860000000000e+08
5.478069371774863612e+03 2.633904752000000000e+09
5.445641264351028440e+03 3.219308248000000000e+09
5.467328588270710497e+03 3.724511036000000000e+09
5.476640681974851759e+03 1.660369903000000000e+09
5.478921950257408753e+03 3.035474631000000000e+09
5.496825066417211929e+03 1.426400648000000000e+09
5.502085289504975663e+03 1.824886077000000000e+09
5.488869018801777202e+03 1.371676527000000000e+09
5.477886904976178812e+03 1.999980329000000000e+09
5.475912181848504588e+03 2.144161330000000000e+08
5.505427573916476831e+03 2.824768520000000000e+08
5.476496472073129553e+03 1.525508340000000000e+09
5.486367411125000217e+03 3.879941107000000000e+09
5.490524745428056121e+03 3.532335847000000000e+09
5.477424225843161366e+03 1.853799986000000000e+09
5.478505164593478185e+03 2.233457380000000000e+08
5.479443418991513681e+03 3.366452289000000000e+09
5.475852940760549245e+03 2.313759257000000000e+09
5.480240152861939350e+03 1.027543600000000000e+08
5.484129744823488181e+03 3.818825235000000000e+09
5.462627143576453818e+03 3.028180231000000000e+09
5.479852612045558999e+03 2.017085751000000000e+09
5.451857416640093106e+03 1.941965675000000000e+09
5.479883630332145913e+03 3.017947404000000000e+09
5.486310772616870054e+03 4.216539456000000000e+09
5.476123299443705946e+03 3.193198521000000000e+09
5.485950858215351218e+03 3.929583140000000000e+08
5.519071543964922967e+03 1.360609070000000000e+08
5.502565072465105914e+03 3.396285410000000000e+09
5.482498840627432401e+03 3.442034961000000000e+09
5.495550253306917512e+03 1.126272180000000000e+09
5.484567659739092960e+03 2.046765241000000000e+09
5.477611598970083833e+03 1.364209579000000000e+09
5.488851495514454655e+03 7.540924390000000000e+08
5.456608498120897821e+03 1.771766353000000000e+09
5.475069816398911826e+03 6.567947020000000000e+08
5.480534123652328162e+03 8.865192200000000000e+07
5.468707468603455709e+03 1.352469116000000000e+09
5.485612947518665351e+03 8.218165190000000000e+08
5.501388952341500044e+03 2.115463361000000000e+09
5.474701502102703671e+03 4.158702945000000000e+09
5.491159346645791629e+03 8.767947810000000000e+08
5.488691730813415234e+03 3.320988404000000000e+09
5.501213717766509035e+03 1.785818010000000000e+09
5.481567707384674577e+03 2.313513049000000000e+09
5.474515677601416428e+03 3.365886068000000000e+09
5.493228723521129723e+03 2.543468241000000000e+09
5.500697647878505450e+03 5.480240060000000000e+08
5.479645054504278960e+03 2.684959743000000000e+09
5.505158460111560998e+03 7.129014600000000000e+08
5.473400982753073549e+03 2.683627390000000000e+09
5.477610737317005260e+03 3.080404600000000000e+09
5.507159239439361045e+03 5.109058680000000000e+08
5.493991737556105363e+03 1.399150729000000000e+09
5.460370056819718229e+03 2.570765797000000000e+09
5.489966412927677084e+03 6.873854070000000000e+08
5.486307453983155938e+03 1.815980750000000000e+09
5.469311514765050561e+03 5.802781200000000000e+07
5.462821504652237309e+03 4.026697680000000000e+08
5.477358178130064516e+03 1.850522005000000000e+09
5.466945510610303245e+03 1.804280758000000000e+09
5.456965631842201219e+03 1.982553290000000000e+08
5.477502435107124256e+03 2.701678187000000000e+09
5.486266637048023767e+03 1.475183956000000000e+09
5.502900521141491481e+03 3.009051004000000000e+09
5.458193323722374771e+03 2.615683485000000000e+09
5.467992401910874833e+03 3.758718960000000000e+09
5.489981387215491850e+03 3.206381249000000000e+09
5.479247426815540166e+03 2.078534090000000000e+08
5.456212957881450166e+03 3.141299442000000000e+09
5.459304205278415793e+03 1.033316630000000000e+09
5.497324894129935274e+03 3.137811902000000000e+09
5.508454587489144615e+03 5.997026110000000000e+08
5.485694089126211111e+03 5.623676920000000000e+08
5.484908873003541885e+03 1.064423417000000000e+09
5.481734652800255390e+03 6.707902620000000000e+08
5.490309300015385816e+03 1.691839153000000000e+09
5.488766371120820622e+03 2.977908992000000000e+09
5.500800570858242281e+03 3.727056002000000000e+09
5.483773605627595316e+03 1.495136560000000000e+08
5.486403496062378508e+03 3.213863756000000000e+09
5.473195455546190715e+03 1.829479588000000000e+09
5.479396623311914482e+03 2.474939840000000000e+09
5.496774847531074556e+03 3.537993946000000000e+09
5.449061230802675709e+03 1.190153271000000000e+09
5.491074332146721645e+03 4.078026674000000000e+09
5.482150583520625332e+03 3.165813691000000000e+09
5.468740450218840124e+03 2.101882229000000000e+09
5.465019039587609768e+03 2.482972331000000000e+09
5.483337010478569937e+03 2.065528645000000000e+09
5.472491932840905974e+03 3.547316676000000000e+09
5.479856142661406921e+03 4.217086015000000000e+09
5.477928159920853432e+03 1.930173380000000000e+08
5.487862787578924326e+03 1.477627605000000000e+09
5.458701876833751157e+03 2.262543648000000000e+09
5.477114710915740034e+03 7.375989980000000000e+08
5.477366548764141953e+03 2.565614134000000000e+09
5.488661078574952626e+03 2.898047052000000000e+09
5.503441654198985816e+03 3.038976046000000000e+09
5.474898154198806878e+03 2.897057525000000000e+09
5.476999764474185213e+03 7.301205560000000000e+08
5.477112963814230170e+03 1.022261674000000000e+09
