# Lens_likelihood 	 seed
7.033865833144724093e+03 1.155443048000000000e+09
7.018039167812201413e+03 3.101460050000000000e+08
7.042882733344722510e+03 2.745820052000000000e+09
7.026536204504403941e+03 1.600981646000000000e+09
7.045518590557361676e+03 1.267467630000000000e+09
7.015764346808355185e+03 2.069550539000000000e+09
7.030376900677400045e+03 3.410853423000000000e+09
7.054141432161051853e+03 1.582220730000000000e+08
7.049783452187184594e+03 1.498091660000000000e+09
7.030006710425730489e+03 1.363394183000000000e+09
7.056453889320649068e+03 3.377040536000000000e+09
7.053162851589759157e+03 2.443759743000000000e+09
7.068235887207340056e+03 2.083830068000000000e+09
7.016845732749899071e+03 3.518224341000000000e+09
7.050902441026431006e+03 3.500296379000000000e+09
7.024266377850975005e+03 3.347716676000000000e+09
7.049351592472910852e+03 2.537437259000000000e+09
7.062650240843943720e+03 1.191044404000000000e+09
7.055592352522723559e+03 2.248814691000000000e+09
7.048004262909295903e+03 2.609403274000000000e+09
7.029760488027696738e+03 1.672198044000000000e+09
7.042389966433671361e+03 3.790774701000000000e+09
7.028672525254667562e+03 1.763499840000000000e+09
7.022758218249186939e+03 1.979993483000000000e+09
7.049364850003992615e+03 6.591497400000000000e+08
7.012706111461871842e+03 3.479921550000000000e+08
7.040428086250652086e+03 1.719298311000000000e+09
7.071534513432528911e+03 2.157136250000000000e+08
7.023560233300817345e+03 1.782808943000000000e+09
7.009199447027078349e+03 1.113157718000000000e+09
7.037371145824242376e+03 2.126480092000000000e+09
7.035521097851857121e+03 3.723079990000000000e+09
7.032028312370312051e+03 2.772183185000000000e+09
7.058631142269166958e+03 1.862355058000000000e+09
7.045033034402918929e+03 2.159910977000000000e+09
7.044210568256868100e+03 2.204817034000000000e+09
7.055057208376554627e+03 1.827990652000000000e+09
7.030843557240252267e+03 1.327741192000000000e+09
7.030790579839733255e+03 1.762938918000000000e+09
7.001579588325230361e+03 3.441999620000000000e+08
7.033074194669841745e+03 3.422142920000000000e+08
7.047480943559018669e+03 2.459348309000000000e+09
7.041030181186691152e+03 4.020423810000000000e+08
7.060559158654339626e+03 8.797782160000000000e+08
7.036989744623877414e+03 2.330906960000000000e+08
7.042545674053382754e+03 3.507589170000000000e+08
7.040915475377630173e+03 3.247779533000000000e+09
7.044996648399785045e+03 1.759407005000000000e+09
7.011380524012763999e+03 1.284237258000000000e+09
7.040885725509726399e+03 3.579756281000000000e+09
7.043874537792348747e+03 1.944251383000000000e+09
7.055378458260744992e+03 3.722905460000000000e+08
7.044786449997232921e+03 1.834624776000000000e+09
7.037931517756153880e+03 1.722769323000000000e+09
7.037623264913357161e+03 3.665676704000000000e+09
7.043708190268565886e+03 3.035716917000000000e+09
7.036771904766612352e+03 2.168438547000000000e+09
7.027934050563286291e+03 3.572721713000000000e+09
7.041900637134104727e+03 3.465715032000000000e+09
7.055936689715149441e+03 1.533606618000000000e+09
7.013366099208540618e+03 1.286745060000000000e+08
7.045635051490620754e+03 3.514044693000000000e+09
7.041253781995079407e+03 2.907707580000000000e+09
7.033116498505528398e+03 2.324352543000000000e+09
7.014810777790255997e+03 4.161373106000000000e+09
7.040979148137075754e+03 1.718552913000000000e+09
7.050598473024237137e+03 4.087491483000000000e+09
7.052496072958720106e+03 4.157537386000000000e+09
7.018186761607161316e+03 4.203286361000000000e+09
7.063673004901319473e+03 3.718751785000000000e+09
7.041130230810880676e+03 1.089412590000000000e+08
7.053450926925610474e+03 1.629387373000000000e+09
7.045547143797543868e+03 2.836777427000000000e+09
7.059467807205517602e+03 1.186673521000000000e+09
7.041795722089387709e+03 2.227062982000000000e+09
7.038777054372681050e+03 1.758414094000000000e+09
7.027005587971059867e+03 8.054995500000000000e+08
7.048791656833194793e+03 2.512314730000000000e+08
7.060193537341730917e+03 4.045917290000000000e+08
7.064500205876314794e+03 1.223943709000000000e+09
7.031044606478512833e+03 1.754436111000000000e+09
7.048658241964416447e+03 8.302769070000000000e+08
7.042014388901272469e+03 2.869309475000000000e+09
7.043907807293109727e+03 2.334021599000000000e+09
7.042154832626599273e+03 3.825114282000000000e+09
7.028889235420626392e+03 6.067619290000000000e+08
7.027960783607667508e+03 2.970457590000000000e+09
7.016169268828209169e+03 3.702278097000000000e+09
7.023529864367461414e+03 3.424150561000000000e+09
7.054717472229338455e+03 9.841893610000000000e+08
7.039372712784997930e+03 1.292166610000000000e+08
7.041076303931653456e+03 3.587250333000000000e+09
7.045897868176603879e+03 4.217285534000000000e+09
7.034168902077273742e+03 3.935329959000000000e+09
7.033891183338822884e+03 2.279382020000000000e+09
7.027274225235805716e+03 1.650335097000000000e+09
7.045508631732142021e+03 8.462470240000000000e+08
7.012361690080841072e+03 3.556978370000000000e+08
7.027413988372016320e+03 2.235224002000000000e+09
7.039087946857440329e+03 1.957071400000000000e+09
7.038796983393045593e+03 2.332436497000000000e+09
7.057911562975386914e+03 1.422494500000000000e+09
7.020552603515583542e+03 9.707066470000000000e+08
7.037846747099903951e+03 2.798003198000000000e+09
7.064419603275089685e+03 7.516643590000000000e+08
7.028083415440078170e+03 2.258621851000000000e+09
7.070829160755407429e+03 1.209014905000000000e+09
7.031277248087011685e+03 6.666666710000000000e+08
7.027274508651908036e+03 4.191156380000000000e+08
7.038087709800414814e+03 5.706063760000000000e+08
7.047784492965541176e+03 3.248404560000000000e+09
7.021712947423897276e+03 1.207360473000000000e+09
7.046190590932244959e+03 1.165178176000000000e+09
7.058220010527204977e+03 3.287819653000000000e+09
7.026373136733378487e+03 8.783804290000000000e+08
7.035391694668364835e+03 4.103604565000000000e+09
7.036786430563288377e+03 3.322984730000000000e+08
7.054326226812795539e+03 4.399737700000000000e+07
7.052561159551351011e+03 4.145547369000000000e+09
7.048859433885077124e+03 2.474086869000000000e+09
7.055834508235577232e+03 2.800968131000000000e+09
7.018457052464880690e+03 5.155745460000000000e+08
7.029572362796852758e+03 6.090956030000000000e+08
7.041472521798123125e+03 6.330480710000000000e+08
7.017617582778289943e+03 1.446706098000000000e+09
7.064307226364578128e+03 3.466327449000000000e+09
7.001465971202038418e+03 1.307341523000000000e+09
7.036900875932954477e+03 3.299451590000000000e+09
7.030731040379274418e+03 3.489767050000000000e+08
7.008336441936286064e+03 3.004169745000000000e+09
7.026209430285195594e+03 1.580001212000000000e+09
7.032107883205495455e+03 3.224091891000000000e+09
7.052526623333777025e+03 4.128771747000000000e+09
7.034497321606892910e+03 4.218661112000000000e+09
7.020933746698013238e+03 3.771573118000000000e+09
7.037608684341126718e+03 1.864810230000000000e+08
7.039591605984828675e+03 2.370981104000000000e+09
7.042854936425286724e+03 2.435189044000000000e+09
7.035539100236739614e+03 1.630064220000000000e+08
7.023577637068548029e+03 2.422161369000000000e+09
7.051408458788926509e+03 1.602448428000000000e+09
7.054397550437464815e+03 4.095820781000000000e+09
7.052146309169856067e+03 1.071823817000000000e+09
7.039343098551289586e+03 2.039625301000000000e+09
7.053445586653585451e+03 1.689629350000000000e+08
7.055338787813194358e+03 3.711744249000000000e+09
7.046343586637381122e+03 3.416721306000000000e+09
7.063969145972451770e+03 3.742473765000000000e+09
7.059388265197937471e+03 2.939801409000000000e+09
7.034784434636858350e+03 1.921947400000000000e+09
7.060321429344148783e+03 2.817711744000000000e+09
7.054270081853146621e+03 3.668748665000000000e+09
7.049455263757658940e+03 1.406723538000000000e+09
7.054611106885276968e+03 2.990477417000000000e+09
7.010660346949780433e+03 3.280624399000000000e+09
7.049622142348072884e+03 3.320275600000000000e+07
7.042350429565520244e+03 6.379315450000000000e+08
7.009934643734237397e+03 5.712567680000000000e+08
7.041455218641249303e+03 3.704201171000000000e+09
7.045785448385848213e+03 1.108541860000000000e+08
7.052717106830496959e+03 4.164145147000000000e+09
7.058502810705494085e+03 3.364746120000000000e+08
7.070643019794963038e+03 3.885581378000000000e+09
7.057140717391248472e+03 1.300326740000000000e+09
7.034355156262973651e+03 1.508976252000000000e+09
7.019354187463848575e+03 1.010445381000000000e+09
7.064304828333702972e+03 2.317923458000000000e+09
7.011215168800723404e+03 3.766087608000000000e+09
7.049050993955623198e+03 1.116503315000000000e+09
7.068102567125908536e+03 7.956263390000000000e+08
7.025679494455937856e+03 2.378148172000000000e+09
7.040934355594219596e+03 3.038044351000000000e+09
7.052745638393609624e+03 1.141829975000000000e+09
7.062405274162735623e+03 4.767144530000000000e+08
7.056153377188745253e+03 1.597714270000000000e+08
7.046054101937926134e+03 3.767904703000000000e+09
7.040224149304643106e+03 6.381080700000000000e+08
7.043787591109452478e+03 4.063342490000000000e+08
7.067623014219086144e+03 1.179759064000000000e+09
7.035069707260880023e+03 4.277847704000000000e+09
7.000124988379512615e+03 4.482287200000000000e+08
7.004084661170059917e+03 1.135079493000000000e+09
7.033927271790531449e+03 3.214860319000000000e+09
7.055584478410976772e+03 3.501868762000000000e+09
7.040010527825787904e+03 3.911245289000000000e+09
7.050433327061594355e+03 2.422843005000000000e+09
7.059908229702999961e+03 9.545833490000000000e+08
7.045888175647725802e+03 1.832760300000000000e+09
7.046899523423203391e+03 3.623783410000000000e+09
7.017164384857513141e+03 4.014766160000000000e+09
7.018679203724680519e+03 8.380074310000000000e+08
7.044695990557605001e+03 2.237404072000000000e+09
7.042554978622571070e+03 1.266942095000000000e+09
7.054285514299591341e+03 1.312602402000000000e+09
7.035486823496183206e+03 1.002057500000000000e+08
7.011941696377589324e+03 8.660204360000000000e+08
7.039724640142735552e+03 4.019818527000000000e+09
7.036060681938824018e+03 4.629346350000000000e+08
7.031796412374134889e+03 2.280197807000000000e+09
7.061791909687791303e+03 4.253099609000000000e+09
7.033800435475055565e+03 1.352527568000000000e+09
7.040930528575081553e+03 1.631621961000000000e+09
7.039891768823911661e+03 2.438884437000000000e+09
7.055350390448818871e+03 2.605648156000000000e+09
7.056063142847860036e+03 2.314965767000000000e+09
7.049122664828422785e+03 3.072291199000000000e+09
7.028791342470753989e+03 2.675452120000000000e+09
7.016358916197697909e+03 2.857070671000000000e+09
7.020972192770236688e+03 1.197060410000000000e+08
7.041276126117663807e+03 1.122579397000000000e+09
7.048985985339671970e+03 1.786007369000000000e+09
7.050383890983209312e+03 3.224726219000000000e+09
7.021794347493836540e+03 3.074033553000000000e+09
7.045374080501557728e+03 2.927109575000000000e+09
7.046851159763763462e+03 2.079071600000000000e+07
7.050058618643453883e+03 2.028519072000000000e+09
7.047402721214784833e+03 2.649130537000000000e+09
7.031057973505940936e+03 9.551104300000000000e+07
7.046144195370728994e+03 2.549085054000000000e+09
7.041068959892032581e+03 3.505197915000000000e+09
7.036753887035542903e+03 3.994060830000000000e+08
7.026850426441541458e+03 3.471742710000000000e+08
7.033945529294521293e+03 2.718722076000000000e+09
7.023588313881315116e+03 9.317966900000000000e+07
7.046681185995218584e+03 2.500243779000000000e+09
7.047934907954657319e+03 1.464917610000000000e+08
7.040723760701122956e+03 3.183019108000000000e+09
7.055162201853550869e+03 4.204395730000000000e+08
7.061484091108592111e+03 2.019443246000000000e+09
7.043198257966923848e+03 6.503958630000000000e+08
7.039306249673640195e+03 3.705726779000000000e+09
7.049045531200192272e+03 1.325232677000000000e+09
7.019590277030118159e+03 6.203746580000000000e+08
7.038870874675662890e+03 2.450446284000000000e+09
7.046298833667159670e+03 3.652742824000000000e+09
7.025459817541694065e+03 3.701981357000000000e+09
7.061852383297057713e+03 2.554000857000000000e+09
7.045888089503273477e+03 1.045801824000000000e+09
7.051632636139491296e+03 2.980136600000000000e+07
7.043034872075981184e+03 9.962891880000000000e+08
7.020153237752756468e+03 3.290437972000000000e+09
7.044537131398334168e+03 1.272815826000000000e+09
7.051428461807199710e+03 5.921898840000000000e+08
7.058172634570653827e+03 2.275044237000000000e+09
7.054600420178614513e+03 8.198951220000000000e+08
7.057435563208459826e+03 2.776063947000000000e+09
7.039164762312756466e+03 8.344535830000000000e+08
7.054891153340257006e+03 3.414702835000000000e+09
7.030686985862223992e+03 3.968863379000000000e+09
7.042830672548689108e+03 1.764362931000000000e+09
7.041667586518161443e+03 2.058718985000000000e+09
7.039773941656474562e+03 2.530545955000000000e+09
7.019279723428252510e+03 4.838432180000000000e+08
7.033285195122090954e+03 1.632256455000000000e+09
7.037957706380531818e+03 2.930036551000000000e+09
7.040140883433215095e+03 3.013514619000000000e+09
7.051550475507154260e+03 4.163427304000000000e+09
7.029908885664431182e+03 1.374598680000000000e+08
7.025516078215374364e+03 2.086478149000000000e+09
7.043989561833884181e+03 3.532436774000000000e+09
7.061557435390592218e+03 6.795454920000000000e+08
7.028450415837098262e+03 3.586955980000000000e+09
7.016357998895326091e+03 1.902921524000000000e+09
7.044537915456944575e+03 3.735905792000000000e+09
7.053672321168382041e+03 2.833067626000000000e+09
7.028760254101896862e+03 3.671673590000000000e+08
7.052682116121264698e+03 1.081730471000000000e+09
7.046906593205567333e+03 4.890641460000000000e+08
7.042537145479538594e+03 1.051948220000000000e+08
7.008669267169974773e+03 7.752762000000000000e+07
7.038773100040283680e+03 3.493825488000000000e+09
7.011420486607370549e+03 1.355315252000000000e+09
7.021895820466923396e+03 4.142103005000000000e+09
7.041579633307025688e+03 2.281168160000000000e+08
7.025851731404046404e+03 4.180878940000000000e+09
7.038576915677234865e+03 2.485125705000000000e+09
7.054498685972682324e+03 1.795966815000000000e+09
7.041440530296110410e+03 1.396190966000000000e+09
7.059189231381834361e+03 8.066233110000000000e+08
7.051436115352082197e+03 1.942535153000000000e+09
7.042684229815839899e+03 3.102395185000000000e+09
7.064635638097711308e+03 7.041355910000000000e+08
7.061677136741740469e+03 2.518764246000000000e+09
7.042658397432948732e+03 2.015741553000000000e+09
7.017390440534275513e+03 4.282237790000000000e+08
7.030302983424648119e+03 1.086615725000000000e+09
7.049681553768491540e+03 2.570812520000000000e+09
7.040954219946032936e+03 1.781902338000000000e+09
7.067870595716687603e+03 1.620056698000000000e+09
7.048045702131767939e+03 1.118459933000000000e+09
7.044485502844107032e+03 2.278458041000000000e+09
7.033461512443889660e+03 4.271717020000000000e+08
7.052573046698259532e+03 3.509185454000000000e+09
7.058143009264667853e+03 4.804510310000000000e+08
7.049216971352914697e+03 3.177629171000000000e+09
7.021941590793951036e+03 2.329436786000000000e+09
7.050911149330633634e+03 2.734064457000000000e+09
7.047311626990804143e+03 2.742093718000000000e+09
7.037021584637924207e+03 2.533522830000000000e+09
7.041567514814528295e+03 2.719327978000000000e+09
7.034714661416820491e+03 1.088421595000000000e+09
7.031786422181199669e+03 4.266563543000000000e+09
7.021418682799762792e+03 1.069718579000000000e+09
7.028161679626643490e+03 3.626432194000000000e+09
7.050115516647972072e+03 4.819126300000000000e+07
7.066749121352459952e+03 1.429166023000000000e+09
7.043216716633464785e+03 1.483936388000000000e+09
7.067208765981078614e+03 2.839663815000000000e+09
7.006259154884732197e+03 9.284809230000000000e+08
7.049845955470967965e+03 3.414979239000000000e+09
7.032879674939553297e+03 8.684244850000000000e+08
7.061013068193387880e+03 1.016833536000000000e+09
7.037054802891360850e+03 4.891323300000000000e+07
7.066289662525724452e+03 2.941987304000000000e+09
7.068777778820613094e+03 1.930614587000000000e+09
7.069253934686405046e+03 2.100425074000000000e+09
7.026230713434694735e+03 9.762610490000000000e+08
7.037124847394728931e+03 2.308541325000000000e+09
7.028161564141713825e+03 3.141529090000000000e+09
7.005731138949809065e+03 1.016605718000000000e+09
7.040847328750566703e+03 2.426788228000000000e+09
7.047166937377771319e+03 1.143287533000000000e+09
7.048865124868167186e+03 9.051713290000000000e+08
7.043439340679249653e+03 3.664563226000000000e+09
7.038619496717870788e+03 1.972283400000000000e+07
7.038883657557188599e+03 2.065790525000000000e+09
7.037990634621745812e+03 4.050589385000000000e+09
7.025126491455992436e+03 3.884327735000000000e+09
7.036943281787844171e+03 3.946703874000000000e+09
7.035549105349720776e+03 3.726252501000000000e+09
7.042613814071364686e+03 2.047472410000000000e+09
7.039846508853447631e+03 3.391274796000000000e+09
7.006558969276812604e+03 2.074486101000000000e+09
7.062476647877463620e+03 1.398908431000000000e+09
7.037294764028293685e+03 1.211100969000000000e+09
7.041899904786406296e+03 2.627324668000000000e+09
7.052128397209843570e+03 3.085011044000000000e+09
7.031940525531719686e+03 2.111669979000000000e+09
7.032565865034190210e+03 4.047737403000000000e+09
7.022820675823219062e+03 2.143959406000000000e+09
7.019983932858896878e+03 3.278021498000000000e+09
7.043551661513351974e+03 4.099519724000000000e+09
7.072963483414643633e+03 3.090897249000000000e+09
7.053872462340656057e+03 2.558169280000000000e+08
7.038288479004567307e+03 2.426374863000000000e+09
7.051314485260864785e+03 1.082884077000000000e+09
7.050396231910738607e+03 3.745441280000000000e+09
7.044202143923467702e+03 1.183566781000000000e+09
7.038027689764951901e+03 8.646646000000000000e+06
7.047591607090788784e+03 1.468073945000000000e+09
