# Lens_likelihood 	 seed
6.571467301591565956e+03 2.254430107000000000e+09
6.612449917835034285e+03 3.659771666000000000e+09
6.598527910971524761e+03 1.332730033000000000e+09
6.557688086887223108e+03 8.226601210000000000e+08
6.577363289307352716e+03 2.390352536000000000e+09
6.581230524290626818e+03 3.513882759000000000e+09
6.582667324136104071e+03 2.158816726000000000e+09
6.564229273385299166e+03 1.805594719000000000e+09
6.586422599738874851e+03 2.206861802000000000e+09
6.590808474352382291e+03 5.275044320000000000e+08
6.600706527063572139e+03 9.705541230000000000e+08
6.572597236426971904e+03 3.235182537000000000e+09
6.563981403795387450e+03 2.531910203000000000e+09
6.583414393380176080e+03 1.035175692000000000e+09
6.550746803223500137e+03 2.493574580000000000e+09
6.592245962484041229e+03 4.223218484000000000e+09
6.573525407465554963e+03 2.145832031000000000e+09
6.584272861072013256e+03 4.247268460000000000e+08
6.597013584846623417e+03 3.293741205000000000e+09
6.610505865221537533e+03 4.020968141000000000e+09
6.599575394224552838e+03 4.947653900000000000e+07
6.594993285020828807e+03 3.546484372000000000e+09
6.563982280875646211e+03 1.237404122000000000e+09
6.584500448524754574e+03 1.972099839000000000e+09
6.567979911015804646e+03 2.240094264000000000e+09
6.582028178171323816e+03 3.204019302000000000e+09
6.576835515708689854e+03 8.971664960000000000e+08
6.574494928472526226e+03 1.561142884000000000e+09
6.576409851256675211e+03 3.020404912000000000e+09
6.591402787361370429e+03 3.996888798000000000e+09
6.582517783965558920e+03 3.716883134000000000e+09
6.572527128552569593e+03 1.636857103000000000e+09
6.575711987627080816e+03 6.491121320000000000e+08
6.560984332929661832e+03 1.279381536000000000e+09
6.599453596704987831e+03 4.276921564000000000e+09
6.576526651043281163e+03 2.402510300000000000e+07
6.597706395658422480e+03 1.575388049000000000e+09
6.582111679893529072e+03 1.051461855000000000e+09
6.579259390148347848e+03 2.214684028000000000e+09
6.577870285930861428e+03 3.062935676000000000e+09
6.572589136561558007e+03 2.911879247000000000e+09
6.609337046367454604e+03 1.203979012000000000e+09
6.581896371011695010e+03 9.316119370000000000e+08
6.570251740930229971e+03 2.830477582000000000e+09
6.570523044728839523e+03 3.513615736000000000e+09
6.588996213239475765e+03 9.648486730000000000e+08
6.567787683849714085e+03 1.502979905000000000e+09
6.594069064175851054e+03 3.497239410000000000e+09
6.539321057397006371e+03 2.296328130000000000e+09
6.587384528597800454e+03 4.201598840000000000e+08
6.584719295717491150e+03 2.238868653000000000e+09
6.581442431236170705e+03 3.483018164000000000e+09
6.575852070349692440e+03 2.972152844000000000e+09
6.576604475759098932e+03 2.058757470000000000e+09
6.583977086086370036e+03 1.622580951000000000e+09
6.589203650861069036e+03 1.032055509000000000e+09
6.577090500576578961e+03 3.399553162000000000e+09
6.601653563711925017e+03 4.166230000000000000e+05
6.584300515667351647e+03 3.848775875000000000e+09
6.582126530119348899e+03 4.251750008000000000e+09
6.539182310580671583e+03 1.286380864000000000e+09
6.594430168048860651e+03 2.994257835000000000e+09
6.572634594838548765e+03 4.167748384000000000e+09
6.564211829482768735e+03 3.807185027000000000e+09
6.557916861029429128e+03 2.116403469000000000e+09
6.572872550672991565e+03 8.547506510000000000e+08
6.577379014773660856e+03 2.653861829000000000e+09
6.581519886354936716e+03 9.155049310000000000e+08
6.574409107132374629e+03 3.189110413000000000e+09
6.585299539292884219e+03 3.425760190000000000e+08
6.598152585186137003e+03 1.150520026000000000e+09
6.571685339090580783e+03 3.283077843000000000e+09
6.568436291470370634e+03 3.683340379000000000e+09
6.595341187424632153e+03 3.371187803000000000e+09
6.601967852213059814e+03 3.182776647000000000e+09
6.583053411860615597e+03 8.655072490000000000e+08
6.585504083504357368e+03 1.136823462000000000e+09
6.622160076297415799e+03 3.569247366000000000e+09
6.590444828220986892e+03 3.408050653000000000e+09
6.566864289291338537e+03 2.332562704000000000e+09
6.589197449544294614e+03 2.271867246000000000e+09
6.583906923892168379e+03 1.137312407000000000e+09
6.581808622371991987e+03 2.072716994000000000e+09
6.606891417441175690e+03 1.532949784000000000e+09
6.597366881539446695e+03 4.197244670000000000e+09
6.602241486937537957e+03 3.869372247000000000e+09
6.584165914624138168e+03 3.804294210000000000e+09
6.574614604220015281e+03 5.820351870000000000e+08
6.570579269590115473e+03 3.585004208000000000e+09
6.579593665321010121e+03 1.525327122000000000e+09
6.599638684474842194e+03 6.029385330000000000e+08
6.595435321735763864e+03 1.007839754000000000e+09
6.574983344956338442e+03 3.925263565000000000e+09
6.593320566994273577e+03 1.015067591000000000e+09
6.570812105047431032e+03 1.309458020000000000e+09
6.576319540327902359e+03 4.090381156000000000e+09
6.584256381632772900e+03 1.992134759000000000e+09
6.580866847758044969e+03 3.270803920000000000e+09
6.589296217744130445e+03 2.153812505000000000e+09
6.580223288904920992e+03 2.122031610000000000e+09
6.576688959435710785e+03 2.617978412000000000e+09
6.600719647590226486e+03 2.186630002000000000e+09
6.589393329512071432e+03 1.884672247000000000e+09
6.584623438885180803e+03 1.297869677000000000e+09
6.568467885771051442e+03 3.347315583000000000e+09
6.575193804602603450e+03 3.169753632000000000e+09
6.576357584905788826e+03 3.644655768000000000e+09
6.586041081778970693e+03 3.968026885000000000e+09
6.571818538862717105e+03 1.462821632000000000e+09
6.584092023088131100e+03 2.875375924000000000e+09
6.594395211871667925e+03 2.290493841000000000e+09
6.594970910904004995e+03 1.498781351000000000e+09
6.590674926635882002e+03 3.710151693000000000e+09
6.610586687780029933e+03 3.795960830000000000e+08
6.578638300567787155e+03 4.576642100000000000e+08
6.593358483900719875e+03 3.125956537000000000e+09
6.580375376652873456e+03 9.740849000000000000e+06
6.591806897820737504e+03 3.109924722000000000e+09
6.568509728990502481e+03 3.192077530000000000e+08
6.587729313903952061e+03 3.432084622000000000e+09
6.604245865296174088e+03 9.124279730000000000e+08
6.575623774837896235e+03 2.055663667000000000e+09
6.589745046288153389e+03 4.893802060000000000e+08
6.597369896973004870e+03 2.315762389000000000e+09
6.604362297667112216e+03 2.782306077000000000e+09
6.584464270251262860e+03 4.081651327000000000e+09
6.568427051839756132e+03 3.249086181000000000e+09
6.599780789394654676e+03 8.708500800000000000e+07
6.582675346947600701e+03 4.236545075000000000e+09
6.569076675968094605e+03 1.254199072000000000e+09
6.572443522423505783e+03 2.100538065000000000e+09
6.597361159837365449e+03 9.170279710000000000e+08
6.594768433232113239e+03 4.076813694000000000e+09
6.561786820132272624e+03 3.619403469000000000e+09
6.570780793582165643e+03 9.865621620000000000e+08
6.598104331104043013e+03 1.902467526000000000e+09
6.572990688625694929e+03 1.616412731000000000e+09
6.568317527379332205e+03 2.514948108000000000e+09
6.599597298501474143e+03 1.999832308000000000e+09
6.591914122286430029e+03 1.648153171000000000e+09
6.586341267993661859e+03 2.038975753000000000e+09
6.586341828022010304e+03 1.289416186000000000e+09
6.567267787110416975e+03 2.790916546000000000e+09
6.589881602945310078e+03 8.844352520000000000e+08
6.565755172585979381e+03 1.503624407000000000e+09
6.604896838592516360e+03 2.899405961000000000e+09
6.591466992805040718e+03 3.996625370000000000e+09
6.591154985608520292e+03 1.274329860000000000e+08
6.557583515811063990e+03 5.872237380000000000e+08
6.583702284492606850e+03 4.535343300000000000e+07
6.582192286852515281e+03 1.551036292000000000e+09
6.609945411792673440e+03 6.923843870000000000e+08
6.586625400529519538e+03 1.359747524000000000e+09
6.584521556167713243e+03 3.796507208000000000e+09
6.602815029284578486e+03 3.927089081000000000e+09
6.566509943473088242e+03 2.239901857000000000e+09
6.600115967726123017e+03 4.277161845000000000e+09
6.572676318384284968e+03 3.142700247000000000e+09
6.581536945715447473e+03 2.747998572000000000e+09
6.568848711374326740e+03 2.063906858000000000e+09
6.588676490734729668e+03 2.385773073000000000e+09
6.564481020699141482e+03 4.556764400000000000e+08
6.574157509628679691e+03 1.835791970000000000e+09
6.602093493253261840e+03 1.740869429000000000e+09
6.562049433677131674e+03 4.271770649000000000e+09
6.607675065624071067e+03 3.114458313000000000e+09
6.575098436098453021e+03 2.255309530000000000e+08
6.565479652596777669e+03 3.683583382000000000e+09
6.565441714653735289e+03 1.827089967000000000e+09
6.583054166548846297e+03 2.268089700000000000e+09
6.581517081437096749e+03 3.478828137000000000e+09
6.590018397112037746e+03 1.875683413000000000e+09
6.587984940429321796e+03 2.231408992000000000e+09
6.569203218237845249e+03 3.111654532000000000e+09
6.607008942388027208e+03 1.168540868000000000e+09
6.597615219022347446e+03 2.223110714000000000e+09
6.579309850177889530e+03 2.153704463000000000e+09
6.597421379783249904e+03 3.732775344000000000e+09
6.577618882922197372e+03 1.661554767000000000e+09
6.594444803223324925e+03 3.201521031000000000e+09
6.574522329642730256e+03 2.698028573000000000e+09
6.588621338834485869e+03 4.766701230000000000e+08
6.587285976781417958e+03 3.496700504000000000e+09
6.556085274992823543e+03 3.072499267000000000e+09
6.568917313616997490e+03 7.668767220000000000e+08
6.574672770290621884e+03 1.696022694000000000e+09
6.606469162422756199e+03 1.479312591000000000e+09
6.572340088861105869e+03 3.086578464000000000e+09
6.604318683292602145e+03 1.596761547000000000e+09
6.582697636500370209e+03 1.746790794000000000e+09
6.583744960900025944e+03 1.843352963000000000e+09
6.589952424574508768e+03 3.286965238000000000e+09
6.599537828133824405e+03 1.119532390000000000e+08
6.604552991412586380e+03 2.818788850000000000e+08
6.571349991069398129e+03 2.478345713000000000e+09
6.593551328480990378e+03 7.978556790000000000e+08
6.592658320766107863e+03 1.609916727000000000e+09
6.580170896313868070e+03 8.909904710000000000e+08
6.584413659343347717e+03 2.492694860000000000e+09
6.592550160520311692e+03 2.688718330000000000e+08
6.600283584556397727e+03 6.361767320000000000e+08
6.582891074074517746e+03 1.212399803000000000e+09
6.575266605634689768e+03 1.107567806000000000e+09
6.583014764695441954e+03 1.673003052000000000e+09
6.579718505434669169e+03 1.446032269000000000e+09
6.580051710547088987e+03 2.777964298000000000e+09
6.575360383574333355e+03 2.662191016000000000e+09
6.571270700153940197e+03 1.357257627000000000e+09
6.567687008007455006e+03 1.008780132000000000e+09
6.562322961451806805e+03 3.522529248000000000e+09
6.591464981483398333e+03 8.184533490000000000e+08
6.591787697199256399e+03 2.004876291000000000e+09
6.573540642489326274e+03 3.334161430000000000e+08
6.596618779799944605e+03 7.414988660000000000e+08
6.583946321998158965e+03 4.259807629000000000e+09
6.579349667241217503e+03 2.649611793000000000e+09
6.595742744075795599e+03 1.039136591000000000e+09
6.585512006471205495e+03 1.137265295000000000e+09
6.571973056219892896e+03 4.226553660000000000e+08
6.557458164553956522e+03 1.211544227000000000e+09
6.591927031261408047e+03 2.051136630000000000e+08
6.608489514896800756e+03 3.003768607000000000e+09
6.585993316220184170e+03 3.672347317000000000e+09
6.571646538193810557e+03 1.629285664000000000e+09
6.594618505926218859e+03 1.173768268000000000e+09
6.571700803816212101e+03 2.109938143000000000e+09
6.596580915997713419e+03 1.034920010000000000e+09
6.566069546642161185e+03 2.325615247000000000e+09
6.589920175881475188e+03 2.076398815000000000e+09
6.588107774785391484e+03 3.997085573000000000e+09
6.600232450952299587e+03 8.795497850000000000e+08
6.590046828115510834e+03 3.100296870000000000e+09
6.602476030635372808e+03 3.630354888000000000e+09
6.572839092539332341e+03 2.073912686000000000e+09
6.600227814655789189e+03 7.246678600000000000e+08
6.594233153000693164e+03 3.108156712000000000e+09
6.599653709449648886e+03 4.087846310000000000e+08
6.594976516745953631e+03 1.055367365000000000e+09
6.580687081752777885e+03 3.592921062000000000e+09
6.557655752705764826e+03 1.240940851000000000e+09
6.592590991508403022e+03 3.955646812000000000e+09
6.580173487791099433e+03 2.648721966000000000e+09
6.569233841280754859e+03 3.035722080000000000e+08
6.590101827938483439e+03 2.841414021000000000e+09
6.590529085726531775e+03 3.247955704000000000e+09
6.599271059827624413e+03 8.525480660000000000e+08
6.599308484556606345e+03 4.529800960000000000e+08
6.584231252416756433e+03 4.074616536000000000e+09
6.573712263840733613e+03 3.156209922000000000e+09
6.589837129335579448e+03 2.937011435000000000e+09
6.603755698345879864e+03 4.253242134000000000e+09
6.583214955537244350e+03 5.747470950000000000e+08
6.585454566339245503e+03 1.790190541000000000e+09
6.588315877963195817e+03 2.876182967000000000e+09
6.581867546411374860e+03 4.036389278000000000e+09
6.597608782519933811e+03 2.945249042000000000e+09
6.568134381671990013e+03 4.474281300000000000e+07
6.581495824221023213e+03 4.162200195000000000e+09
6.583403508567671452e+03 5.442245150000000000e+08
6.588449961636342778e+03 2.949418529000000000e+09
6.608415539646946854e+03 4.116931855000000000e+09
6.606758305424842547e+03 3.837917500000000000e+07
6.588594985135312527e+03 1.073177511000000000e+09
6.598738011875811026e+03 3.749856170000000000e+09
6.576868428257542291e+03 3.983174457000000000e+09
6.607504024284906336e+03 1.460908974000000000e+09
6.568626524521788269e+03 1.059810371000000000e+09
6.571873471873796007e+03 3.739468002000000000e+09
6.574438107160355685e+03 1.545293586000000000e+09
6.603443299703534649e+03 7.480259040000000000e+08
6.580868620452431969e+03 2.222587327000000000e+09
6.581264935856916054e+03 1.141279572000000000e+09
6.597614222608655837e+03 1.876721428000000000e+09
6.596429510307651981e+03 1.871549305000000000e+09
6.598404861650554267e+03 3.338795011000000000e+09
6.594185751732471545e+03 1.101974790000000000e+09
6.586187657944396960e+03 1.734792840000000000e+08
6.585686044472794492e+03 1.598606958000000000e+09
6.585671533428057955e+03 1.779831215000000000e+09
6.577639284573029727e+03 3.549817169000000000e+09
6.581536416857397853e+03 1.526983808000000000e+09
6.576117623486770754e+03 3.060957290000000000e+08
6.576707430715024202e+03 1.162201195000000000e+09
6.582759686669948678e+03 2.913550964000000000e+09
6.594754671136520301e+03 2.186137448000000000e+09
6.559767817907699282e+03 2.969776707000000000e+09
6.597718543831393617e+03 1.958853851000000000e+09
6.569483008589759265e+03 2.081675484000000000e+09
6.599542990510763047e+03 8.722170170000000000e+08
6.585271806595770613e+03 1.007079696000000000e+09
6.586761507830392475e+03 4.072392531000000000e+09
6.574041348368489707e+03 3.675585498000000000e+09
6.592993693984013589e+03 2.068897476000000000e+09
6.567076943794594627e+03 3.465717763000000000e+09
6.599194662901912125e+03 2.977198862000000000e+09
6.580980502187018828e+03 7.278956000000000000e+07
6.596433343596761915e+03 1.781799556000000000e+09
6.588744653710282364e+03 3.922017467000000000e+09
6.573760135031232494e+03 2.583289631000000000e+09
6.569713982352815947e+03 2.022894776000000000e+09
6.589629340046445577e+03 3.971228630000000000e+08
6.574062826997113916e+03 1.860861656000000000e+09
6.585827020858456308e+03 4.112830731000000000e+09
6.590404295833633114e+03 3.773781521000000000e+09
6.594594300238108190e+03 3.353800735000000000e+09
6.589637707864925687e+03 9.007745630000000000e+08
6.603930471604724517e+03 4.224419800000000000e+08
6.572316811688998314e+03 1.601572562000000000e+09
6.585596340193407741e+03 7.537584990000000000e+08
6.580775498385216451e+03 3.353584163000000000e+09
6.555715173278522343e+03 3.590946957000000000e+09
6.596413516580720170e+03 3.175099469000000000e+09
6.580922252318086976e+03 3.000913133000000000e+09
6.599427905250504409e+03 2.588477351000000000e+09
6.547785034070851907e+03 2.692117542000000000e+09
6.592201968311091150e+03 3.599951853000000000e+09
6.576941937814148332e+03 1.482696270000000000e+09
6.600122312240601786e+03 2.222358220000000000e+08
6.599545900561357485e+03 9.847921340000000000e+08
6.594903483175263318e+03 3.964359777000000000e+09
6.579577608551209778e+03 3.807238828000000000e+09
6.600313547004740940e+03 3.188331920000000000e+09
6.591100667149146830e+03 2.997067784000000000e+09
6.590065272787140202e+03 2.448093764000000000e+09
6.587745890622170919e+03 9.666170690000000000e+08
6.554848371153556400e+03 3.994947407000000000e+09
6.593339909442051976e+03 6.225463310000000000e+08
6.587165646317037499e+03 3.197536030000000000e+09
6.570038080908376287e+03 3.657836712000000000e+09
6.597295405364566250e+03 1.572568964000000000e+09
6.580912374153695055e+03 2.941692422000000000e+09
6.581647601116432270e+03 7.157899900000000000e+08
6.586189243340397297e+03 9.257814020000000000e+08
6.559752146009543139e+03 2.920121047000000000e+09
6.553175479828783864e+03 4.076286315000000000e+09
6.559752216254548330e+03 6.636359330000000000e+08
6.584118786955425094e+03 4.730440970000000000e+08
6.595309148835493033e+03 3.762269262000000000e+09
6.589095855546468556e+03 6.293053630000000000e+08
6.596609124078850073e+03 3.930417171000000000e+09
6.577420354150178355e+03 1.678634852000000000e+09
6.604134598985336197e+03 2.443302430000000000e+08
6.609673350117460359e+03 2.264104944000000000e+09
6.566133830771204885e+03 3.843637242000000000e+09
6.591441042743441358e+03 4.116172644000000000e+09
6.571902561540287934e+03 4.113896087000000000e+09
6.591951761954815083e+03 1.833577327000000000e+09
6.598383875727879058e+03 6.040388270000000000e+08
6.594309705742048209e+03 2.380554934000000000e+09
6.592990620084166039e+03 3.708743607000000000e+09
