# Lens_likelihood 	 seed
6.625792055440513650e+03 7.169528920000000000e+08
6.618020211976250721e+03 9.572776400000000000e+07
6.633754960858726008e+03 2.145951289000000000e+09
6.661716032230076053e+03 7.294810840000000000e+08
6.600922713060239403e+03 3.073737054000000000e+09
6.587748258432326111e+03 3.611073236000000000e+09
6.629025435635610847e+03 3.262372191000000000e+09
6.631786991013455008e+03 7.681505040000000000e+08
6.640055374466388457e+03 5.150678900000000000e+07
6.639898469992722312e+03 1.605899333000000000e+09
6.652662026421663541e+03 1.006651639000000000e+09
6.649640426977467541e+03 5.046487740000000000e+08
6.568814454137875146e+03 7.148100730000000000e+08
6.601700740112459243e+03 9.809797250000000000e+08
6.607575014922304035e+03 4.749678300000000000e+08
6.617843464866456998e+03 1.467064020000000000e+09
6.625977112378070160e+03 1.765974174000000000e+09
6.643536273062972214e+03 1.337540549000000000e+09
6.634065975942772639e+03 2.229010420000000000e+08
6.592447453389033399e+03 2.401141993000000000e+09
6.546655785832159381e+03 1.380688351000000000e+09
6.625642421081711291e+03 4.106892092000000000e+09
6.608350676691152330e+03 8.437728620000000000e+08
6.616071368374534359e+03 7.318159570000000000e+08
6.661883239222001066e+03 1.157527172000000000e+09
6.602814466634440578e+03 1.605765228000000000e+09
6.666408352804650349e+03 1.140385783000000000e+09
6.665710635837876907e+03 5.881356320000000000e+08
6.658435893689342265e+03 3.580278747000000000e+09
6.636490642983866564e+03 4.137777112000000000e+09
6.626468752549021701e+03 3.509827552000000000e+09
6.654396408337159301e+03 1.497815877000000000e+09
6.608505623043629384e+03 4.037895372000000000e+09
6.666135173654638493e+03 3.571289891000000000e+09
6.656362817566419835e+03 2.060463240000000000e+09
6.589891072738238108e+03 3.498868968000000000e+09
6.629397551326423127e+03 6.613482510000000000e+08
6.610376096978671740e+03 2.659962439000000000e+09
6.604856159799195666e+03 3.312512621000000000e+09
6.590648670868892623e+03 3.794232359000000000e+09
6.618181198023093202e+03 1.430694399000000000e+09
6.670018368251192442e+03 2.113371524000000000e+09
6.626383583114446083e+03 1.902762534000000000e+09
6.625239155166817000e+03 2.327432460000000000e+09
6.613717626520632621e+03 2.241181092000000000e+09
6.636400898628859068e+03 2.772385012000000000e+09
6.594278223513289049e+03 2.344059364000000000e+09
6.640018966430578985e+03 5.554445310000000000e+08
6.647147730985605449e+03 3.612640568000000000e+09
6.620480114246101948e+03 2.848998829000000000e+09
6.686077313116446021e+03 3.785767599000000000e+09
6.626808705236016976e+03 2.582574850000000000e+08
6.556855673145562832e+03 2.027982716000000000e+09
6.692141285353882267e+03 2.654310240000000000e+08
6.678989758673043070e+03 3.736880113000000000e+09
6.616082598714732740e+03 1.036477412000000000e+09
6.654359383181597877e+03 2.741252386000000000e+09
6.616287892871942859e+03 3.352624028000000000e+09
6.616010893671133090e+03 2.461871582000000000e+09
6.576021800322911986e+03 1.270393007000000000e+09
6.629725688736121811e+03 6.223074570000000000e+08
6.598197801668731699e+03 2.548472930000000000e+08
6.674972630781436237e+03 1.118338417000000000e+09
6.651473655190768113e+03 6.360447500000000000e+07
6.624015496420462114e+03 1.565592374000000000e+09
6.659699649514263001e+03 3.541983785000000000e+09
6.625707840422733170e+03 2.076042297000000000e+09
6.647187983052408526e+03 1.310081645000000000e+09
6.656641104631795315e+03 3.297606362000000000e+09
6.661589864960150408e+03 2.677618937000000000e+09
6.630723222500460906e+03 1.394563483000000000e+09
6.646823672756150700e+03 3.133729951000000000e+09
6.643470167959092578e+03 7.914537560000000000e+08
6.647841984410526493e+03 3.387056468000000000e+09
6.616917872665228060e+03 4.418822460000000000e+08
6.629404160472649892e+03 3.722252975000000000e+09
6.643142329955682726e+03 1.130253067000000000e+09
6.610790813088833602e+03 2.756641097000000000e+09
6.672699682545723590e+03 2.609755076000000000e+09
6.633308493766689935e+03 4.312643090000000000e+08
6.625307760582869378e+03 3.630094726000000000e+09
6.585939596628456457e+03 7.389488500000000000e+07
6.606465744035792341e+03 3.776710950000000000e+08
6.633298530653613852e+03 7.041577300000000000e+07
6.652300903456221931e+03 5.970723360000000000e+08
6.566921678533322847e+03 1.157658476000000000e+09
6.652698765267056842e+03 2.687394560000000000e+09
6.599724148540310125e+03 4.014268507000000000e+09
6.652608370659362663e+03 2.728848520000000000e+08
6.622874323147458199e+03 3.306947856000000000e+09
6.581110020877146781e+03 1.685165838000000000e+09
6.600239110064173474e+03 1.966541479000000000e+09
6.627544371475403750e+03 1.963858530000000000e+08
6.565605110840218913e+03 9.543053080000000000e+08
6.645118527817208815e+03 8.190478420000000000e+08
6.595997686426037035e+03 9.585500600000000000e+07
6.652418393891449341e+03 3.613169940000000000e+09
6.604854797241174310e+03 2.452330488000000000e+09
6.641899761008398855e+03 2.799907193000000000e+09
6.575085497421012406e+03 2.947959903000000000e+09
6.614495241933659599e+03 6.321639500000000000e+07
6.598722731036676123e+03 1.379297548000000000e+09
6.630909033644880765e+03 6.771463370000000000e+08
6.647277704259545317e+03 2.809806510000000000e+09
6.652747065630745965e+03 9.293014250000000000e+08
6.643257946245606945e+03 3.559504190000000000e+09
6.619708831693014872e+03 4.039593446000000000e+09
6.617088518398511951e+03 1.411447647000000000e+09
6.638880538517010791e+03 2.195494920000000000e+08
6.597798189089578955e+03 4.069953907000000000e+09
6.578912561394256045e+03 2.959586190000000000e+09
6.648978096153837214e+03 2.549683750000000000e+08
6.684515780392976012e+03 1.021429003000000000e+09
6.592256828389981820e+03 2.043800465000000000e+09
6.672612392740201358e+03 1.601841972000000000e+09
6.609138923904906733e+03 9.473332840000000000e+08
6.607008856242873662e+03 2.946281964000000000e+09
6.676069535929899757e+03 1.584948048000000000e+09
6.626417201058713545e+03 1.946213070000000000e+09
6.631197374867389954e+03 1.750039973000000000e+09
6.617799214714707887e+03 3.988584118000000000e+09
6.595538488590687848e+03 4.130035827000000000e+09
6.607665223627525847e+03 4.190996676000000000e+09
6.571269822662935439e+03 2.711181051000000000e+09
6.663095748684372666e+03 2.577535197000000000e+09
6.684922905731975334e+03 2.864775069000000000e+09
6.604749719310212640e+03 1.401455482000000000e+09
6.595727190717103440e+03 3.534072980000000000e+08
6.598369618219120639e+03 1.774193154000000000e+09
6.655774194027885642e+03 3.690557908000000000e+09
6.638325116958910257e+03 1.491570631000000000e+09
6.632577557014155900e+03 2.063792670000000000e+09
6.662811105965351089e+03 1.067208449000000000e+09
6.553020733469888910e+03 3.154527269000000000e+09
6.616141628452126497e+03 4.040564047000000000e+09
6.648531240934449670e+03 1.168555240000000000e+09
6.639237564491114426e+03 4.147757644000000000e+09
6.592327816535329475e+03 3.462400511000000000e+09
6.652469508888676501e+03 2.793660956000000000e+09
6.611114209236380702e+03 3.378994414000000000e+09
6.648915590662252725e+03 4.004682010000000000e+09
6.646537705132700466e+03 4.230301631000000000e+09
6.630390720565210358e+03 9.154843490000000000e+08
6.653535054695465078e+03 1.423239327000000000e+09
6.678036556966280841e+03 2.202937465000000000e+09
6.627464258128567053e+03 1.594491123000000000e+09
6.643729392873477991e+03 3.230403930000000000e+09
6.604058894539026369e+03 2.628748324000000000e+09
6.591407289170467266e+03 4.337420620000000000e+08
6.633893312365520615e+03 1.865682492000000000e+09
6.620624031903642390e+03 3.712957898000000000e+09
6.581036427159444429e+03 4.270994151000000000e+09
6.634350000262907088e+03 1.197981056000000000e+09
6.628200070478040288e+03 2.397226140000000000e+09
6.634100236117837085e+03 4.203502882000000000e+09
6.604207598285011045e+03 2.344982114000000000e+09
6.689691647132658545e+03 4.292258429000000000e+09
6.594441310402051386e+03 1.944900489000000000e+09
6.625936912597934679e+03 2.061384375000000000e+09
6.660050884457297798e+03 1.929205602000000000e+09
6.591783884437107190e+03 3.039300648000000000e+09
6.648401089325107023e+03 6.389592870000000000e+08
6.648592747701604821e+03 3.115748549000000000e+09
6.608480137454464966e+03 2.084606625000000000e+09
6.655995793839460021e+03 1.814313464000000000e+09
6.672606911758205570e+03 1.081523200000000000e+09
6.659629009550316368e+03 7.293818210000000000e+08
6.661798075149188662e+03 1.376358216000000000e+09
6.639934434106311528e+03 3.350072933000000000e+09
6.660998338069626698e+03 9.664262890000000000e+08
6.587561091718202078e+03 2.989554762000000000e+09
6.631898665734323004e+03 3.303537002000000000e+09
6.662768192142646512e+03 2.055855088000000000e+09
6.630313670965182610e+03 2.866432652000000000e+09
6.611401105052262210e+03 3.733505002000000000e+09
6.594851613733487284e+03 2.583196192000000000e+09
6.647662998638924364e+03 2.922255904000000000e+09
6.641652700221478881e+03 3.065198684000000000e+09
6.618298562360650067e+03 4.282003534000000000e+09
6.633257029429350951e+03 7.605363640000000000e+08
6.567569202272041366e+03 1.137819041000000000e+09
6.627351151509115880e+03 2.372509770000000000e+09
6.612992407298876060e+03 1.180149153000000000e+09
6.669413617949117906e+03 3.630727108000000000e+09
6.611962067948983531e+03 3.140677641000000000e+09
6.629392804527215048e+03 3.710477024000000000e+09
6.633178146874606682e+03 1.460609548000000000e+09
6.582029190834031397e+03 3.744984392000000000e+09
6.587994920522761277e+03 4.128313542000000000e+09
6.691408058345909012e+03 4.147476630000000000e+09
6.650575762263239085e+03 4.311128810000000000e+08
6.647093759602974387e+03 1.164088015000000000e+09
6.560196023188444997e+03 2.604540916000000000e+09
6.654728550729825656e+03 1.801043737000000000e+09
6.621674512625433636e+03 3.445585936000000000e+09
6.659643769016427541e+03 2.955695317000000000e+09
6.650681685919855227e+03 4.090575520000000000e+09
6.637498744269968483e+03 3.084202225000000000e+09
6.626213914978274261e+03 2.813510204000000000e+09
6.612613878172228397e+03 2.172458607000000000e+09
6.605918537818761251e+03 3.306341597000000000e+09
6.572865255454200451e+03 2.267194825000000000e+09
6.565898755204017107e+03 2.661710652000000000e+09
6.601107994023639549e+03 7.119388370000000000e+08
6.588889685674092107e+03 3.501226133000000000e+09
6.595200632783365108e+03 1.451473716000000000e+09
6.594755534041287319e+03 2.198428162000000000e+09
6.603727810685785698e+03 3.181625200000000000e+09
6.628479853801000900e+03 3.420980184000000000e+09
6.558484452095320194e+03 3.934813235000000000e+09
6.660712421232115048e+03 4.225858826000000000e+09
6.645583566157503810e+03 3.500365900000000000e+09
6.649486806242222883e+03 2.408072909000000000e+09
6.601424906154615201e+03 3.293565821000000000e+09
6.597183172524373731e+03 3.207271844000000000e+09
6.600843776891784728e+03 3.603174820000000000e+09
6.644611496621502738e+03 2.825174035000000000e+09
6.586504101003381948e+03 3.330728226000000000e+09
6.602394256489105828e+03 2.094743849000000000e+09
6.615459392389240747e+03 2.453121356000000000e+09
6.637917376022529425e+03 2.274154590000000000e+09
6.629553169980210441e+03 1.327999021000000000e+09
6.692389821479745478e+03 3.865388619000000000e+09
6.670668172087951461e+03 1.709950805000000000e+09
6.630399178751355976e+03 2.385072988000000000e+09
6.632029068422840282e+03 2.108955711000000000e+09
6.654157770228654044e+03 3.485776709000000000e+09
6.648196680328213006e+03 7.509481660000000000e+08
6.545237264961229812e+03 3.713663539000000000e+09
6.622146938632108686e+03 4.155831297000000000e+09
6.653173450911276632e+03 2.681338390000000000e+09
6.615611543762260226e+03 3.691601550000000000e+09
6.615333456339928489e+03 3.481282400000000000e+09
6.624440028773273298e+03 7.731291270000000000e+08
6.678003304988892523e+03 3.211008779000000000e+09
6.576236602909404610e+03 2.631065630000000000e+09
6.621774268230634334e+03 2.102815280000000000e+09
6.681072697852659076e+03 2.044434063000000000e+09
6.588654147020612072e+03 3.609714418000000000e+09
6.638933928699809258e+03 1.579733133000000000e+09
6.632938670297977296e+03 3.201339563000000000e+09
6.647549104811457255e+03 2.570556544000000000e+09
6.610579945608944399e+03 2.724701180000000000e+09
6.671565123368620334e+03 2.439814491000000000e+09
6.672434608109751935e+03 5.577297040000000000e+08
6.609207034431028660e+03 4.131780501000000000e+09
6.606519182599822670e+03 3.591849477000000000e+09
6.613082927092283171e+03 2.814979643000000000e+09
6.618802284802979557e+03 2.211575250000000000e+08
6.622552247706454182e+03 3.992611177000000000e+09
6.652916403484423427e+03 2.031338300000000000e+07
6.605242626298466348e+03 1.152729197000000000e+09
6.657766460609180285e+03 5.588897870000000000e+08
6.648933758536785717e+03 8.739152540000000000e+08
6.679430118194960414e+03 3.011932332000000000e+09
6.629582823582471974e+03 3.515549107000000000e+09
6.614126600719150701e+03 7.637184850000000000e+08
6.639642310001123406e+03 3.173490913000000000e+09
6.614761266389383309e+03 2.087166135000000000e+09
6.660616387727463007e+03 3.117119920000000000e+09
6.613167728466283734e+03 3.909775660000000000e+09
6.643684977696856549e+03 3.162707364000000000e+09
6.638566488745409515e+03 4.130123627000000000e+09
6.690409247046565724e+03 2.294184801000000000e+09
6.597573054706676885e+03 2.871587510000000000e+09
6.643623783356693821e+03 2.106454164000000000e+09
6.642344023327988907e+03 8.276366400000000000e+07
6.575865844019769611e+03 9.975343220000000000e+08
6.618436791351874490e+03 1.349763008000000000e+09
6.644084385845284487e+03 1.897772511000000000e+09
6.641877802312017593e+03 4.213875480000000000e+08
6.606077980895053770e+03 4.449963040000000000e+08
6.644593340321700452e+03 1.755327427000000000e+09
6.621971142053764197e+03 1.140465237000000000e+09
6.611940426620754806e+03 3.287777268000000000e+09
6.640639496817644613e+03 3.117577910000000000e+09
6.606371041448471260e+03 3.312158570000000000e+09
6.575406897987990305e+03 3.171577358000000000e+09
6.630450806809342794e+03 6.542539140000000000e+08
6.621383434004836090e+03 3.091541378000000000e+09
6.607266285251756926e+03 1.601162281000000000e+09
6.657982737047510454e+03 1.986858166000000000e+09
6.616383973400042123e+03 9.638729130000000000e+08
6.644839868370129807e+03 6.971645120000000000e+08
6.653851729237947438e+03 5.304774530000000000e+08
6.550056273824079653e+03 2.502892193000000000e+09
6.591780941182074457e+03 2.707859674000000000e+09
6.687233292521489602e+03 2.706815291000000000e+09
6.684541202230557246e+03 1.515904419000000000e+09
6.591743668144439653e+03 2.099355721000000000e+09
6.637856706282362211e+03 1.573996833000000000e+09
6.632615368487728119e+03 3.019302496000000000e+09
6.626666071164750974e+03 2.383645571000000000e+09
6.602380410080151705e+03 2.796116523000000000e+09
6.627785075666783086e+03 2.051304607000000000e+09
6.626556193736903879e+03 4.977456900000000000e+08
6.595743394837923915e+03 1.268764320000000000e+09
6.574146341941227547e+03 6.292281120000000000e+08
6.611079125814580038e+03 8.970329730000000000e+08
6.628015975635378709e+03 1.070092692000000000e+09
6.633663752844851842e+03 1.971884105000000000e+09
6.617956148369570656e+03 2.004454751000000000e+09
6.630998652022993156e+03 3.425437505000000000e+09
6.614778990954178880e+03 7.801826230000000000e+08
6.611050943739557624e+03 2.117579364000000000e+09
6.659166804570208114e+03 2.425531844000000000e+09
6.635468912796969562e+03 2.454479350000000000e+09
6.617757068491077007e+03 5.447589420000000000e+08
6.596978487868216689e+03 1.786220154000000000e+09
6.694262078634581485e+03 4.264623014000000000e+09
6.666881353578701237e+03 1.686879173000000000e+09
6.595624038160436612e+03 3.687291410000000000e+09
6.660792870090435827e+03 2.645987648000000000e+09
6.673604559254416927e+03 4.261331450000000000e+09
6.627611917544214521e+03 3.958242781000000000e+09
6.595993572413221955e+03 3.186152910000000000e+09
6.628659107626295736e+03 1.053325809000000000e+09
6.622605622863691679e+03 5.444515190000000000e+08
6.593654094097509187e+03 2.629979334000000000e+09
6.640104181162951136e+03 3.859452572000000000e+09
6.650642771099064703e+03 6.612103660000000000e+08
6.597142187364892379e+03 3.949717120000000000e+09
6.578278853853538749e+03 3.101392302000000000e+09
6.660654142062126994e+03 3.072143127000000000e+09
6.612143855687780160e+03 2.663690979000000000e+09
6.605792497356342210e+03 1.502737804000000000e+09
6.622331820994967529e+03 4.006105419000000000e+09
6.645941736498901264e+03 3.639516807000000000e+09
6.642945330495533199e+03 1.296076259000000000e+09
6.608149685363325261e+03 6.484721780000000000e+08
6.658106793925229795e+03 1.775486681000000000e+09
6.665658765415953894e+03 2.216127419000000000e+09
6.611991651940032170e+03 1.329698753000000000e+09
6.634756514717022583e+03 1.716820030000000000e+08
6.630976647528876128e+03 2.390125350000000000e+09
6.614023169789054009e+03 3.623723285000000000e+09
6.597670302282058401e+03 8.199687580000000000e+08
6.630237649618764408e+03 1.990083026000000000e+09
6.633792036828395794e+03 4.199628315000000000e+09
6.626891105175166558e+03 3.187815547000000000e+09
6.609525006648189446e+03 8.871301200000000000e+08
6.641242834729594506e+03 2.587683586000000000e+09
6.536258610524650067e+03 2.994971976000000000e+09
6.635421750404766499e+03 1.760542554000000000e+09
6.617474730016439025e+03 3.721335428000000000e+09
6.630210304326570622e+03 2.842330393000000000e+09
6.555968121084200902e+03 2.634266765000000000e+09
6.660564413319645610e+03 2.835779917000000000e+09
6.639300968504801858e+03 2.970246244000000000e+09
6.613415981342141095e+03 1.970023720000000000e+08
