# Lens_likelihood 	 seed
6.697883347710730959e+03 1.040650457000000000e+09
6.699561107985674425e+03 3.504257900000000000e+09
6.694487346962027004e+03 4.273441727000000000e+09
6.702567206798719781e+03 4.941287290000000000e+08
6.687709727236235267e+03 3.564082478000000000e+09
6.701999180241625254e+03 2.914330578000000000e+09
6.681392331547207505e+03 1.265214156000000000e+09
6.696406772274553077e+03 2.821209105000000000e+09
6.676611882096307454e+03 3.333721381000000000e+09
6.687794336583111544e+03 1.413371268000000000e+09
6.694300063383756424e+03 2.722519563000000000e+09
6.696876783008631719e+03 4.041604364000000000e+09
6.672236461573639644e+03 3.029027870000000000e+08
6.694346772090320883e+03 3.521370210000000000e+09
6.699019750222649236e+03 3.279030534000000000e+09
6.694962044915790102e+03 8.806986890000000000e+08
6.691964592965363408e+03 2.370588804000000000e+09
6.693902095493984234e+03 9.975440970000000000e+08
6.687042181340088064e+03 1.789385292000000000e+09
6.698139268308275859e+03 4.148100658000000000e+09
6.698807118922988593e+03 3.129276322000000000e+09
6.694218848884256658e+03 2.924101895000000000e+09
6.706250937757095016e+03 1.408372120000000000e+08
6.682608134713466825e+03 1.754023566000000000e+09
6.697171835341206133e+03 1.599815895000000000e+09
6.685228532355612515e+03 2.303400733000000000e+09
6.686397233777030124e+03 2.961587553000000000e+09
6.696012805269573619e+03 6.301724590000000000e+08
6.702591182346017376e+03 2.594901762000000000e+09
6.689565122150094794e+03 2.243606159000000000e+09
6.692036032550961863e+03 2.300626276000000000e+09
6.673550418531357536e+03 2.397841629000000000e+09
6.692328969469825097e+03 9.900904710000000000e+08
6.705682212264677219e+03 2.526838790000000000e+08
6.688412689499155931e+03 3.715912870000000000e+08
6.704376183593818496e+03 1.895384937000000000e+09
6.696289202070626743e+03 2.963268843000000000e+09
6.703646664025929567e+03 1.954328311000000000e+09
6.675675459844852412e+03 1.513894286000000000e+09
6.675257509714495427e+03 1.611350087000000000e+09
6.691416916946189303e+03 1.579220580000000000e+08
6.697109491107905342e+03 5.401701240000000000e+08
6.700872821155075144e+03 3.200081696000000000e+09
6.689785939826195317e+03 3.390308030000000000e+09
6.688894524721010384e+03 6.300784600000000000e+08
6.688808313447851106e+03 1.035876871000000000e+09
6.687207934287182979e+03 2.060185354000000000e+09
6.682810388586569388e+03 3.019057715000000000e+09
6.696556340346423895e+03 1.541649625000000000e+09
6.672153936718145815e+03 5.126286620000000000e+08
6.682104186555705382e+03 1.589910619000000000e+09
6.690112557404062500e+03 3.327936570000000000e+08
6.695298400500785647e+03 1.657067344000000000e+09
6.695443589156468079e+03 1.219465146000000000e+09
6.693730348151858379e+03 1.474324819000000000e+09
6.677973869823103087e+03 2.654830387000000000e+09
6.686560166824664520e+03 3.686739210000000000e+09
6.684099739028424665e+03 1.352168263000000000e+09
6.697522489166478408e+03 4.252732810000000000e+08
6.699356683538690049e+03 2.535595321000000000e+09
6.696146998631614224e+03 1.623113610000000000e+09
6.696965789646940721e+03 3.037679620000000000e+09
6.686727372991895209e+03 1.636131274000000000e+09
6.682497286576179249e+03 2.148081247000000000e+09
6.687114273210563624e+03 1.063277370000000000e+08
6.691064904397380815e+03 4.196465340000000000e+09
6.682895877603261397e+03 2.741538959000000000e+09
6.670504249379679095e+03 3.853383933000000000e+09
6.695990393481549290e+03 1.173646058000000000e+09
6.681428311560360271e+03 3.586296866000000000e+09
6.696062444460159895e+03 4.088904440000000000e+08
6.677536008032808240e+03 4.065447380000000000e+08
6.674508095512883301e+03 1.696190596000000000e+09
6.700193582644668822e+03 4.767368130000000000e+08
6.672745159989215608e+03 3.640375755000000000e+09
6.694180217718165295e+03 1.149572301000000000e+09
6.701967132050801411e+03 1.319529490000000000e+09
6.683991829015764779e+03 3.330472126000000000e+09
6.688885576018264146e+03 3.425344512000000000e+09
6.673652722421101316e+03 1.148225657000000000e+09
6.689143136478095585e+03 2.251121928000000000e+09
6.693054711830189262e+03 2.906503116000000000e+09
6.703468011198399836e+03 2.113788174000000000e+09
6.675458229616400786e+03 2.868655220000000000e+09
6.694768538108515713e+03 2.718757878000000000e+09
6.671976529709632814e+03 1.129423237000000000e+09
6.700396544661169173e+03 1.896568513000000000e+09
6.690497852451935614e+03 4.209683764000000000e+09
6.691917062140917551e+03 2.785557295000000000e+09
6.699483132794905941e+03 4.391438570000000000e+08
6.690196581132669962e+03 3.512981244000000000e+09
6.706817622322235366e+03 2.557298981000000000e+09
6.685512056142747497e+03 2.905435187000000000e+09
6.690707844518246930e+03 3.546253065000000000e+09
6.691213989188464438e+03 4.150835362000000000e+09
6.686272035439372303e+03 3.411508616000000000e+09
6.700760915965591266e+03 2.976333874000000000e+09
6.682606617932221525e+03 1.559608361000000000e+09
6.692713600853311618e+03 1.497547045000000000e+09
6.698544254736965740e+03 1.756684560000000000e+08
6.693914892175844216e+03 1.846871520000000000e+08
6.694987691333922157e+03 8.568163200000000000e+08
6.691597839560179636e+03 9.925862200000000000e+08
6.684689180123650658e+03 2.912747014000000000e+09
6.688741457039991474e+03 3.184451382000000000e+09
6.676156113082754018e+03 2.257954259000000000e+09
6.693285656963507790e+03 7.373729180000000000e+08
6.690422367486246912e+03 2.167560367000000000e+09
6.701410900210075852e+03 1.147293870000000000e+08
6.700606665753661218e+03 8.109719750000000000e+08
6.684791597477669711e+03 2.862779351000000000e+09
6.673053683015525166e+03 2.391338430000000000e+08
6.707117780211593526e+03 1.696368964000000000e+09
6.684856038691918002e+03 2.643470840000000000e+09
6.666370684475004964e+03 3.407306194000000000e+09
6.700266422613530267e+03 5.328156160000000000e+08
6.696939736776812424e+03 5.326753030000000000e+08
6.698986830874959196e+03 1.750165966000000000e+09
6.707596474434287302e+03 3.547689382000000000e+09
6.683962454109047030e+03 2.385939291000000000e+09
6.694734437690137383e+03 3.674875579000000000e+09
6.688227310564451727e+03 1.102406887000000000e+09
6.686171127969069857e+03 2.413720719000000000e+09
6.692684233344118184e+03 4.163977723000000000e+09
6.698424061990082919e+03 3.620379485000000000e+09
6.663235946484201122e+03 1.247222001000000000e+09
6.710031601535636582e+03 2.565156685000000000e+09
6.684168547727086661e+03 4.651314720000000000e+08
6.682128769353750613e+03 1.557935236000000000e+09
6.694193106984687802e+03 1.095132106000000000e+09
6.689878936739924939e+03 3.493620360000000000e+08
6.690292602178542438e+03 2.324380126000000000e+09
6.680003700990260768e+03 6.807033690000000000e+08
6.695569363820521176e+03 2.806326698000000000e+09
6.697849631821783987e+03 2.767206076000000000e+09
6.705943096243261607e+03 4.283527212000000000e+09
6.683735033207220113e+03 3.610927105000000000e+09
6.705411218504974386e+03 3.352457320000000000e+08
6.693042636265133297e+03 1.703368705000000000e+09
6.696507587715202135e+03 1.472023678000000000e+09
6.694572318043466112e+03 2.549352289000000000e+09
6.703764905348519278e+03 2.940307454000000000e+09
6.698012740333751935e+03 1.873695228000000000e+09
6.686707107972887570e+03 4.100735596000000000e+09
6.709031575050912579e+03 3.552679283000000000e+09
6.698308211950861732e+03 2.290505908000000000e+09
6.699215232438929888e+03 3.651466070000000000e+09
6.706926312406743818e+03 1.474725447000000000e+09
6.687692238952633488e+03 3.601703436000000000e+09
6.691615925568816238e+03 1.157564055000000000e+09
6.712252779825966172e+03 1.895024220000000000e+09
6.685140925916960441e+03 1.779068836000000000e+09
6.697354250142654564e+03 1.810369213000000000e+09
6.691963936506540449e+03 1.983923699000000000e+09
6.706482486775942562e+03 1.528918542000000000e+09
6.690735199906221169e+03 4.218273886000000000e+09
6.689056608728390529e+03 2.109826189000000000e+09
6.690407592422814560e+03 1.992733417000000000e+09
6.706525038006605428e+03 1.115300172000000000e+09
6.680770353868376333e+03 3.767895068000000000e+09
6.701364090597189715e+03 2.919961542000000000e+09
6.683122114131218950e+03 4.849765800000000000e+08
6.703719645919514733e+03 3.139051320000000000e+09
6.679865595210259926e+03 2.085913045000000000e+09
6.698502382298385783e+03 1.783030600000000000e+07
6.678005888042825973e+03 2.404344246000000000e+09
6.697294274394784225e+03 3.810947130000000000e+08
6.701340453045177128e+03 1.405184189000000000e+09
6.682881355396564686e+03 2.193127340000000000e+09
6.677062217529570262e+03 3.609226114000000000e+09
6.719762630424754207e+03 2.959736286000000000e+09
6.690375039868042222e+03 3.217867598000000000e+09
6.676093149753569378e+03 1.393551024000000000e+09
6.684472623436065987e+03 2.711641341000000000e+09
6.707183404221468663e+03 1.081574710000000000e+08
6.702430774742908397e+03 2.039930452000000000e+09
6.687998318433451459e+03 3.091903700000000000e+07
6.698263358265046008e+03 1.535604382000000000e+09
6.675864973660109172e+03 1.054164982000000000e+09
6.693551776762640657e+03 3.524415283000000000e+09
6.675177993521841927e+03 4.252093489000000000e+09
6.706987400967567737e+03 7.058744140000000000e+08
6.694523129510638682e+03 1.305687843000000000e+09
6.703239684311292876e+03 4.217213260000000000e+08
6.703694499874369285e+03 1.096162984000000000e+09
6.700855650765725841e+03 3.908084676000000000e+09
6.693308977689314816e+03 3.259312698000000000e+09
6.703298154103536945e+03 2.118867842000000000e+09
6.682748537735698847e+03 1.343065764000000000e+09
6.697862146924396257e+03 3.945574710000000000e+08
6.695589934331803306e+03 7.469830180000000000e+08
6.691917752224340802e+03 1.548143705000000000e+09
6.688281202999802190e+03 9.340695180000000000e+08
6.696069530378160380e+03 2.136380371000000000e+09
6.705412506464136641e+03 6.066111430000000000e+08
6.690199071129140975e+03 1.730061406000000000e+09
6.692405424253127421e+03 1.569157840000000000e+09
6.682524212550819357e+03 2.140971177000000000e+09
6.693805342574694805e+03 2.287284741000000000e+09
6.698349430945700078e+03 1.119920095000000000e+09
6.696333157328059315e+03 1.951179051000000000e+09
6.688401269789987055e+03 7.311617290000000000e+08
6.685562064568853202e+03 2.025898215000000000e+09
6.699292340262282778e+03 1.897119319000000000e+09
6.694139801844616159e+03 1.172061399000000000e+09
6.694021210203637565e+03 8.204365270000000000e+08
6.684589294160356076e+03 2.872737217000000000e+09
6.708369117511159857e+03 2.984559304000000000e+09
6.692203444569102430e+03 1.129873049000000000e+09
6.686567942125858281e+03 3.790269834000000000e+09
6.701207705495885421e+03 6.781118970000000000e+08
6.693862633139109676e+03 1.193787724000000000e+09
6.680052972795814640e+03 6.888787100000000000e+07
6.695811230710620293e+03 1.043715221000000000e+09
6.689914987515527173e+03 1.771938218000000000e+09
6.702713588330896528e+03 1.754654463000000000e+09
6.700029135368127754e+03 1.960919475000000000e+09
6.693788384518701605e+03 2.560701542000000000e+09
6.692931912058803391e+03 1.396146851000000000e+09
6.690649551868749768e+03 3.742317663000000000e+09
6.668575930784154480e+03 3.751107300000000000e+09
6.688985716333359960e+03 3.941896776000000000e+09
6.691509911133542118e+03 2.044396952000000000e+09
6.693393309146602405e+03 3.608988070000000000e+08
6.700998353730061353e+03 4.110659912000000000e+09
6.699147615217161729e+03 2.256083715000000000e+09
6.689014129083681837e+03 3.912534839000000000e+09
6.706365400539611983e+03 2.428313176000000000e+09
6.692303635781262528e+03 2.240321804000000000e+09
6.674939703795436799e+03 3.147991285000000000e+09
6.693116292927903487e+03 3.262875512000000000e+09
6.685664103310973587e+03 1.935777689000000000e+09
6.682597550967357165e+03 2.567588419000000000e+09
6.696775401436183529e+03 3.820770514000000000e+09
6.691714238666013443e+03 3.635377907000000000e+09
6.682845241955503298e+03 1.153609568000000000e+09
6.680182772120085247e+03 1.835586025000000000e+09
6.695160791249675640e+03 3.977074581000000000e+09
6.692082086099708249e+03 1.749996874000000000e+09
6.687749895594949521e+03 7.611282840000000000e+08
6.689159574845478346e+03 1.992149068000000000e+09
6.688664696926158285e+03 2.497716178000000000e+09
6.709740613818521524e+03 5.744348700000000000e+08
6.692114417864167990e+03 8.628177490000000000e+08
6.692977237586297633e+03 3.712460535000000000e+09
6.699006183667943333e+03 2.817733982000000000e+09
6.678423367626793151e+03 2.954400633000000000e+09
6.683747388686834711e+03 2.942915466000000000e+09
6.664356656390356875e+03 3.687552803000000000e+09
6.692307942556040871e+03 2.818100575000000000e+09
6.682590352386922859e+03 2.756490800000000000e+07
6.688028917975511831e+03 2.708747653000000000e+09
6.696399206356730247e+03 2.761926458000000000e+09
6.693792752945053508e+03 3.281142714000000000e+09
6.688940481220852234e+03 1.159538363000000000e+09
6.691571656960340988e+03 2.453008750000000000e+08
6.698183777681453648e+03 2.810519349000000000e+09
6.690587533503951818e+03 6.345339270000000000e+08
6.695065952291524809e+03 4.223057205000000000e+09
6.696454752884951631e+03 4.107554712000000000e+09
6.675217136163713803e+03 2.935113000000000000e+06
6.682016930368010435e+03 4.078803770000000000e+08
6.705128392208976948e+03 3.686402781000000000e+09
6.691565341311055818e+03 2.946672137000000000e+09
6.689393248175318149e+03 4.252473080000000000e+09
6.686213034748379869e+03 6.886188620000000000e+08
6.678363420127953759e+03 2.122872071000000000e+09
6.700718323501914711e+03 4.289723397000000000e+09
6.679255535015945497e+03 3.955454191000000000e+09
6.687734503968938952e+03 7.150240500000000000e+08
6.703237166097062072e+03 4.010801572000000000e+09
6.690769293596432362e+03 1.495261810000000000e+09
6.691978273956598059e+03 7.251131890000000000e+08
6.709295894182983830e+03 1.909160072000000000e+09
6.696052713079174282e+03 3.124883777000000000e+09
6.702348691252675962e+03 1.881758360000000000e+09
6.697467832528738654e+03 1.318768270000000000e+09
6.677666177374178005e+03 1.892194510000000000e+09
6.677002985462531797e+03 2.900459139000000000e+09
6.691872199683448343e+03 1.117443835000000000e+09
6.700347944075687337e+03 3.889583703000000000e+09
6.693807897119139852e+03 2.305153833000000000e+09
6.700198476446633322e+03 3.954582778000000000e+09
6.701400345097700665e+03 2.388121538000000000e+09
6.682455263815434591e+03 2.975428255000000000e+09
6.692240690283672848e+03 8.210902760000000000e+08
6.692169895439745233e+03 1.596028200000000000e+07
6.703774810014050672e+03 1.527045838000000000e+09
6.678838691541440312e+03 8.526383100000000000e+08
6.696298718889120209e+03 4.261889807000000000e+09
6.688986753865789979e+03 3.664176206000000000e+09
6.686176702403043237e+03 3.538859889000000000e+09
6.704462844709378260e+03 2.747008138000000000e+09
6.707893168897735450e+03 6.777586150000000000e+08
6.693642105365455791e+03 1.226518512000000000e+09
6.694165684129649890e+03 3.519343490000000000e+09
6.696218320206478893e+03 3.284190283000000000e+09
6.703225076436038762e+03 2.400904425000000000e+09
6.701105890696031565e+03 2.047775123000000000e+09
6.703500452785818197e+03 2.851879942000000000e+09
6.683436585645863488e+03 3.304934487000000000e+09
6.694365669099173829e+03 2.327904952000000000e+09
6.693799008324652277e+03 3.511679578000000000e+09
6.695731329836195982e+03 1.509989611000000000e+09
6.683984109099543275e+03 3.382489258000000000e+09
6.688375736076511203e+03 3.467354966000000000e+09
6.700752966203176584e+03 2.110688557000000000e+09
6.685300391469002534e+03 8.658138900000000000e+08
6.696691128392149949e+03 1.968768407000000000e+09
6.702712886800459273e+03 2.422204465000000000e+09
6.700344994404167664e+03 2.754935791000000000e+09
6.690164028854160279e+03 2.810014096000000000e+09
6.693006404548340470e+03 3.355683137000000000e+09
6.700392936786868631e+03 9.403095200000000000e+07
6.701627889687490097e+03 3.912648021000000000e+09
6.692522722145489752e+03 8.003809610000000000e+08
6.693724070902026142e+03 3.545995743000000000e+09
6.688891997649047880e+03 3.044984141000000000e+09
6.694953150176741474e+03 3.413424114000000000e+09
6.687353775750611021e+03 3.277931444000000000e+09
6.673858767051428003e+03 3.814308999000000000e+09
6.696204830785100967e+03 8.287069580000000000e+08
6.683841866955819569e+03 4.736292020000000000e+08
6.686907240398613794e+03 3.815796692000000000e+09
6.697183364440332298e+03 2.634458765000000000e+09
6.685150782284942579e+03 2.809614083000000000e+09
6.691015984271305570e+03 2.937193788000000000e+09
6.695071433208055169e+03 7.198454240000000000e+08
6.685798134203169866e+03 2.333089760000000000e+09
6.675503281541808974e+03 2.350701513000000000e+09
6.679379992920101358e+03 3.167110702000000000e+09
6.706211174726682657e+03 1.683985500000000000e+08
6.690267546894598127e+03 2.795528048000000000e+09
6.687658067840223339e+03 6.376669070000000000e+08
6.690301296106959853e+03 1.320772359000000000e+09
6.703441676909678790e+03 2.428257450000000000e+09
6.686823853612138919e+03 3.282277282000000000e+09
6.713802888445667122e+03 2.828514505000000000e+09
6.696292905330660687e+03 6.588910920000000000e+08
6.697651350225173701e+03 2.751999202000000000e+09
6.703144915981301892e+03 4.719192000000000000e+07
6.708025981302584114e+03 2.343712967000000000e+09
6.675548752224596683e+03 4.875645270000000000e+08
6.687436845106301007e+03 1.185450890000000000e+09
6.693803143410031225e+03 2.279969460000000000e+08
6.681624467868723514e+03 2.324304539000000000e+09
6.675639846729171040e+03 3.503198643000000000e+09
6.674527979141053947e+03 3.884621261000000000e+09
6.698166608205645389e+03 1.961359713000000000e+09
6.703322193471336504e+03 2.933877220000000000e+08
