# Lens_likelihood 	 seed
4.456258205644685404e+03 2.491943573000000000e+09
4.590672394739958690e+03 1.942946190000000000e+08
4.547126098733493563e+03 1.772525950000000000e+09
4.687167353488139270e+03 1.918559435000000000e+09
4.750800758433494593e+03 1.402988395000000000e+09
4.538733815345631228e+03 3.152041000000000000e+09
4.592018862363729568e+03 1.351618446000000000e+09
4.629782874467027796e+03 2.460150800000000000e+09
4.561260126569592103e+03 4.067895399000000000e+09
4.673252183368819715e+03 2.473803513000000000e+09
4.581978246621744802e+03 1.303771951000000000e+09
4.629266365401424991e+03 2.175854781000000000e+09
5.233148285807737011e+03 3.626763786000000000e+09
4.548856931099217036e+03 3.721256402000000000e+09
4.459619670448033503e+03 1.290266369000000000e+09
4.695900836222256657e+03 2.132849736000000000e+09
4.501665407965689155e+03 4.219046320000000000e+09
4.533134431790374038e+03 2.919632153000000000e+09
4.899628867959484523e+03 1.850145690000000000e+08
4.543735160191359682e+03 3.839591501000000000e+09
4.495117457241052762e+03 3.128421292000000000e+09
4.548811467262838050e+03 1.874247710000000000e+08
4.666285836514387483e+03 1.412033192000000000e+09
4.478280940466383072e+03 1.754664766000000000e+09
4.555477307507218939e+03 5.076032800000000000e+07
4.617370887978200699e+03 1.393986465000000000e+09
4.610344253413981278e+03 2.541125926000000000e+09
4.486647831894950286e+03 3.408278588000000000e+09
4.594444058344965924e+03 9.140602750000000000e+08
4.486791628375483924e+03 3.449717762000000000e+09
4.540517331970158921e+03 2.052031600000000000e+09
4.637106999101999463e+03 2.763326979000000000e+09
4.551685805326274931e+03 3.363138910000000000e+09
4.902697738418128210e+03 3.583845106000000000e+09
4.519667449955901247e+03 5.087848800000000000e+08
4.713509356356176795e+03 2.088575173000000000e+09
4.539927471426500233e+03 1.952864900000000000e+08
4.795883597474728958e+03 1.518605172000000000e+09
4.577479679341443443e+03 2.304953894000000000e+09
4.646520246200017937e+03 1.183835379000000000e+09
4.557428606384864906e+03 2.150727153000000000e+09
4.469069751183373228e+03 1.195541102000000000e+09
4.811298701362931752e+03 1.101943254000000000e+09
4.530547444802739847e+03 5.272003800000000000e+07
4.616879162814730080e+03 1.872063472000000000e+09
4.740975847178182448e+03 1.008080652000000000e+09
4.963420179905529039e+03 3.075895862000000000e+09
4.502951059715442170e+03 3.866201185000000000e+09
4.490447424626532666e+03 2.400157254000000000e+09
4.597931185169831224e+03 3.565058353000000000e+09
4.650199692834565212e+03 2.681697999000000000e+09
4.554060170483700858e+03 4.139106458000000000e+09
4.563976247841485019e+03 1.644350783000000000e+09
4.588085287785293076e+03 3.707454834000000000e+09
4.695059170486479161e+03 2.906094076000000000e+09
4.492605204925932412e+03 1.934554060000000000e+08
4.733424356274497768e+03 1.843466177000000000e+09
4.661921835827430186e+03 4.187844680000000000e+09
4.612224068299598002e+03 1.612988052000000000e+09
4.680576534424569218e+03 2.821547624000000000e+09
4.713675374669901430e+03 3.241899761000000000e+09
4.967400071931303501e+03 3.862287876000000000e+09
4.552511605213923758e+03 2.494671452000000000e+09
4.667228012102437788e+03 1.848335658000000000e+09
4.756559218219119430e+03 2.154214554000000000e+09
4.599922894220712806e+03 4.186846539000000000e+09
4.588453007396694375e+03 4.330314840000000000e+08
4.607270207054538332e+03 4.643947100000000000e+07
4.753430242206588446e+03 1.946905464000000000e+09
4.625593668300704849e+03 2.346131490000000000e+09
4.797931342318082898e+03 5.217901810000000000e+08
4.842519214636822653e+03 5.864139890000000000e+08
4.630832114439324869e+03 5.752554380000000000e+08
4.533112258009236939e+03 1.092768336000000000e+09
4.943433780285582543e+03 4.020802160000000000e+09
4.629434958770229969e+03 3.806043911000000000e+09
4.568064154709999457e+03 1.966069330000000000e+09
4.546516365188432246e+03 1.545875305000000000e+09
4.447018767329165712e+03 1.547055442000000000e+09
4.539766886813094061e+03 9.728459000000000000e+06
4.616758661921938256e+03 2.719417025000000000e+09
4.728516204626121180e+03 3.563365328000000000e+09
4.648418411914804892e+03 4.092811171000000000e+09
5.120586915718409728e+03 3.731054817000000000e+09
4.652518253485352034e+03 1.760325634000000000e+09
5.030039427801611964e+03 3.801732210000000000e+09
4.535151997548588952e+03 3.563222340000000000e+08
4.696965659091798443e+03 3.069968297000000000e+09
4.457035230124089139e+03 3.640663826000000000e+09
4.481613099208325366e+03 7.809126270000000000e+08
4.542951450452817880e+03 3.701276543000000000e+09
4.567239076898704297e+03 4.249276626000000000e+09
4.705778161925066343e+03 3.353419007000000000e+09
4.643728916558533456e+03 8.737096810000000000e+08
4.489414944679187101e+03 3.412429951000000000e+09
4.585047387015696586e+03 2.637909808000000000e+09
4.545576764545477999e+03 1.868505060000000000e+08
4.616008734160885979e+03 1.561151133000000000e+09
4.499573647417204484e+03 1.337718959000000000e+09
4.404388699333218028e+03 1.812584739000000000e+09
4.683333784993537847e+03 7.090135500000000000e+08
4.652283665083808955e+03 3.920162474000000000e+09
4.572705417879448760e+03 3.804851416000000000e+09
4.543453336993595258e+03 1.610509229000000000e+09
4.570366724874633292e+03 1.580584487000000000e+09
4.661522652495959846e+03 3.644339537000000000e+09
4.707833974896866494e+03 9.943964530000000000e+08
4.548095309900989378e+03 3.505072814000000000e+09
4.851965793836918238e+03 4.207592848000000000e+09
4.510953271359446262e+03 1.576578211000000000e+09
4.791680665061365289e+03 3.893571757000000000e+09
4.501034617007740053e+03 1.955007217000000000e+09
4.573391144422983416e+03 3.195651840000000000e+09
4.606153184215898364e+03 3.328587438000000000e+09
4.656434341136737203e+03 3.090789630000000000e+09
4.572435936652911550e+03 3.439994795000000000e+09
4.839169116234532339e+03 4.242522710000000000e+09
5.077649233178096438e+03 8.520985910000000000e+08
4.638697687482326728e+03 3.864040272000000000e+09
4.456489850124871737e+03 2.394789725000000000e+09
4.762322909015806545e+03 1.987465051000000000e+09
4.607042529623948212e+03 3.396659865000000000e+09
4.619641270092693048e+03 1.012991462000000000e+09
4.667632411679855068e+03 4.272472532000000000e+09
4.590351467370406681e+03 2.442630660000000000e+09
4.500882404216411487e+03 2.457260086000000000e+09
4.653648274796026271e+03 1.468175327000000000e+09
4.730007947780970426e+03 3.730438348000000000e+09
4.545840291785938462e+03 4.239734541000000000e+09
4.718739960386443272e+03 1.587134295000000000e+09
4.951372505355129761e+03 1.354796230000000000e+09
5.452321721099249771e+03 5.025676700000000000e+08
4.489555947598832063e+03 1.976167987000000000e+09
4.456707630768555646e+03 2.534378341000000000e+09
4.465374578199766802e+03 4.247063766000000000e+09
4.490125846786304464e+03 2.737414831000000000e+09
4.512179058206127593e+03 3.148461957000000000e+09
4.439473483152531117e+03 5.682669390000000000e+08
4.986760147547049201e+03 9.487437270000000000e+08
4.537269181247189408e+03 4.265432234000000000e+09
4.743730382187142823e+03 2.628350780000000000e+09
4.665069252589881216e+03 2.182082073000000000e+09
4.625960607235172574e+03 8.183973290000000000e+08
4.542054047317486948e+03 2.299740669000000000e+09
4.518447076420434314e+03 3.056356862000000000e+09
4.494907195952737311e+03 5.005471910000000000e+08
4.607689823507314941e+03 1.335763375000000000e+09
4.541177757957597350e+03 2.551025026000000000e+09
4.542194845934853220e+03 9.649127130000000000e+08
4.503408221412775674e+03 5.187123540000000000e+08
4.725766483914139826e+03 2.188939800000000000e+07
4.503212486035095935e+03 3.476089417000000000e+09
4.901965090780375249e+03 1.672959264000000000e+09
4.736315570664319239e+03 8.491029570000000000e+08
4.531140063458187797e+03 3.743075740000000000e+08
4.589350466211609273e+03 1.530573941000000000e+09
4.690867896739308890e+03 3.910276431000000000e+09
4.490391585330529779e+03 3.464793312000000000e+09
4.574409633580136870e+03 3.917686137000000000e+09
4.457451590563508944e+03 3.741104044000000000e+09
4.657157317254049303e+03 4.033512052000000000e+09
4.650436247868343344e+03 1.658090938000000000e+09
4.558081172042169783e+03 4.242241523000000000e+09
4.561037761835339552e+03 1.431541205000000000e+09
4.579675999601282456e+03 3.034661714000000000e+09
4.535768782868633025e+03 2.462815411000000000e+09
4.502514034615506716e+03 9.034267770000000000e+08
4.582149571228615969e+03 3.348766054000000000e+09
4.718347674316652046e+03 3.263797431000000000e+09
4.743953093272140904e+03 6.540224970000000000e+08
4.503028114655096942e+03 2.380138000000000000e+08
4.853968417425830012e+03 5.581448970000000000e+08
4.734656229304993758e+03 3.573634048000000000e+09
4.564287141504988540e+03 2.419347057000000000e+09
4.654141545895041418e+03 1.212783888000000000e+09
4.514850111733805534e+03 2.326841585000000000e+09
4.839050898204073746e+03 1.751229372000000000e+09
4.606522092776074714e+03 1.860473560000000000e+09
4.490140574589508105e+03 7.663140720000000000e+08
4.637619081341435958e+03 2.022930660000000000e+09
4.489107709752655865e+03 3.617483703000000000e+09
4.687704016570682143e+03 3.728949255000000000e+09
4.598706466032469507e+03 1.468411300000000000e+07
4.537457378686337506e+03 3.681009117000000000e+09
4.526851424523092646e+03 3.449361163000000000e+09
4.536540819478264893e+03 1.048742592000000000e+09
4.544642348438452245e+03 2.654758712000000000e+09
4.661042187599150566e+03 1.882418671000000000e+09
4.522459866734675416e+03 3.115788473000000000e+09
4.578941258228722290e+03 7.954666910000000000e+08
4.533698245434880846e+03 2.153204394000000000e+09
4.579512543503228699e+03 2.347003031000000000e+09
4.563806297323519175e+03 6.774707920000000000e+08
4.856049146897961691e+03 4.053218511000000000e+09
4.616154482655116226e+03 3.866412619000000000e+09
4.595980340794694712e+03 9.324050970000000000e+08
4.891170375367031738e+03 1.560779480000000000e+08
5.019804426056285592e+03 1.867913860000000000e+09
4.828289701960778984e+03 3.810113600000000000e+08
4.637081486824134117e+03 1.260416156000000000e+09
4.626285348333838556e+03 1.441095296000000000e+09
4.673062898923475586e+03 3.168040516000000000e+09
4.585074860225106022e+03 8.227458130000000000e+08
4.548085793291875234e+03 3.989671914000000000e+09
4.595434248518145068e+03 6.460605200000000000e+07
4.560473069399293308e+03 9.263419020000000000e+08
4.586038749396808271e+03 2.061683511000000000e+09
4.625767586178824786e+03 1.368265790000000000e+08
4.547845945483245487e+03 2.706384109000000000e+09
4.671336269203815391e+03 2.085899191000000000e+09
4.550490878579042146e+03 2.317730070000000000e+08
4.636768409726235404e+03 1.585137308000000000e+09
4.656944286392477807e+03 2.470880489000000000e+09
4.567264215497305486e+03 2.624216050000000000e+09
4.981376738108108839e+03 4.753816960000000000e+08
4.622749852121365620e+03 1.664577280000000000e+09
4.644297121650455665e+03 1.237510749000000000e+09
4.421122573931857914e+03 1.344894563000000000e+09
4.809111720731576497e+03 1.204414065000000000e+09
4.669783327481985907e+03 1.633447539000000000e+09
4.789227145813885727e+03 3.515153961000000000e+09
4.688555577021627869e+03 2.078224731000000000e+09
4.786542640305538953e+03 3.659984298000000000e+09
4.803267048164624612e+03 3.715527957000000000e+09
4.598639417887411582e+03 2.275959190000000000e+09
4.570056832135356672e+03 3.672875511000000000e+09
4.734885314716269932e+03 1.865544766000000000e+09
4.958391695185862773e+03 2.472896299000000000e+09
4.586661987603942180e+03 3.472099120000000000e+09
5.112167078583551302e+03 4.195768937000000000e+09
4.496116282469778525e+03 3.325022980000000000e+09
4.775884648006063799e+03 2.721050030000000000e+08
4.696136355526304214e+03 2.038575569000000000e+09
4.634576141531657413e+03 8.193816440000000000e+08
4.535395048420868079e+03 1.473817225000000000e+09
4.576164906581728246e+03 3.019184740000000000e+08
4.704970642148311526e+03 2.821059591000000000e+09
4.581376965064127944e+03 3.170396611000000000e+09
4.566046187034831746e+03 2.678547169000000000e+09
4.533283214177701666e+03 1.973561380000000000e+09
4.617259771130356967e+03 1.506576962000000000e+09
4.609273292883828617e+03 2.238744348000000000e+09
4.723450696303423683e+03 1.147291018000000000e+09
4.482133477219105771e+03 2.674473860000000000e+08
4.743723193150309271e+03 3.452174222000000000e+09
4.606610550580940981e+03 2.718853840000000000e+09
4.606625413831779952e+03 3.728558720000000000e+08
4.558993002602435809e+03 3.802552250000000000e+09
4.666244468240955939e+03 2.934137203000000000e+09
4.687568190983800378e+03 3.890281505000000000e+09
4.688453264609044709e+03 2.456938059000000000e+09
4.684269031336106309e+03 1.916434994000000000e+09
4.594457931114048733e+03 4.292207779000000000e+09
4.613473661973976050e+03 2.783379115000000000e+09
4.515662495865145502e+03 2.017303469000000000e+09
4.649315896937612706e+03 3.850451059000000000e+09
4.556790410996987703e+03 3.936614281000000000e+09
4.462578865852624403e+03 1.299802738000000000e+09
4.579984616816807829e+03 3.637494120000000000e+08
4.580365924756697495e+03 4.244565036000000000e+09
4.572207722100656611e+03 1.787639917000000000e+09
4.878214478706587215e+03 3.397384033000000000e+09
4.675860609517045305e+03 7.804574870000000000e+08
4.730771254128430883e+03 3.198255599000000000e+09
4.965891363041810109e+03 2.768664563000000000e+09
4.614581564188034463e+03 1.250069800000000000e+09
4.450754134691077525e+03 8.119382000000000000e+08
4.583761793772370766e+03 1.817512493000000000e+09
4.578200429143711517e+03 4.290031939000000000e+09
4.618457433016656069e+03 1.153346193000000000e+09
4.434901740953448098e+03 7.277157710000000000e+08
5.305382533013455941e+03 1.646925995000000000e+09
4.624503920354349248e+03 3.201925350000000000e+08
4.720110961638263689e+03 3.375887209000000000e+09
4.449812728051498198e+03 1.013954840000000000e+08
4.638161710334046802e+03 3.324774388000000000e+09
4.717321937372142202e+03 3.149690414000000000e+09
4.640115586271243046e+03 3.025605997000000000e+09
4.710732383363013469e+03 4.077146752000000000e+09
4.542391684549072124e+03 1.958489275000000000e+09
4.568144767105239225e+03 3.448953414000000000e+09
4.465018159255581850e+03 5.053810970000000000e+08
4.477572447543658200e+03 3.381654257000000000e+09
4.705518727642680460e+03 3.579334388000000000e+09
4.470691859413129350e+03 3.398870914000000000e+09
4.617690211524390179e+03 1.178044031000000000e+09
4.648237804163045439e+03 3.318302366000000000e+09
4.492124779925376060e+03 1.331886540000000000e+09
4.659531060259447258e+03 2.586501015000000000e+09
5.353416068989087762e+03 1.125200601000000000e+09
4.538778406626694050e+03 3.708804443000000000e+09
4.597541225408768696e+03 1.247569590000000000e+09
4.529940384786058530e+03 2.882673007000000000e+09
4.478099950624474332e+03 6.089029660000000000e+08
4.544150756375582205e+03 2.687428020000000000e+09
4.677721380719254739e+03 5.758636600000000000e+07
4.533802408410987482e+03 4.105249440000000000e+09
4.602683615456951884e+03 3.543238085000000000e+09
4.559487860816389002e+03 2.879751095000000000e+09
4.497455268585463273e+03 2.243792040000000000e+09
4.725915366156161326e+03 4.692424300000000000e+08
4.630869782563322588e+03 3.865804238000000000e+09
4.539926082876216242e+03 1.354943636000000000e+09
4.713940241114056334e+03 2.207622670000000000e+08
4.509290696459459468e+03 4.213671795000000000e+09
4.841693316706318001e+03 2.609288682000000000e+09
4.517043390632203227e+03 3.312868899000000000e+09
4.833383008105889530e+03 6.575768700000000000e+08
4.725069260188898625e+03 2.306014936000000000e+09
4.948369117496766194e+03 2.457459372000000000e+09
4.537050260652253201e+03 3.625702599000000000e+09
4.662857527526996819e+03 4.037612482000000000e+09
4.554588777434891199e+03 4.009871617000000000e+09
4.605401062200524393e+03 3.409898257000000000e+09
5.078262795164855561e+03 3.361434799000000000e+09
4.566644479391758068e+03 3.141333566000000000e+09
4.516769538487031241e+03 3.997335318000000000e+09
4.555758076884616457e+03 3.587641557000000000e+09
4.660144335425954523e+03 1.013265360000000000e+08
4.712765292722799131e+03 3.163066824000000000e+09
5.060196909999740456e+03 3.311456649000000000e+09
4.885324267546920055e+03 2.640794066000000000e+09
4.631184082884090458e+03 4.202342114000000000e+09
4.528894484572921101e+03 3.034345186000000000e+09
4.644488221014200462e+03 1.993722161000000000e+09
4.458741134569820133e+03 7.586700280000000000e+08
4.617432304003004901e+03 3.754109360000000000e+09
4.565820572260853623e+03 1.910035719000000000e+09
4.594435086398251769e+03 3.843456116000000000e+09
4.536838395011260218e+03 7.132033580000000000e+08
4.461088215747024151e+03 2.141082799000000000e+09
5.330268842217084966e+03 4.278979301000000000e+09
4.641963803715124413e+03 2.790704209000000000e+09
4.487443589430374232e+03 3.375938457000000000e+09
4.555004478174075302e+03 1.025243752000000000e+09
4.886893855971180528e+03 7.903350540000000000e+08
4.585949544636834617e+03 3.996168013000000000e+09
4.670661760281489478e+03 2.740634488000000000e+09
4.614024088403657515e+03 2.834142454000000000e+09
4.681639789255786127e+03 2.825604405000000000e+09
4.767936502770025072e+03 4.178006640000000000e+08
4.660853186828207981e+03 3.711161279000000000e+09
4.584002466128762535e+03 2.589650951000000000e+09
4.567913986150643723e+03 5.499882750000000000e+08
4.623586540650153438e+03 4.029576001000000000e+09
4.839180115599509918e+03 1.955068244000000000e+09
4.496202550615220389e+03 2.625105500000000000e+08
4.620614098419324364e+03 1.142529420000000000e+09
4.507697569581734570e+03 1.801532943000000000e+09
4.600499078324048241e+03 2.003695498000000000e+09
