# Lens_likelihood 	 seed
5.240100850736775101e+03 1.013854145000000000e+09
5.547098563440490580e+03 3.331760956000000000e+09
5.420153699265618343e+03 6.025902090000000000e+08
5.320337554669458768e+03 3.887779742000000000e+09
5.420573369999621718e+03 9.326938770000000000e+08
5.301570822074761054e+03 2.985431248000000000e+09
5.482791823699473753e+03 1.252962068000000000e+09
5.360628195259167114e+03 3.778421442000000000e+09
5.369191918340100528e+03 3.888512704000000000e+09
5.600682745398256884e+03 2.247237715000000000e+09
5.339908427964923249e+03 9.760984400000000000e+07
5.484347270601983837e+03 1.626568980000000000e+09
5.409425422366346538e+03 1.666561977000000000e+09
5.621175977382270503e+03 3.895055940000000000e+09
5.472488060353820401e+03 2.544671270000000000e+09
5.520669622561847973e+03 1.886105359000000000e+09
5.310448497870706888e+03 2.874784202000000000e+09
5.531180652239849223e+03 2.718676107000000000e+09
5.482447751285129016e+03 2.595516098000000000e+09
5.342411430598383959e+03 5.152676290000000000e+08
5.320692070239640088e+03 1.442205294000000000e+09
5.640710082323033021e+03 3.034597983000000000e+09
5.556758309542492498e+03 2.415481284000000000e+09
5.445967670302930856e+03 3.029407974000000000e+09
5.509757787820672092e+03 4.234289333000000000e+09
5.491106884798868123e+03 1.383980068000000000e+09
5.615828480130088792e+03 3.885652720000000000e+09
5.486407924928098510e+03 2.588583512000000000e+09
5.582821225274669814e+03 2.900331273000000000e+09
5.514852936774153022e+03 1.404554659000000000e+09
5.394351636105971920e+03 7.882949490000000000e+08
5.397495060631718843e+03 2.491116617000000000e+09
5.303607715930871564e+03 7.083347160000000000e+08
5.472310024098089343e+03 2.313202203000000000e+09
5.420817192250805419e+03 3.653207272000000000e+09
5.588165550301945586e+03 2.453753890000000000e+09
5.372735782932154507e+03 2.622074280000000000e+09
5.332841632674100765e+03 1.224833046000000000e+09
5.393117465518281278e+03 2.006997344000000000e+09
5.476468651937826507e+03 4.965260830000000000e+08
5.367639643660139882e+03 3.572336360000000000e+09
5.601536345822874864e+03 3.748685861000000000e+09
5.452434171579417125e+03 1.736384355000000000e+09
5.469327907497116030e+03 1.964764337000000000e+09
5.372299150414697579e+03 3.891151218000000000e+09
5.442426983235103762e+03 3.503558000000000000e+07
5.404685684754436807e+03 3.633745745000000000e+09
5.426133011740450456e+03 3.022352036000000000e+09
5.455998008727756314e+03 8.642235240000000000e+08
5.478841299996982343e+03 2.250517088000000000e+09
5.485319790975708202e+03 1.780952046000000000e+09
5.369466558184817586e+03 3.542095500000000000e+07
5.402296433692946266e+03 3.627075777000000000e+09
5.464241889012062529e+03 1.418005911000000000e+09
5.544601759919538381e+03 1.833079794000000000e+09
5.361865568673728376e+03 3.493751227000000000e+09
5.472312843127868291e+03 2.867474057000000000e+09
5.371432583600313592e+03 5.780276070000000000e+08
5.526487144395690848e+03 2.230039012000000000e+09
5.317885284947350556e+03 1.139833695000000000e+09
5.599475848637717718e+03 6.181376880000000000e+08
5.505338869493829407e+03 1.888726953000000000e+09
5.412803922052607049e+03 3.079175091000000000e+09
5.437059337558856896e+03 3.986726753000000000e+09
5.418070967896568618e+03 5.705927940000000000e+08
5.465595508801492542e+03 1.090902945000000000e+09
5.592964239007897049e+03 3.502497050000000000e+09
5.466615485362724939e+03 1.804664280000000000e+08
5.403462524523146385e+03 6.914494890000000000e+08
5.362679338025489415e+03 3.534559129000000000e+09
5.515240385359033098e+03 3.151354434000000000e+09
5.461066116012892962e+03 3.980537087000000000e+09
5.347930180157964060e+03 3.820098156000000000e+09
5.566438492655899609e+03 2.371631782000000000e+09
5.376754092620793017e+03 2.664641767000000000e+09
5.486459065131702118e+03 2.236089186000000000e+09
5.476933613990313461e+03 4.144897380000000000e+09
5.141222371518497312e+03 3.060969505000000000e+09
5.376554017156304326e+03 5.645463260000000000e+08
5.379878246985103033e+03 1.817129274000000000e+09
5.569881015864079018e+03 3.717798170000000000e+09
5.534208913000353277e+03 4.015524494000000000e+09
5.609728725966108868e+03 1.118309835000000000e+09
5.528065656585933539e+03 5.568761040000000000e+08
5.499956950852573755e+03 4.259449623000000000e+09
5.525415820746102327e+03 2.671240300000000000e+09
5.550283820583657871e+03 4.126132961000000000e+09
5.472476679089524623e+03 4.285938250000000000e+08
5.421195320237030501e+03 1.248358071000000000e+09
5.323431854329282942e+03 2.935206795000000000e+09
5.371466331728716796e+03 2.871827328000000000e+09
5.420287468250873644e+03 1.969033449000000000e+09
5.382216533612714557e+03 1.707834560000000000e+08
5.406597867697316360e+03 1.204463739000000000e+09
5.382590527218415446e+03 3.017181609000000000e+09
5.455091264201992090e+03 3.498242001000000000e+09
5.350093722870351485e+03 1.026669908000000000e+09
5.417952721902503072e+03 1.343863675000000000e+09
5.443185392053725991e+03 1.957123570000000000e+09
5.517880852548127223e+03 7.073401360000000000e+08
5.568993485754724134e+03 3.365354716000000000e+09
5.533373344415217616e+03 8.264339390000000000e+08
5.373650318481451905e+03 2.772833077000000000e+09
5.553063819030611739e+03 4.068724435000000000e+09
5.508096328918659310e+03 4.200212739000000000e+09
5.487045012965927526e+03 3.082901167000000000e+09
5.230483379170889748e+03 4.107264715000000000e+09
5.359785254994039860e+03 3.201220821000000000e+09
5.277441703348605188e+03 1.642742717000000000e+09
5.268366364163455728e+03 4.086182262000000000e+09
5.372563182882237015e+03 3.890556887000000000e+09
5.372740448729346099e+03 3.805410379000000000e+09
5.457117894120321580e+03 1.766829117000000000e+09
5.562842882649909370e+03 3.913473525000000000e+09
5.665055161783304357e+03 3.335491685000000000e+09
5.406651905004157015e+03 3.187279868000000000e+09
5.535693771350168390e+03 3.375018941000000000e+09
5.522259969899114367e+03 2.371452800000000000e+09
5.411267046083492460e+03 2.509424089000000000e+09
5.455282210548770308e+03 3.124735404000000000e+09
5.483519645825503176e+03 3.420189759000000000e+09
5.245248684773527202e+03 2.476003340000000000e+08
5.350369571057377470e+03 5.759166010000000000e+08
5.513384415197084309e+03 3.264061806000000000e+09
5.530291506058055347e+03 7.458951060000000000e+08
5.247148713324679193e+03 6.815970730000000000e+08
5.571215362871736033e+03 3.985533585000000000e+09
5.335899443523876471e+03 4.245558478000000000e+09
5.505510098159924382e+03 1.256700427000000000e+09
5.489695722711949202e+03 1.288761530000000000e+09
5.338090046534103749e+03 3.988966286000000000e+09
5.494260074370658913e+03 3.537074791000000000e+09
5.284869695582146051e+03 3.374849649000000000e+09
5.464331002743647332e+03 7.110338200000000000e+08
5.242108442897231726e+03 5.173190760000000000e+08
5.376334796250464933e+03 3.621741860000000000e+08
5.527234825745137641e+03 1.552933782000000000e+09
5.374307490549843351e+03 1.397731675000000000e+09
5.438148224562122778e+03 3.098596441000000000e+09
5.461140415689938891e+03 2.588680220000000000e+08
5.465938937889005501e+03 1.922724990000000000e+09
5.524769156372079124e+03 8.193442300000000000e+07
5.461194797527301489e+03 1.850755303000000000e+09
5.396189844597265619e+03 2.318057077000000000e+09
5.489927083181977650e+03 2.005334110000000000e+09
5.481177847981101877e+03 2.702053486000000000e+09
5.585561445912297131e+03 2.839534590000000000e+08
5.539896615542165819e+03 2.735091030000000000e+08
5.268909067506354404e+03 4.446105410000000000e+08
5.419079648735862065e+03 1.476278380000000000e+09
5.429773688321929512e+03 3.070704407000000000e+09
5.444829408215422518e+03 4.029742259000000000e+09
5.520941021465545418e+03 5.180707520000000000e+08
5.358490858028928415e+03 2.052222581000000000e+09
5.364432470197787552e+03 3.478266090000000000e+09
5.405921927550824876e+03 4.083649502000000000e+09
5.528093836290760009e+03 9.215504390000000000e+08
5.531822714174440989e+03 2.655727100000000000e+09
5.621052132335995339e+03 4.052193158000000000e+09
5.381828984117812979e+03 3.419829202000000000e+09
5.154302499089864796e+03 1.635252840000000000e+08
5.483404370636269960e+03 1.668013437000000000e+09
5.492949821470472671e+03 4.334325290000000000e+08
5.406626072976077921e+03 1.087052727000000000e+09
5.289240387989229930e+03 1.025575693000000000e+09
5.503917453731843125e+03 1.372326195000000000e+09
5.471797569805476087e+03 3.727280175000000000e+09
5.534274222290169746e+03 4.220335712000000000e+09
5.421070359783538152e+03 6.665307330000000000e+08
5.419266822141184093e+03 3.926464693000000000e+09
5.363983788791532788e+03 8.339047080000000000e+08
5.545022255976840825e+03 3.908780454000000000e+09
5.524935962822133661e+03 3.826297202000000000e+09
5.348156213854176713e+03 3.628175626000000000e+09
5.418294736351084794e+03 1.980126000000000000e+09
5.240837199045034140e+03 3.605069796000000000e+09
5.449520935825947163e+03 5.505248110000000000e+08
5.433142724055889630e+03 8.818417710000000000e+08
5.377079877274296450e+03 8.905960020000000000e+08
5.421377575816517492e+03 4.249841902000000000e+09
5.354280629252110884e+03 2.426615047000000000e+09
5.506879446232624105e+03 1.533566198000000000e+09
5.452143905292470663e+03 3.674044851000000000e+09
5.490610725342301521e+03 1.020754603000000000e+09
5.188406074302537490e+03 2.265447659000000000e+09
5.451194812078786526e+03 6.127476030000000000e+08
5.378787394612678327e+03 2.419844370000000000e+08
5.479543226774096183e+03 1.399616960000000000e+08
5.486845954781967521e+03 3.982285861000000000e+09
5.573416251874326008e+03 3.765162397000000000e+09
5.296356612788623352e+03 2.541584208000000000e+09
5.399691973770412005e+03 4.152007539000000000e+09
5.429445742625504863e+03 1.374952791000000000e+09
5.448298392352423434e+03 3.838634322000000000e+09
5.573539369680964228e+03 1.245368355000000000e+09
5.453670144376979806e+03 6.244247190000000000e+08
5.323387422023356521e+03 2.590384345000000000e+09
5.348032285291288645e+03 2.069979542000000000e+09
5.468545530457518907e+03 1.441661260000000000e+08
5.515162073619421790e+03 1.913018278000000000e+09
5.504817295062694029e+03 1.389649750000000000e+08
5.427234038960326870e+03 2.611475548000000000e+09
5.463514917189206244e+03 1.944957895000000000e+09
5.172616153348906664e+03 1.886112957000000000e+09
5.328543431593678179e+03 2.793843530000000000e+09
5.511972757131776234e+03 3.704736438000000000e+09
5.221363360169390944e+03 5.521818700000000000e+08
5.496084764136485319e+03 2.808047445000000000e+09
5.541183077390118342e+03 2.964032945000000000e+09
5.477090056865707083e+03 5.677165200000000000e+07
5.499563945921883715e+03 1.476758649000000000e+09
5.510929717720902772e+03 4.252816764000000000e+09
5.525626668610443630e+03 2.075404566000000000e+09
5.605935769690848247e+03 2.148963948000000000e+09
5.409253237052795157e+03 9.864833670000000000e+08
5.450208096805536115e+03 1.489280930000000000e+08
5.215771518483363252e+03 2.046722592000000000e+09
5.593924371534338206e+03 1.442785420000000000e+09
5.327237900577295477e+03 1.662801384000000000e+09
5.533402070711821580e+03 2.258403107000000000e+09
5.299921801801738184e+03 3.916626721000000000e+09
5.402779551609688497e+03 3.249326242000000000e+09
5.408391379571679863e+03 5.918819280000000000e+08
5.553509738333214955e+03 1.765201392000000000e+09
5.404527037670932259e+03 2.968079970000000000e+09
5.544523475258087274e+03 5.632003050000000000e+08
5.438485759695871820e+03 5.040457540000000000e+08
5.519552060953538785e+03 2.533281148000000000e+09
5.460432227130854699e+03 1.600644624000000000e+09
5.417363752179989206e+03 1.186532559000000000e+09
5.285049030292102543e+03 2.421529044000000000e+09
5.500181293978620488e+03 1.792899255000000000e+09
5.499269428112027526e+03 3.080675053000000000e+09
5.356036021295401952e+03 3.092699318000000000e+09
5.222535002558614906e+03 2.653312630000000000e+08
5.437975234532606919e+03 1.964350727000000000e+09
5.583975805166910504e+03 2.841912298000000000e+09
5.439268838972137019e+03 3.871935889000000000e+09
5.341641151922001882e+03 2.616644570000000000e+08
5.351456872857289454e+03 3.909058046000000000e+09
5.349764851968411676e+03 1.503745481000000000e+09
5.540169866054109661e+03 8.811483720000000000e+08
5.404679417167919382e+03 1.698239189000000000e+09
5.576368866020682617e+03 3.076979603000000000e+09
5.498848580834464883e+03 1.210380230000000000e+08
5.430271812216040416e+03 4.233007555000000000e+09
5.515316124383315582e+03 4.238342040000000000e+08
5.343519368571765881e+03 2.415797596000000000e+09
5.617664181446834846e+03 3.580395438000000000e+09
5.377142246977733521e+03 2.976569854000000000e+09
5.482265777214901391e+03 2.954424522000000000e+09
5.531389811787649705e+03 6.672845190000000000e+08
5.409684452519247316e+03 3.034803805000000000e+09
5.513560925714738914e+03 3.038286522000000000e+09
5.444185353487087013e+03 2.846919964000000000e+09
5.388974063736643984e+03 3.009853183000000000e+09
5.235420187984474978e+03 2.665276930000000000e+08
5.531246600118436618e+03 7.666516630000000000e+08
5.455835079025425330e+03 2.868067584000000000e+09
5.429544181603938341e+03 2.773902480000000000e+08
5.316848520627372636e+03 9.624780110000000000e+08
5.442929262494073555e+03 2.287447734000000000e+09
5.429111838532002366e+03 2.671452498000000000e+09
5.455039843040605774e+03 3.200933504000000000e+09
5.506074830762668171e+03 3.229110855000000000e+09
5.387499078882331560e+03 1.049858940000000000e+08
5.520196773687879613e+03 2.996102790000000000e+09
5.505967575291012508e+03 3.695777320000000000e+08
5.473339362026080380e+03 2.869731943000000000e+09
5.344707458506211879e+03 1.581455650000000000e+09
5.552922060133541891e+03 3.555034525000000000e+09
5.466965282291550466e+03 1.714821430000000000e+09
5.458908350704270561e+03 3.631549441000000000e+09
5.527200901052274276e+03 1.497215510000000000e+08
5.440165320454971152e+03 3.783479314000000000e+09
5.528078999062392541e+03 2.089448487000000000e+09
5.433843163430618006e+03 3.858662607000000000e+09
5.550023019459455099e+03 1.085141931000000000e+09
5.497075709588470090e+03 2.710513242000000000e+09
5.461960702261887491e+03 9.967073250000000000e+08
5.397899193257206207e+03 2.067447388000000000e+09
5.409622153202947629e+03 2.258401174000000000e+09
5.365833812380540621e+03 2.013962371000000000e+09
5.545917863767619565e+03 2.199382355000000000e+09
5.479240217124353876e+03 1.579831739000000000e+09
5.508557049260284657e+03 3.028307151000000000e+09
5.483630562581420236e+03 1.250565236000000000e+09
5.492500254223990851e+03 2.437248773000000000e+09
5.460604002138837131e+03 4.198948773000000000e+09
5.345182311347474752e+03 2.912381590000000000e+08
5.448444210560220199e+03 1.545614388000000000e+09
5.365872198614283661e+03 2.009425889000000000e+09
5.463254675106530158e+03 9.171915430000000000e+08
5.499585072578520339e+03 1.281012038000000000e+09
5.433378365018092154e+03 1.771728745000000000e+09
5.565118557287214571e+03 1.906425851000000000e+09
5.530550636708641832e+03 4.260120179000000000e+09
5.412618851806489147e+03 4.353663120000000000e+08
5.529499031359546279e+03 2.042887080000000000e+08
5.367770322231888713e+03 4.175996440000000000e+09
5.439012491084638896e+03 1.600012176000000000e+09
5.436481185059719792e+03 3.218548347000000000e+09
5.598486670207185853e+03 2.932230956000000000e+09
5.411797581633353730e+03 2.975280937000000000e+09
5.513775432468739382e+03 3.662173782000000000e+09
5.541300337737176960e+03 3.724599821000000000e+09
5.456287768286469145e+03 2.428282416000000000e+09
5.529745172474391438e+03 5.259622510000000000e+08
5.346037816063237187e+03 1.494218610000000000e+08
5.385993815153430660e+03 2.382718970000000000e+08
5.296452875831800156e+03 3.870104390000000000e+09
5.565598365853880750e+03 2.554635397000000000e+09
5.351460053991861059e+03 3.909334498000000000e+09
5.393902076335907623e+03 1.183684435000000000e+09
5.493690221919165197e+03 3.552017272000000000e+09
5.522097036461542302e+03 2.351609365000000000e+09
5.565251315337763117e+03 8.399548350000000000e+08
5.601367706506100149e+03 1.116678798000000000e+09
5.209979498086653621e+03 2.736196831000000000e+09
5.353005508532822205e+03 1.279102340000000000e+09
5.523028554145089402e+03 1.629106040000000000e+09
5.239081332186997315e+03 4.035794144000000000e+09
5.528496621965226950e+03 7.015667560000000000e+08
5.457328448508384099e+03 2.645495397000000000e+09
5.416054408622123447e+03 3.098313489000000000e+09
5.313064789203112923e+03 8.150974210000000000e+08
5.381329074285395109e+03 1.492398225000000000e+09
5.421579799095628914e+03 1.561407267000000000e+09
5.356150600162424780e+03 2.317389628000000000e+09
5.394240106195124099e+03 2.647462940000000000e+09
5.297880613665289275e+03 3.527551783000000000e+09
5.314473403009176764e+03 1.332922650000000000e+09
5.323513835038576872e+03 3.921288560000000000e+09
5.452594264352341270e+03 2.221657375000000000e+09
5.453025768890562176e+03 2.046686828000000000e+09
5.398118421759016201e+03 5.868983790000000000e+08
5.239567641577966242e+03 3.218137563000000000e+09
5.320151042656966638e+03 4.159639078000000000e+09
5.527601047925825696e+03 2.989478968000000000e+09
5.526916322676290292e+03 2.607996464000000000e+09
5.364586660734044017e+03 2.473046084000000000e+09
5.440232897706663607e+03 5.607836930000000000e+08
5.332079428551605815e+03 2.726175975000000000e+09
5.465356605400338594e+03 8.333295090000000000e+08
5.426061825022106859e+03 4.046025400000000000e+07
5.219360795710472303e+03 5.158065540000000000e+08
5.381113884128113568e+03 3.925797045000000000e+09
5.441688486222139545e+03 3.443816441000000000e+09
5.438327253723271497e+03 1.437534294000000000e+09
5.520601680216572277e+03 4.148206363000000000e+09
