# Lens_likelihood 	 seed
2.581799605939011599e+03 2.243945887000000000e+09
3.688002507648444407e+03 2.442353471000000000e+09
2.635776482273915462e+03 1.914472770000000000e+09
3.677696515111158078e+03 2.357245343000000000e+09
3.295725019893439821e+03 1.898484969000000000e+09
2.953813455478537435e+03 2.546131004000000000e+09
4.645880281756076329e+03 1.386635894000000000e+09
3.759339850025529813e+03 3.928973152000000000e+09
3.988744688893576495e+03 3.384045570000000000e+08
1.545352552884273791e+03 3.159609506000000000e+09
3.131051360332889089e+03 3.601239366000000000e+09
4.940385782057810502e+03 7.887455680000000000e+08
4.606286793596555071e+03 8.472912660000000000e+08
4.699917441893364412e+03 3.327191869000000000e+09
4.118813368910487952e+03 4.286211316000000000e+09
3.979574883885570671e+03 6.175402620000000000e+08
3.785573610452443063e+03 3.670062044000000000e+09
2.055761365266378562e+03 3.858091039000000000e+09
4.742865249079452042e+03 1.580244778000000000e+09
5.063006015556313287e+03 3.418346135000000000e+09
3.703143383962687039e+03 1.371856262000000000e+09
3.287805738882469996e+03 2.493289231000000000e+09
3.082732113429899982e+03 4.844472980000000000e+08
5.311665143351971892e+03 1.395958375000000000e+09
4.141374324848347896e+03 2.015348035000000000e+09
3.357275154632005979e+03 3.541209787000000000e+09
5.462416769183220822e+03 9.681562270000000000e+08
5.020873531671626552e+03 7.699845370000000000e+08
2.772838341634083918e+03 1.871853963000000000e+09
3.770052529057336869e+03 3.159993674000000000e+09
4.125018967545641317e+03 2.178231921000000000e+09
2.040431750792053208e+03 3.029132937000000000e+09
4.288804615780769382e+03 6.551622540000000000e+08
4.461193578632231947e+03 2.572929265000000000e+09
4.363801993816721733e+03 4.328134000000000000e+08
4.858923636884639564e+03 3.276679389000000000e+09
4.127149780658605778e+03 3.666377964000000000e+09
2.415080313519732954e+03 1.482301293000000000e+09
3.526978162452650395e+03 3.383423827000000000e+09
4.413184368342755988e+03 6.498035820000000000e+08
4.445503300015963760e+03 2.676851704000000000e+09
3.390424595154015151e+03 1.905769448000000000e+09
3.535164994358990043e+03 2.731841700000000000e+09
4.207854867882077997e+03 3.774094940000000000e+09
3.108366332635830986e+03 2.058198227000000000e+09
3.702970295499650092e+03 3.309456625000000000e+09
4.224180646504782999e+03 1.699569469000000000e+09
3.891579387129359930e+03 4.903519280000000000e+08
3.350072341695467912e+03 6.169562280000000000e+08
4.970158757671704734e+03 1.468911697000000000e+09
3.575170979185539181e+03 3.397014437000000000e+09
3.972900732842606885e+03 3.045439170000000000e+08
3.837369843480322743e+03 4.146502927000000000e+09
3.949739033616424422e+03 1.872775257000000000e+09
4.056281371881873383e+03 3.570084650000000000e+08
4.454607761282944921e+03 3.023821250000000000e+08
3.532196694974170896e+03 2.593637148000000000e+09
2.249782631464381666e+03 4.589086300000000000e+08
3.574908826798146947e+03 3.915301857000000000e+09
4.057301733463266828e+03 2.350097502000000000e+09
3.760073307306490278e+03 2.789505371000000000e+09
1.830102326793511565e+03 4.203100630000000000e+09
4.437403238201995919e+03 1.021932752000000000e+09
3.091180087998902309e+03 4.098621944000000000e+09
3.132503940725001485e+03 2.442442665000000000e+09
4.281711182467095568e+03 4.084576804000000000e+09
2.851640070832836500e+03 2.048320620000000000e+09
3.598158995002497250e+03 1.062192409000000000e+09
4.835995945253114769e+03 3.850737248000000000e+09
4.374014522582960126e+03 1.176443713000000000e+09
2.879423911734183093e+03 2.398809180000000000e+09
5.227030126333424960e+03 8.011766530000000000e+08
2.238174844276382828e+03 1.143881431000000000e+09
4.702871121927395507e+03 1.092067869000000000e+09
4.380176051297794402e+03 7.715045520000000000e+08
4.011984874410398334e+03 4.100756174000000000e+09
3.975062922521819019e+03 1.013111445000000000e+09
3.824837267629323833e+03 2.097875041000000000e+09
5.603635368602224844e+03 3.702886723000000000e+09
4.286185714083043422e+03 6.012092650000000000e+08
5.008417315950769989e+03 4.022130214000000000e+09
3.800379078881584974e+03 3.375083080000000000e+08
4.446000488128938741e+03 3.602669564000000000e+09
1.584936707461363767e+03 3.920244588000000000e+09
3.021617589748077989e+03 8.741102130000000000e+08
1.762673889399140535e+03 5.397640240000000000e+08
4.957162849010135687e+03 9.224226850000000000e+08
3.419533594114356674e+03 5.980534490000000000e+08
3.328803916602051686e+03 7.916447500000000000e+07
3.349331745854792644e+03 1.939441389000000000e+09
4.336824307555700216e+03 1.281537930000000000e+08
5.139047672880127720e+03 1.638940060000000000e+09
4.678397352015824254e+03 4.942121140000000000e+08
3.341915990038100063e+03 2.589454288000000000e+09
3.178426761003634965e+03 2.483458218000000000e+09
4.275769980155824669e+03 1.242064920000000000e+08
3.798942416187460367e+03 1.244399800000000000e+07
4.390147081333328970e+03 3.040421821000000000e+09
4.949189219036327813e+03 7.619802100000000000e+07
4.445519285524065708e+03 3.777050209000000000e+09
4.955116245001034258e+03 2.946293371000000000e+09
3.539376604454206245e+03 3.766522911000000000e+09
3.102223289464064692e+03 2.344008098000000000e+09
4.466405979341846432e+03 2.565919532000000000e+09
4.592299265677307631e+03 3.068158550000000000e+08
4.032332093057298152e+03 2.264934130000000000e+09
2.122883627380096186e+03 2.126213419000000000e+09
3.828174295893853014e+03 2.522593551000000000e+09
3.020036886332540234e+03 1.005287305000000000e+09
4.808327901226354697e+03 9.597458590000000000e+08
5.071328240784156151e+03 2.188046524000000000e+09
3.796031418242573636e+03 6.689778960000000000e+08
3.101073800288155326e+03 6.459309690000000000e+08
3.370547316786655756e+03 9.526164390000000000e+08
3.443201968471883447e+03 2.819568575000000000e+09
4.683733103120499436e+03 3.550002753000000000e+09
3.557615204709972204e+03 7.256856260000000000e+08
1.798292412669597070e+03 4.071517791000000000e+09
4.831458451584989234e+03 2.870998298000000000e+09
5.528851096402813710e+03 4.196642907000000000e+09
3.958046202636565795e+03 1.634878317000000000e+09
2.878325252459203512e+03 1.369625882000000000e+09
4.204681009798439845e+03 1.115079391000000000e+09
2.960464630205830872e+03 2.839957973000000000e+09
4.382034240262662934e+03 3.986476441000000000e+09
4.985940136117071233e+03 3.637578155000000000e+09
4.525516253254907497e+03 2.584978880000000000e+09
3.801109863150381898e+03 2.966324509000000000e+09
2.113060330456450174e+03 2.938687746000000000e+09
4.086631448275818002e+03 3.206942802000000000e+09
2.594623903139685353e+03 2.059284655000000000e+09
3.080490002289780023e+03 3.098443391000000000e+09
4.202127511931485060e+03 1.966192184000000000e+09
4.143870664322064840e+03 1.983184079000000000e+09
1.994161695013925964e+03 1.213991035000000000e+09
1.570898055860885506e+03 4.306748500000000000e+07
4.980422821523497078e+03 1.154234027000000000e+09
4.418099409839656801e+03 4.037458985000000000e+09
5.084889034343992535e+03 5.359078540000000000e+08
5.174123749655607753e+03 3.289697655000000000e+09
2.921235126028161176e+03 3.433483181000000000e+09
3.102385688252986256e+03 2.624603308000000000e+09
2.128553574430830849e+03 1.595237203000000000e+09
4.200327580113729709e+03 2.988716610000000000e+08
3.659670290409748304e+03 4.001204796000000000e+09
4.033035901083256249e+03 3.969187167000000000e+09
3.951421903440609640e+03 6.422550410000000000e+08
3.807224976595661246e+03 4.067125332000000000e+09
4.316895066216011401e+03 4.110242900000000000e+09
3.274449994804248490e+03 6.392653520000000000e+08
3.608420666332138353e+03 2.095358255000000000e+09
1.843401138660516153e+03 1.369179508000000000e+09
4.954378247500952057e+03 2.342974996000000000e+09
2.450336368847261838e+03 2.213246270000000000e+09
2.083037301230070625e+03 3.020506450000000000e+08
3.656785427876210633e+03 2.126292650000000000e+08
3.574077220974774718e+03 3.335736491000000000e+09
3.794791150287965138e+03 3.887493689000000000e+09
2.913544509046932944e+03 2.954498401000000000e+09
3.631405534413773239e+03 2.694154090000000000e+08
2.631989638756534077e+03 3.464570165000000000e+09
1.709252120146317793e+03 3.975167014000000000e+09
4.221904837236016647e+03 3.907021456000000000e+09
4.247383708651584129e+03 1.345674180000000000e+09
4.628073759608669207e+03 2.818526685000000000e+09
4.671517583420749361e+03 2.291185834000000000e+09
3.873971102680781769e+03 2.804261068000000000e+09
3.583093294376239101e+03 3.628477402000000000e+09
2.650087115294038995e+03 3.227502233000000000e+09
5.031578077026484607e+03 1.896308350000000000e+09
4.329175817120493775e+03 1.237475086000000000e+09
3.156530647438833512e+03 1.746033590000000000e+08
4.318878698734941281e+03 3.888851284000000000e+09
3.196061914748903291e+03 3.111688874000000000e+09
3.868132397762462460e+03 1.097715654000000000e+09
3.684354168981499242e+03 2.043349882000000000e+09
2.424576245249412750e+03 2.325045520000000000e+08
3.279145826432367357e+03 2.907846750000000000e+09
3.213418075360805233e+03 3.360030410000000000e+09
2.438402250756304056e+03 2.885012148000000000e+09
3.739971484297961979e+03 5.855474270000000000e+08
4.326274760938606050e+03 4.484800250000000000e+08
2.464379814077445189e+03 1.796958513000000000e+09
4.779551988786888614e+03 4.172184883000000000e+09
2.064694180789030725e+03 1.035354023000000000e+09
4.069238419356276609e+03 3.331387480000000000e+08
2.685956123488869707e+03 2.915819247000000000e+09
2.583757108655547199e+03 3.217801280000000000e+08
1.489552529069168486e+03 1.909697161000000000e+09
3.614196729513500941e+03 2.162401555000000000e+09
2.851607555535080792e+03 1.458492314000000000e+09
4.203187908672953199e+03 5.023143560000000000e+08
3.365215140969682579e+03 2.266999646000000000e+09
5.612682663383299769e+03 2.748676075000000000e+09
3.504681628085379089e+03 2.659414677000000000e+09
4.238510039603275800e+03 8.873912540000000000e+08
1.965823019863628360e+03 2.307822584000000000e+09
4.472719972232065629e+03 1.509091132000000000e+09
3.981704441155477070e+03 9.235362740000000000e+08
3.664861983501121358e+03 1.072357109000000000e+09
1.294364899826308829e+03 2.278957649000000000e+09
2.853152276034953502e+03 1.838511427000000000e+09
4.177831249150474832e+03 1.210767960000000000e+09
3.049222499041062292e+03 8.188338850000000000e+08
2.718131760253583707e+03 7.725735250000000000e+08
3.970021508443653147e+03 2.806752562000000000e+09
1.912081092817697936e+03 3.374483462000000000e+09
4.870670366945564638e+03 2.807288174000000000e+09
3.123625691215634106e+03 7.569471750000000000e+08
4.410416206604968465e+03 3.594738210000000000e+08
3.147325091395296113e+03 7.952228740000000000e+08
4.857442494790444471e+03 7.528319790000000000e+08
3.174685084054888648e+03 3.335112840000000000e+09
5.332363226394525554e+03 2.638792565000000000e+09
5.172677481036250356e+03 3.703229710000000000e+09
5.297649658618695867e+03 1.193557747000000000e+09
3.532513307156591509e+03 2.077739025000000000e+09
4.800363927858596071e+03 2.806650184000000000e+09
4.584353245508318651e+03 1.078464328000000000e+09
4.937956584594610831e+03 1.773525650000000000e+09
3.181942391907859928e+03 1.690377652000000000e+09
3.724875247619060247e+03 2.610195488000000000e+09
4.634966720941798485e+03 3.741232629000000000e+09
4.714561681271055932e+03 3.683540645000000000e+09
4.165793286737856761e+03 2.169239794000000000e+09
2.839838227684090270e+03 8.166459790000000000e+08
3.753884711968666124e+03 3.289039242000000000e+09
4.501800016197325021e+03 1.753200556000000000e+09
3.171194497496077929e+03 3.310095154000000000e+09
3.658153578018588632e+03 2.916534009000000000e+09
1.521219813967622940e+03 2.812570863000000000e+09
5.625297676265163318e+03 7.740859580000000000e+08
3.716671109693456856e+03 3.069418173000000000e+09
2.161895545299921650e+03 3.252607364000000000e+09
4.800292890567290669e+03 2.066382761000000000e+09
4.763056387417873339e+03 1.207708470000000000e+09
3.426560724824995305e+03 3.271586660000000000e+08
4.370649836319303176e+03 1.647207945000000000e+09
4.952815400102725107e+03 3.471371941000000000e+09
5.235309666800614650e+03 2.628099728000000000e+09
3.563273044308833960e+03 2.689913891000000000e+09
5.343907370552826251e+03 3.338193214000000000e+09
3.866663387392725781e+03 2.832915819000000000e+09
1.654387941526888426e+03 1.253666210000000000e+09
3.386159332746913606e+03 4.596221330000000000e+08
3.007708448594887159e+03 2.244538994000000000e+09
3.185880779429467111e+03 2.672787348000000000e+09
3.295211943658197924e+03 2.014646089000000000e+09
3.829286199892834702e+03 7.610075690000000000e+08
4.089818640556014543e+03 4.235790511000000000e+09
4.256380303470939907e+03 4.158313009000000000e+09
4.478144310065632453e+03 2.266962662000000000e+09
4.633445533108449126e+03 1.371299705000000000e+09
3.742456860695122487e+03 3.523722694000000000e+09
4.311782003446280214e+03 1.257345327000000000e+09
2.966045756126497508e+03 3.543870491000000000e+09
3.673560390006916350e+03 2.655663800000000000e+08
4.482431083467962708e+03 3.787923464000000000e+09
5.268439481283635359e+03 2.001165562000000000e+09
2.970479307904268353e+03 4.142599096000000000e+09
3.805470766497383011e+03 1.151299482000000000e+09
3.451382168575286414e+03 3.452265600000000000e+08
3.430633902278560527e+03 3.352077231000000000e+09
5.486518969738893247e+03 3.346405325000000000e+09
5.447964443687947096e+03 2.881915445000000000e+09
2.802741913410163761e+03 1.161346568000000000e+09
4.208179615536846541e+03 4.130168790000000000e+08
3.699222635790547429e+03 3.886482574000000000e+09
4.459594632744063347e+03 2.817639684000000000e+09
3.627888518744440262e+03 1.707718272000000000e+09
4.264068197619318198e+03 2.625341663000000000e+09
4.389452618392902878e+03 2.369924166000000000e+09
5.015800495553658948e+03 8.365316030000000000e+08
3.806326148293159349e+03 2.587425151000000000e+09
1.814212954461237132e+03 2.114202682000000000e+09
5.041916497621776216e+03 2.875411780000000000e+08
3.957695741080196058e+03 2.873281996000000000e+09
3.205092107026428494e+03 4.072746276000000000e+09
4.995974178317970654e+03 1.950892130000000000e+09
2.347182176238959983e+03 2.661259918000000000e+09
3.622485957051338119e+03 1.190646206000000000e+09
2.336053920509538329e+03 3.619696559000000000e+09
4.960483996176343680e+03 9.472164910000000000e+08
4.849563435303300139e+03 4.024941038000000000e+09
4.948351398323164176e+03 2.419854927000000000e+09
2.623225076467350846e+03 9.874320380000000000e+08
2.660328942031707811e+03 7.858359490000000000e+08
9.109412112584504939e+02 1.516659436000000000e+09
4.731222194588370257e+03 2.887247621000000000e+09
2.494559248843101159e+03 1.449165873000000000e+09
1.337815789661217423e+03 2.547587235000000000e+09
5.033478883144844986e+03 1.762415257000000000e+09
4.283200365220933236e+03 1.054833733000000000e+09
2.112326778558526712e+03 2.394264725000000000e+09
4.820563458183760304e+03 4.205846761000000000e+09
4.630487557699214449e+03 3.622859901000000000e+09
3.466314690363503360e+03 1.698728123000000000e+09
2.212206027816998358e+03 8.354613730000000000e+08
4.384822534292257842e+03 3.733852005000000000e+09
5.066492301705671707e+03 3.845297471000000000e+09
3.454224742975791742e+03 3.995387850000000000e+09
1.848458184187873485e+03 2.609625815000000000e+09
3.077683679760788436e+03 3.536566319000000000e+09
3.313737353159931445e+03 7.585437500000000000e+08
4.001275016784236868e+03 1.191318206000000000e+09
4.731440188187018066e+03 3.400300650000000000e+08
4.794467615946468868e+03 4.060576355000000000e+09
3.787180287027348641e+03 9.355941320000000000e+08
4.806044162670739752e+03 3.647361593000000000e+09
2.927262115708603233e+03 4.178763540000000000e+09
2.509963986340013435e+03 2.050776979000000000e+09
4.324891866531622327e+03 2.965993460000000000e+09
4.287343509607828310e+03 3.594892370000000000e+08
3.766499865818083890e+03 2.483938089000000000e+09
3.760043321447374183e+03 3.233335882000000000e+09
3.368079689744728057e+03 2.599204254000000000e+09
3.238206551538972235e+03 3.829637281000000000e+09
4.742518734329989456e+03 3.960564290000000000e+08
3.493479696330251500e+03 2.569329639000000000e+09
2.291487011080591401e+03 4.266534800000000000e+09
3.128765054436320497e+03 9.404565780000000000e+08
2.639274765419379946e+03 1.260676144000000000e+09
4.236201085537395556e+03 4.293551655000000000e+09
1.757462678172994856e+03 1.269953530000000000e+09
3.737175820643867155e+03 2.316548697000000000e+09
2.221324101372905716e+03 4.113896135000000000e+09
3.437721478180284976e+03 2.863034793000000000e+09
3.733715627257422057e+03 4.043949417000000000e+09
3.000774751160085543e+03 3.125452019000000000e+09
4.770582439331101341e+03 1.813922194000000000e+09
3.423422793896339499e+03 2.906951704000000000e+09
1.184745431064342483e+03 2.781762295000000000e+09
4.855248493488526947e+03 1.248416906000000000e+09
5.349660063628400167e+03 7.557728330000000000e+08
3.100809768436522972e+03 3.123895624000000000e+09
2.828086935252099465e+03 2.759134286000000000e+09
4.945714579261688414e+03 9.858505580000000000e+08
4.100192585691365821e+03 3.904780071000000000e+09
4.094043834287936988e+03 1.792656756000000000e+09
3.814188017874277648e+03 3.187829620000000000e+09
3.739083821962267393e+03 3.640174569000000000e+09
4.497513044181276200e+03 2.968737687000000000e+09
3.275653630700569011e+03 3.348044359000000000e+09
3.570232784975710274e+03 6.374946070000000000e+08
5.105505811751680085e+03 9.628211010000000000e+08
5.143967682347118171e+03 2.655256960000000000e+09
4.898932389225021325e+03 1.870734460000000000e+08
2.262626768103046743e+03 1.041323956000000000e+09
4.996538930713509217e+03 1.224330203000000000e+09
4.713998469768228460e+03 1.923480052000000000e+09
