# Lens_likelihood 	 seed
5.442760273911634613e+03 3.896109971000000000e+09
5.405413994398719296e+03 3.360179261000000000e+09
5.311697952594809976e+03 1.876485217000000000e+09
5.332593235649364942e+03 3.608500922000000000e+09
5.048263753176130194e+03 4.044977538000000000e+09
5.373599145391137426e+03 5.428182760000000000e+08
4.952468453280234826e+03 2.689978071000000000e+09
5.325325553911023235e+03 1.365292338000000000e+09
5.045129577593204885e+03 1.443411443000000000e+09
5.432721005807942674e+03 3.622390919000000000e+09
5.303633206759401219e+03 3.171413390000000000e+08
5.221396643809364832e+03 3.784206295000000000e+09
5.284758602064333900e+03 9.216450650000000000e+08
4.899943190871346815e+03 2.874926236000000000e+09
5.118214991032818943e+03 3.169265479000000000e+09
5.230995300865486570e+03 1.484897724000000000e+09
5.236609578747992600e+03 8.659112720000000000e+08
5.270998060499785424e+03 3.515602473000000000e+09
5.347067808350835548e+03 4.125978856000000000e+09
5.508826643506778055e+03 1.637537329000000000e+09
5.051902468285552459e+03 2.335457233000000000e+09
5.336726119005332293e+03 2.504474770000000000e+08
5.644190385338126362e+03 2.290636131000000000e+09
5.225069076334097190e+03 3.401405746000000000e+09
5.340432180490510291e+03 3.021663549000000000e+09
5.104080801618005353e+03 2.722135363000000000e+09
5.220299282945553387e+03 3.061689296000000000e+09
4.967050595922943103e+03 1.180296266000000000e+09
5.529451857976143401e+03 3.173861739000000000e+09
5.378749028857574558e+03 1.079424082000000000e+09
5.501328027756628217e+03 1.808085615000000000e+09
5.349582294518846538e+03 2.129390169000000000e+09
5.369975498988334948e+03 4.437155880000000000e+08
5.508449277075389546e+03 2.223909700000000000e+07
5.061634701715765914e+03 4.100712143000000000e+09
5.422843502673262265e+03 1.702939264000000000e+09
5.328947088636443368e+03 1.250963391000000000e+09
5.186963239053089637e+03 5.656055270000000000e+08
5.151476445973895352e+03 3.460624251000000000e+09
5.561895745289650222e+03 1.673835799000000000e+09
5.009636041838650272e+03 1.014386974000000000e+09
5.583820399878555691e+03 2.838023137000000000e+09
5.022951482276732349e+03 3.302985077000000000e+09
5.311178662088816054e+03 2.060342366000000000e+09
5.073641471350112624e+03 1.106139125000000000e+09
5.517532930841716734e+03 7.440457000000000000e+06
5.426947595010928126e+03 6.644836750000000000e+08
5.018252642584517162e+03 1.721125651000000000e+09
5.082328267393522765e+03 3.531433474000000000e+09
4.919937101141640596e+03 2.691724677000000000e+09
5.139471805080711420e+03 2.260939600000000000e+07
5.350745030355439667e+03 1.387115428000000000e+09
5.544147230259106436e+03 3.070859180000000000e+08
5.444934745835163994e+03 5.063372650000000000e+08
5.095827706039255645e+03 1.805156092000000000e+09
5.152680887004494252e+03 9.060416860000000000e+08
4.880292290165098166e+03 6.389147350000000000e+08
4.956755178833813261e+03 3.849699211000000000e+09
5.296500855667428368e+03 9.602470600000000000e+07
5.154921653583418447e+03 4.998559590000000000e+08
5.345425348635441878e+03 3.456558492000000000e+09
5.428551427935298307e+03 5.961784090000000000e+08
5.394385379500104136e+03 1.860335130000000000e+09
5.469669170688406666e+03 1.446994650000000000e+08
5.349422774733855476e+03 3.052481351000000000e+09
5.601426537077930334e+03 7.961350640000000000e+08
5.006016242201820205e+03 4.228235511000000000e+09
5.059822965694271261e+03 1.422660010000000000e+08
5.090076636986144877e+03 2.270296514000000000e+09
5.209460256392055271e+03 3.245415730000000000e+09
5.407017102487629018e+03 2.971290556000000000e+09
5.186188649706527940e+03 1.402443990000000000e+09
5.255499336945978030e+03 3.006102397000000000e+09
4.790734912565952982e+03 1.757871894000000000e+09
5.300391755042792283e+03 1.523547868000000000e+09
5.261925156378290922e+03 1.901788846000000000e+09
5.488936043638550473e+03 1.825831265000000000e+09
4.884399561754627939e+03 2.763848380000000000e+09
5.306743851205159444e+03 3.707322012000000000e+09
5.268060498540037770e+03 3.017522184000000000e+09
5.267836815723861946e+03 1.380777550000000000e+09
5.087005133673315868e+03 3.478583498000000000e+09
5.129511376912903870e+03 3.397127970000000000e+09
5.071975083017639918e+03 3.642901816000000000e+09
5.231147296922859823e+03 7.016261220000000000e+08
5.216542607826153471e+03 2.273478668000000000e+09
4.931152738406110984e+03 3.257900654000000000e+09
4.915469562889426015e+03 3.728559838000000000e+09
5.258324031454279975e+03 6.939221110000000000e+08
5.375915601894385873e+03 5.152390980000000000e+08
5.563738578336900900e+03 4.018010936000000000e+09
5.192451265383297141e+03 3.993376710000000000e+08
5.246565059094587923e+03 5.960949320000000000e+08
5.288678380850457870e+03 7.503003960000000000e+08
5.371172043261725776e+03 1.838051550000000000e+08
5.380636116220433905e+03 2.095541935000000000e+09
5.121683782478046851e+03 3.247063322000000000e+09
5.232199871405990962e+03 1.339486100000000000e+09
4.768909833904230254e+03 1.970826472000000000e+09
5.307726770762095839e+03 3.849340590000000000e+08
5.424810875743207362e+03 3.872429289000000000e+09
4.998897802685756687e+03 1.460203042000000000e+09
5.510004493724674830e+03 3.964869694000000000e+09
5.417874036204427284e+03 1.137058920000000000e+08
5.310176054520587059e+03 2.411601820000000000e+09
5.304795344156703322e+03 3.900978890000000000e+09
5.198238465941511095e+03 2.603485415000000000e+09
5.491141235781184150e+03 2.863008480000000000e+09
5.300990085097660995e+03 2.938235738000000000e+09
5.011902612780257186e+03 4.131049591000000000e+09
5.482215047864361622e+03 5.790252670000000000e+08
5.341758555139878808e+03 6.632777000000000000e+08
4.927167272206706912e+03 2.774485110000000000e+09
4.922735619290050636e+03 8.909731720000000000e+08
5.315312859086736353e+03 4.060416705000000000e+09
4.755431834307492863e+03 2.566179827000000000e+09
5.225830860831143582e+03 8.981117810000000000e+08
5.466736109656574627e+03 3.101199020000000000e+09
4.916918336092197933e+03 1.509832362000000000e+09
5.338161887645686875e+03 2.807898938000000000e+09
5.017591806050138985e+03 2.720262809000000000e+09
5.237608059739059172e+03 3.393268974000000000e+09
5.091239188854027816e+03 2.579541710000000000e+08
5.198729530804823298e+03 1.868435662000000000e+09
5.027151036988437227e+03 2.075580244000000000e+09
5.092485548610213300e+03 7.116044270000000000e+08
5.235791007371322848e+03 2.569147337000000000e+09
4.989446593596841922e+03 4.084370535000000000e+09
5.010777603368198470e+03 6.002668470000000000e+08
5.219646337371536902e+03 7.093164030000000000e+08
5.109732242148775185e+03 2.340641964000000000e+09
5.262130909584400797e+03 5.375326280000000000e+08
5.357159268488932867e+03 9.724642150000000000e+08
5.117435545404043296e+03 2.815152170000000000e+08
5.308748261781635847e+03 4.133849835000000000e+09
5.092310250309199546e+03 1.304267012000000000e+09
4.884457903224494657e+03 1.803479300000000000e+08
5.187681164791520132e+03 2.316414001000000000e+09
5.278319660085611758e+03 2.931479780000000000e+09
5.134214106299420564e+03 2.345651611000000000e+09
5.231210778143245079e+03 1.629944396000000000e+09
5.027117748806943382e+03 3.448004881000000000e+09
5.234324321476648947e+03 3.113147518000000000e+09
5.314438869936670926e+03 7.427175050000000000e+08
5.439129163598514424e+03 1.918663888000000000e+09
5.433462734846361855e+03 2.999391355000000000e+09
4.873087569704084672e+03 3.887565892000000000e+09
5.437854772100226910e+03 3.518766360000000000e+08
5.166900629363202825e+03 2.610746066000000000e+09
5.123983679815095456e+03 3.818398120000000000e+09
5.399383863880591889e+03 4.057893283000000000e+09
5.549178248015045028e+03 5.191817400000000000e+07
5.624754262994166311e+03 3.250999660000000000e+09
5.137254634752425773e+03 3.816558758000000000e+09
5.131106565726965528e+03 7.053937240000000000e+08
5.460572276193779544e+03 3.496059810000000000e+08
5.339084161287679308e+03 3.413948831000000000e+09
5.035683878916197500e+03 3.111968623000000000e+09
5.072202263185006814e+03 3.151816451000000000e+09
5.375987239402527848e+03 3.598258647000000000e+09
5.193782071066367280e+03 4.193313767000000000e+09
5.056292237756335453e+03 1.162288797000000000e+09
5.178966890561951004e+03 1.078490111000000000e+09
5.229239605534992734e+03 4.188607431000000000e+09
5.326519149426305376e+03 1.775344570000000000e+08
5.504384112660991377e+03 3.237622398000000000e+09
4.895506511501377645e+03 1.613184816000000000e+09
5.388609646379925834e+03 4.654701610000000000e+08
5.257795845102671592e+03 3.930155710000000000e+08
5.402552355491246999e+03 3.509158313000000000e+09
5.353404536331050622e+03 2.980000407000000000e+09
5.078383331025284861e+03 2.960544749000000000e+09
5.242497353809679225e+03 1.099534146000000000e+09
5.327394978572421678e+03 3.213839940000000000e+09
5.006856932151367801e+03 1.585124419000000000e+09
4.997396611497368212e+03 1.346321835000000000e+09
5.315514974971399170e+03 2.574901465000000000e+09
5.146638045852192590e+03 1.130814240000000000e+08
4.891044924046407687e+03 2.410740320000000000e+08
5.242992210326990971e+03 4.140811904000000000e+09
5.335805079618231503e+03 3.151387696000000000e+09
4.971482395911371896e+03 3.885961220000000000e+08
5.476005063027179858e+03 8.378680600000000000e+07
5.210404930547073491e+03 1.524431185000000000e+09
5.403736446489669106e+03 1.218098929000000000e+09
5.443257199037180726e+03 2.529876529000000000e+09
5.058713131288895966e+03 3.614144014000000000e+09
4.958581371677363677e+03 3.934339489000000000e+09
5.231315474696538331e+03 1.278385384000000000e+09
5.382243790720243851e+03 7.994428060000000000e+08
5.390550143258380558e+03 3.408989865000000000e+09
5.183980272250261805e+03 3.918148207000000000e+09
5.105997220156654294e+03 1.966685418000000000e+09
5.442838927554715156e+03 2.781935813000000000e+09
5.336137597023107446e+03 1.907307640000000000e+08
5.195653915828832396e+03 3.068763516000000000e+09
5.471119188200535064e+03 2.873235468000000000e+09
5.245014736621740667e+03 1.074359030000000000e+08
5.702147167977734171e+03 3.821734486000000000e+09
5.190281443003037566e+03 3.235312335000000000e+09
5.467775915842612449e+03 4.197476858000000000e+09
5.262567365686822995e+03 1.625877782000000000e+09
5.360655865943828758e+03 1.374000969000000000e+09
4.990686822844432754e+03 2.423622690000000000e+08
5.068103122429287396e+03 2.788128126000000000e+09
4.945029587333305244e+03 2.904539436000000000e+09
5.356983983299571264e+03 3.374491448000000000e+09
5.262393038786983197e+03 7.545349680000000000e+08
5.249872059772213106e+03 2.060142370000000000e+09
5.395632435613284542e+03 1.343151076000000000e+09
5.369277095575915155e+03 3.996299096000000000e+09
5.634983465805687956e+03 2.652845710000000000e+09
5.331286685547584057e+03 2.005911274000000000e+09
5.147834126500749335e+03 4.217258168000000000e+09
5.326290034695788563e+03 3.742930479000000000e+09
4.878331120341182213e+03 3.667733934000000000e+09
5.479062035453140197e+03 3.165587880000000000e+08
5.221857115163441449e+03 2.361996032000000000e+09
5.268695675670103810e+03 3.957291310000000000e+09
5.033724458781920475e+03 4.821941150000000000e+08
5.314766175477221623e+03 2.768263012000000000e+09
5.098883241874791565e+03 4.190847259000000000e+09
5.585459548355134757e+03 5.943189600000000000e+07
5.233383753789395996e+03 7.626326560000000000e+08
5.400197810903800928e+03 3.581636569000000000e+09
5.295268457092802237e+03 4.244379074000000000e+09
5.404289878574243630e+03 1.873750838000000000e+09
5.120701918266855500e+03 1.566661296000000000e+09
5.292646953000223220e+03 1.502619485000000000e+09
4.919786898880959598e+03 2.016444055000000000e+09
4.968385891806539803e+03 3.328722650000000000e+08
5.299401305907883398e+03 6.466903200000000000e+07
5.235971808499556573e+03 3.486392378000000000e+09
5.567555987440508943e+03 3.491177382000000000e+09
4.957790454642528857e+03 3.801735534000000000e+09
5.262609699202410411e+03 8.110892890000000000e+08
5.209973677463622153e+03 2.454545830000000000e+09
5.051793025307039898e+03 1.117590268000000000e+09
5.194492992610525107e+03 7.324175000000000000e+08
5.127127448285840728e+03 5.074936350000000000e+08
5.472709209407170420e+03 3.821879698000000000e+09
5.195065807790604595e+03 3.395273469000000000e+09
5.293163281214497147e+03 9.951037060000000000e+08
5.244892882648909108e+03 2.494060475000000000e+09
4.787033549287318237e+03 4.277918400000000000e+08
5.261774052152864897e+03 1.814325778000000000e+09
4.974455021666246466e+03 7.013519600000000000e+07
5.030618198526906781e+03 4.096510035000000000e+09
5.091489945000725129e+03 2.384313720000000000e+08
5.157340584885710996e+03 1.820390796000000000e+09
5.059424323750370604e+03 4.847922670000000000e+08
4.870288432839325651e+03 1.589080456000000000e+09
5.282645747037737237e+03 3.476485057000000000e+09
5.591449813844513301e+03 3.309837183000000000e+09
5.148556386864535853e+03 1.911728167000000000e+09
5.145506594589832275e+03 3.586184148000000000e+09
5.288505033484998421e+03 4.161116393000000000e+09
5.392522632461596004e+03 2.517846349000000000e+09
5.607220956364237281e+03 4.577820660000000000e+08
5.256889149460907902e+03 1.381377633000000000e+09
4.887129759489171192e+03 1.717057045000000000e+09
5.174507627169245097e+03 2.289611200000000000e+09
5.036476805582869929e+03 2.173469257000000000e+09
5.231765882262092418e+03 2.537130446000000000e+09
5.086955702952584033e+03 3.863594029000000000e+09
5.225195774007775071e+03 4.145850571000000000e+09
5.054379051592289215e+03 1.052124423000000000e+09
5.343758053201171606e+03 2.901246815000000000e+09
5.002597301861091182e+03 1.369166710000000000e+08
5.258018548020461822e+03 3.591691681000000000e+09
5.091395559921969834e+03 3.807825971000000000e+09
4.877049218132402530e+03 2.677330685000000000e+09
5.415167906330905680e+03 3.685364155000000000e+09
5.444343451752267356e+03 2.208409963000000000e+09
5.212648336960490269e+03 3.410651739000000000e+09
5.032411110138303229e+03 2.661410215000000000e+09
5.379095826362328808e+03 3.057243739000000000e+09
4.928807034990177272e+03 1.158252190000000000e+09
5.361720852833188474e+03 3.063261608000000000e+09
5.026643424098394462e+03 6.969424040000000000e+08
5.504792883273539701e+03 4.704315840000000000e+08
5.112513494323828127e+03 1.517505671000000000e+09
5.290186447723590391e+03 2.901329664000000000e+09
5.326131950004922146e+03 4.729817450000000000e+08
5.189805066170463760e+03 1.449110863000000000e+09
5.214139946419905755e+03 2.943963632000000000e+09
4.951764683777397295e+03 1.851639207000000000e+09
5.238214168948451515e+03 4.098318100000000000e+08
5.025439710287187154e+03 2.799767290000000000e+09
5.259747692071054189e+03 1.275431777000000000e+09
5.404726265493425672e+03 1.074942287000000000e+09
5.176103879531660823e+03 3.061731746000000000e+09
5.005769194289186999e+03 2.179758301000000000e+09
5.152401560634112684e+03 4.104834675000000000e+09
5.170975307007954143e+03 2.941733068000000000e+09
5.271926035678578955e+03 6.536873590000000000e+08
4.721962825692220576e+03 5.799358660000000000e+08
5.183714086301214593e+03 2.329235183000000000e+09
5.382355469491192707e+03 2.575306356000000000e+09
5.528530994562141132e+03 2.698633294000000000e+09
5.055982212201237417e+03 3.106750633000000000e+09
5.327887860629409261e+03 2.770481893000000000e+09
4.887678096151892532e+03 3.889452742000000000e+09
5.420584757545013417e+03 4.249926476000000000e+09
5.420074242692229745e+03 4.188275927000000000e+09
5.526795692939281253e+03 2.956734508000000000e+09
5.432025254229311031e+03 1.275993962000000000e+09
5.142137421415740391e+03 3.753434693000000000e+09
4.835772862670262839e+03 9.292695300000000000e+07
5.448139977439149334e+03 1.500067473000000000e+09
5.058654818636799973e+03 2.533577737000000000e+09
4.951385220421943814e+03 2.322937849000000000e+09
5.260066267250541387e+03 1.854659144000000000e+09
5.202141177711045202e+03 4.134868841000000000e+09
5.485237343558754219e+03 3.201947699000000000e+09
5.049430471966821642e+03 3.602207260000000000e+09
5.423923045930891931e+03 7.685106200000000000e+07
5.312958306157432162e+03 1.130153376000000000e+09
5.327663580355012527e+03 2.744427369000000000e+09
5.086764044924275368e+03 3.553117060000000000e+08
5.121852273112446710e+03 1.073617353000000000e+09
5.426942938953707198e+03 2.102723362000000000e+09
5.312703795173641083e+03 1.298988965000000000e+09
5.217439278905627361e+03 1.423737946000000000e+09
5.306332420164610085e+03 4.049880851000000000e+09
5.407537441745269462e+03 2.833927312000000000e+09
5.313589195579964326e+03 1.862075815000000000e+09
5.110426123743165590e+03 1.030459590000000000e+09
5.269505167564218937e+03 2.028487468000000000e+09
4.989884397912914210e+03 2.144754495000000000e+09
5.062516214063371081e+03 3.405696071000000000e+09
5.427650367486407958e+03 3.501366050000000000e+08
5.240447153610065470e+03 3.922072882000000000e+09
5.447828883321555622e+03 8.695518480000000000e+08
5.283237133948417068e+03 3.436668712000000000e+09
5.256960634351797125e+03 2.964376009000000000e+09
5.501314467278625671e+03 3.141379944000000000e+09
5.325216573512683681e+03 2.359204421000000000e+09
5.568363740912433059e+03 1.174715504000000000e+09
4.924481892891901225e+03 2.984626053000000000e+09
5.574059258878376568e+03 5.939726970000000000e+08
5.363793366995603719e+03 3.566258230000000000e+09
5.246677360840945767e+03 1.658534534000000000e+09
5.188495464276884377e+03 9.993133600000000000e+08
5.146169537512778334e+03 8.882168400000000000e+07
5.269779764195613097e+03 2.710258029000000000e+09
5.399351693054522912e+03 3.945479403000000000e+09
5.372476317528553409e+03 3.568696753000000000e+09
5.091106790481739154e+03 3.303859306000000000e+09
5.356330804190598428e+03 4.159556431000000000e+09
