# Lens_likelihood 	 seed
6.507144986080991657e+03 1.165385588000000000e+09
6.493666652403786429e+03 3.174355884000000000e+09
6.499417261901147867e+03 1.517887824000000000e+09
6.507724256053333193e+03 3.990144752000000000e+09
6.498173088625357195e+03 3.511752840000000000e+09
6.503709481410993249e+03 4.049809603000000000e+09
6.477650158304772958e+03 9.862270350000000000e+08
6.496831804342237774e+03 1.809543081000000000e+09
6.511533771922352571e+03 4.285129823000000000e+09
6.492143365780439126e+03 3.591183354000000000e+09
6.506303178940712314e+03 6.598491990000000000e+08
6.512669315613643448e+03 1.955789023000000000e+09
6.512170000685041487e+03 3.844506407000000000e+09
6.501303990891795365e+03 9.121898200000000000e+08
6.500992995424354376e+03 1.235189490000000000e+09
6.507054538902085369e+03 3.754850236000000000e+09
6.498382624862417288e+03 4.007215225000000000e+09
6.497309367538351580e+03 3.300195497000000000e+09
6.504041432823552896e+03 2.802982020000000000e+08
6.524115387193431161e+03 2.242710829000000000e+09
6.514212738880083634e+03 3.397162261000000000e+09
6.493386085677253504e+03 2.069814052000000000e+09
6.504565807245814540e+03 3.234063798000000000e+09
6.508786358776790621e+03 3.665483511000000000e+09
6.489743107600508665e+03 3.430815065000000000e+09
6.509435199654924872e+03 1.793725300000000000e+09
6.498438730536215189e+03 3.172002518000000000e+09
6.512146830175233845e+03 3.289879022000000000e+09
6.504336065883439005e+03 2.673374084000000000e+09
6.498822073357035151e+03 1.961650810000000000e+08
6.534937587947464635e+03 1.163449000000000000e+06
6.514091221872741698e+03 2.610541780000000000e+08
6.500326347350006472e+03 9.037183570000000000e+08
6.519434676631530238e+03 2.851469220000000000e+09
6.509522010993870936e+03 2.389372527000000000e+09
6.477277799748284451e+03 2.076894412000000000e+09
6.504531081870722119e+03 3.924627798000000000e+09
6.497287203461565696e+03 1.889981817000000000e+09
6.500281240540269209e+03 4.048058195000000000e+09
6.517247162091132850e+03 1.705095536000000000e+09
6.515697662324932026e+03 6.880176970000000000e+08
6.513484711765370776e+03 2.910835012000000000e+09
6.490492231996831833e+03 2.166926080000000000e+08
6.508589848436364264e+03 2.321649462000000000e+09
6.489244087219951325e+03 1.547153906000000000e+09
6.498070274243860695e+03 9.853977750000000000e+08
6.503050879999865174e+03 1.456606240000000000e+08
6.503703249111669720e+03 3.565935041000000000e+09
6.513219316026145862e+03 3.193804746000000000e+09
6.501694531977015686e+03 4.277495623000000000e+09
6.510561623778881767e+03 1.882151269000000000e+09
6.519605323130300349e+03 2.546353742000000000e+09
6.504457892981917212e+03 2.968281932000000000e+09
6.518467599735022304e+03 2.455801131000000000e+09
6.493766997573601657e+03 1.640794054000000000e+09
6.503172893438595565e+03 7.682936120000000000e+08
6.504985706483923423e+03 1.812472500000000000e+08
6.499359742570784874e+03 4.276228456000000000e+09
6.510132973334565577e+03 2.588157521000000000e+09
6.513835720845956530e+03 2.601564739000000000e+09
6.484687441102012599e+03 1.660832089000000000e+09
6.483494753820438746e+03 4.275881190000000000e+09
6.508681265179380716e+03 1.431719200000000000e+08
6.515107599775719791e+03 4.721892980000000000e+08
6.515719232819060380e+03 3.456202299000000000e+09
6.496936967025087142e+03 3.451011660000000000e+08
6.516285503341194271e+03 3.151212365000000000e+09
6.521100152319158951e+03 2.706308781000000000e+09
6.529553556696198029e+03 9.640884050000000000e+08
6.500243405517088831e+03 3.932680545000000000e+09
6.484682507371406246e+03 1.627080462000000000e+09
6.505713551032491523e+03 4.293935446000000000e+09
6.508555226309939826e+03 4.538051770000000000e+08
6.518177178017828737e+03 3.359733900000000000e+08
6.508071702634968460e+03 1.195818693000000000e+09
6.471080516771813564e+03 2.638040137000000000e+09
6.496218810319185650e+03 9.297138130000000000e+08
6.496838954358561750e+03 1.641096158000000000e+09
6.511852171204171100e+03 3.030869583000000000e+09
6.506539129243620664e+03 2.745489776000000000e+09
6.498931673322354982e+03 7.401868210000000000e+08
6.506433829850087932e+03 4.274186274000000000e+09
6.504383241267547419e+03 3.871306106000000000e+09
6.506176706803746129e+03 3.833339682000000000e+09
6.495160136871920258e+03 3.002844400000000000e+08
6.522907711368250602e+03 1.268484530000000000e+08
6.497692826591602170e+03 4.020092211000000000e+09
6.511906871065420091e+03 3.788470377000000000e+09
6.503334778571587776e+03 1.400382968000000000e+09
6.500093572872883669e+03 1.961286155000000000e+09
6.513661308358760834e+03 1.191345850000000000e+09
6.519742795072611443e+03 1.391488198000000000e+09
6.510126722216131384e+03 8.224692850000000000e+08
6.510863981009053532e+03 2.464664750000000000e+08
6.497237530107669954e+03 4.091575600000000000e+08
6.520255407420258052e+03 1.667122434000000000e+09
6.499211582159223326e+03 4.882689730000000000e+08
6.521443201789155864e+03 8.115926200000000000e+07
6.488462519557662745e+03 3.283327962000000000e+09
6.494355794387425703e+03 4.213479500000000000e+09
6.479139666759770989e+03 1.733434867000000000e+09
6.504566258655070669e+03 3.078496958000000000e+09
6.491509768630117833e+03 2.751332180000000000e+09
6.523832953015930798e+03 3.176526715000000000e+09
6.495354067379495973e+03 3.139803352000000000e+09
6.499304542082388252e+03 3.024774511000000000e+09
6.503931580310978461e+03 1.023783968000000000e+09
6.487269585022476349e+03 1.357211516000000000e+09
6.487194376582619952e+03 3.006282538000000000e+09
6.495999403315359814e+03 3.839044712000000000e+09
6.517788698439517248e+03 8.114950800000000000e+07
6.518355914981463684e+03 5.336225700000000000e+07
6.502375174656353920e+03 2.491970185000000000e+09
6.506804137229742082e+03 3.520756688000000000e+09
6.517121049447403493e+03 3.651461267000000000e+09
6.513950993472897608e+03 4.231822000000000000e+07
6.490210849520433840e+03 1.220793895000000000e+09
6.525648584382866829e+03 2.338295127000000000e+09
6.495283034859609870e+03 1.550313044000000000e+09
6.488803202308741675e+03 3.101581210000000000e+08
6.512937030222421527e+03 8.871030630000000000e+08
6.515126943756007677e+03 3.525905956000000000e+09
6.508549806232775154e+03 7.504019500000000000e+08
6.522513307441027791e+03 1.592344533000000000e+09
6.517689019660922895e+03 3.737634113000000000e+09
6.490640205072111712e+03 2.957851797000000000e+09
6.510720556329551982e+03 1.716955118000000000e+09
6.497605799176727487e+03 3.821692574000000000e+09
6.519094345953109951e+03 1.202153694000000000e+09
6.500341000591170086e+03 8.710760210000000000e+08
6.515857872149560535e+03 1.708138612000000000e+09
6.513292723912110887e+03 1.836468879000000000e+09
6.486989158813927133e+03 2.893133614000000000e+09
6.515499104562228240e+03 4.468141740000000000e+08
6.510269148694540490e+03 3.871238774000000000e+09
6.475737523829418933e+03 2.658067200000000000e+08
6.488222158660210880e+03 4.050519130000000000e+09
6.513442357846270170e+03 1.713610904000000000e+09
6.522634340395168692e+03 4.131874780000000000e+09
6.508784511468835262e+03 3.142153552000000000e+09
6.518337885081792592e+03 4.083077038000000000e+09
6.487126656387217736e+03 2.481850832000000000e+09
6.514048621121756696e+03 1.517220321000000000e+09
6.510595773450672823e+03 2.957857490000000000e+09
6.512958487535282984e+03 1.226470060000000000e+09
6.502392432256869142e+03 2.356490094000000000e+09
6.514510477353339411e+03 2.305494744000000000e+09
6.489535495260963216e+03 3.693530083000000000e+09
6.526960069688399017e+03 3.241879933000000000e+09
6.499769220275848966e+03 2.978430116000000000e+09
6.508217495849894476e+03 2.039644864000000000e+09
6.485633704741791007e+03 3.340405737000000000e+09
6.507505780375856375e+03 3.763502010000000000e+08
6.508135646820320289e+03 1.153970015000000000e+09
6.491435722464449100e+03 8.963143680000000000e+08
6.508877483977257725e+03 4.121733994000000000e+09
6.497316136722083684e+03 1.059192320000000000e+09
6.503246875572860517e+03 3.245707570000000000e+09
6.515726581469712983e+03 2.547172116000000000e+09
6.515828240874789117e+03 2.044545499000000000e+09
6.504857393955339830e+03 3.445984825000000000e+09
6.519499512170970775e+03 3.358152751000000000e+09
6.512793509017599717e+03 9.851958850000000000e+08
6.509754716923968772e+03 2.098834125000000000e+09
6.521003931755929443e+03 1.085068344000000000e+09
6.501589864477942683e+03 4.963617020000000000e+08
6.519006227681664313e+03 2.998087781000000000e+09
6.521090388812400306e+03 1.608215706000000000e+09
6.494649814746750053e+03 1.081107617000000000e+09
6.505887071677771019e+03 4.511549410000000000e+08
6.499986469312761074e+03 1.569021580000000000e+09
6.524335218229336533e+03 3.433049065000000000e+09
6.504025063212890927e+03 2.455465928000000000e+09
6.511402039615698413e+03 2.085460738000000000e+09
6.511355751268254608e+03 3.126799631000000000e+09
6.525290806979139234e+03 3.799009544000000000e+09
6.513745890216749103e+03 1.588549773000000000e+09
6.487582525680860272e+03 2.101376014000000000e+09
6.511197464945733373e+03 1.160000105000000000e+09
6.509822724644107439e+03 2.979134037000000000e+09
6.509266688737258846e+03 1.177729609000000000e+09
6.499462581223487177e+03 2.527480238000000000e+09
6.514246877501242125e+03 4.240267634000000000e+09
6.523526518005360231e+03 1.760291791000000000e+09
6.503505186416048673e+03 2.531023395000000000e+09
6.499055297487671851e+03 4.170607360000000000e+08
6.497010555503826254e+03 2.455392237000000000e+09
6.505158821276649178e+03 4.606430150000000000e+08
6.509619143871340384e+03 4.104100731000000000e+09
6.515199091652850257e+03 3.641695358000000000e+09
6.509596442510063753e+03 1.590405970000000000e+09
6.492285046463101025e+03 3.068821168000000000e+09
6.509568048417670070e+03 2.972746855000000000e+09
6.516361985995833493e+03 3.754719896000000000e+09
6.505234209471464055e+03 2.347666263000000000e+09
6.496977233586785587e+03 1.205801376000000000e+09
6.502621424148859660e+03 3.457419713000000000e+09
6.496780727995384950e+03 2.174467004000000000e+09
6.498852353265056990e+03 4.105738134000000000e+09
6.509416024400422430e+03 2.695132576000000000e+09
6.511187357845790757e+03 1.961180460000000000e+09
6.515480516329207603e+03 3.269617084000000000e+09
6.492840551890458300e+03 1.792807070000000000e+09
6.496679843729699314e+03 3.510217481000000000e+09
6.521337038018476960e+03 2.777208578000000000e+09
6.510995599383126319e+03 1.149343524000000000e+09
6.518869329898142496e+03 1.694412700000000000e+09
6.474140417956206875e+03 1.847927418000000000e+09
6.500012467719902816e+03 3.895821579000000000e+09
6.497515072219426656e+03 3.949854294000000000e+09
6.503155546468810826e+03 2.487159073000000000e+09
6.474585731154886162e+03 1.585618582000000000e+09
6.508864694010505445e+03 2.385557851000000000e+09
6.508390847630524149e+03 3.710568518000000000e+09
6.519465939775012885e+03 5.854268770000000000e+08
6.497713052071264428e+03 1.063738021000000000e+09
6.506925997698999709e+03 6.792004830000000000e+08
6.489197874588196100e+03 1.640658380000000000e+09
6.509589782710389045e+03 1.652671205000000000e+09
6.511507422368279549e+03 1.809653652000000000e+09
6.500121798328494151e+03 3.382505419000000000e+09
6.514455008661527245e+03 8.196898630000000000e+08
6.508479897105302371e+03 3.226313388000000000e+09
6.533759480527018241e+03 4.219789651000000000e+09
6.507203448408988152e+03 2.345835108000000000e+09
6.513173319976765015e+03 1.414321953000000000e+09
6.516658761939292162e+03 1.071853243000000000e+09
6.484004432091160197e+03 4.149121673000000000e+09
6.499240245481165402e+03 1.279368142000000000e+09
6.518502684017630600e+03 3.387871894000000000e+09
6.519722308961514500e+03 2.905320973000000000e+09
6.508742254152861278e+03 3.522235062000000000e+09
6.492088354984784019e+03 1.953435265000000000e+09
6.509478415409443187e+03 1.061521247000000000e+09
6.520589583520133601e+03 1.972613650000000000e+08
6.503857042430111505e+03 3.783146115000000000e+09
6.516903193790953082e+03 2.627659292000000000e+09
6.520221127038352279e+03 5.459488070000000000e+08
6.513834010032014703e+03 2.452174339000000000e+09
6.496422893851674417e+03 2.823112293000000000e+09
6.503054050464254942e+03 5.024279430000000000e+08
6.495657917785364589e+03 4.288442868000000000e+09
6.515052775905092858e+03 3.487620786000000000e+09
6.501682066727709753e+03 3.760896450000000000e+08
6.508632658258760785e+03 2.468719094000000000e+09
6.522617048493812035e+03 1.125307254000000000e+09
6.522188586836806280e+03 5.902694460000000000e+08
6.488172728167993228e+03 2.370652502000000000e+09
6.511054427473752185e+03 2.334949252000000000e+09
6.498962590141713008e+03 6.554573390000000000e+08
6.490392417044336071e+03 1.075000324000000000e+09
6.521244424422583506e+03 2.075313407000000000e+09
6.507764194393444996e+03 3.996380653000000000e+09
6.498860252132501955e+03 2.528575460000000000e+09
6.513379681345893914e+03 3.296318040000000000e+08
6.513003557482626093e+03 2.944793819000000000e+09
6.504124448550500347e+03 3.633165073000000000e+09
6.513639635048964919e+03 3.345178284000000000e+09
6.506863866052823141e+03 1.894892072000000000e+09
6.519747378087085053e+03 7.309774800000000000e+07
6.496217842877516887e+03 2.754782030000000000e+08
6.517189969250832291e+03 2.511769090000000000e+09
6.511931081613505739e+03 4.204832275000000000e+09
6.502094575577953947e+03 2.571669919000000000e+09
6.495814138992640437e+03 1.663756986000000000e+09
6.496431294325657291e+03 7.126708870000000000e+08
6.510151107481441613e+03 3.231448469000000000e+09
6.509696232398344364e+03 2.203271495000000000e+09
6.488835337054308184e+03 5.323117370000000000e+08
6.506715256486865655e+03 2.884676297000000000e+09
6.497181616581041453e+03 2.051252473000000000e+09
6.524788919523833101e+03 3.159134114000000000e+09
6.509434500060060600e+03 1.308020002000000000e+09
6.501627666568680070e+03 2.175454989000000000e+09
6.511957520584170197e+03 3.997580603000000000e+09
6.504763369519563639e+03 2.378322557000000000e+09
6.505290116681508152e+03 3.816011690000000000e+08
6.508976168383646836e+03 1.012985300000000000e+08
6.505833568631833259e+03 3.309983215000000000e+09
6.513297846143539573e+03 4.140667326000000000e+09
6.505699893076362059e+03 3.458682963000000000e+09
6.499555516314032502e+03 1.109232589000000000e+09
6.509838512172595983e+03 3.110377998000000000e+09
6.505682092668903351e+03 2.673304887000000000e+09
6.490657990681834235e+03 3.444415825000000000e+09
6.516816618426499190e+03 1.065777600000000000e+07
6.507065949379280028e+03 4.268315814000000000e+09
6.515400788863381422e+03 4.044816979000000000e+09
6.510772819463023552e+03 3.680177873000000000e+09
6.520837161513009050e+03 7.001367670000000000e+08
6.498444485855627136e+03 8.085275300000000000e+08
6.522227575195077407e+03 4.217483240000000000e+09
6.491851676285913527e+03 1.850851898000000000e+09
6.522644988957037640e+03 2.246137238000000000e+09
6.503682434636230028e+03 3.360362820000000000e+09
6.499924395956646549e+03 3.580751026000000000e+09
6.513840320119184980e+03 3.039973187000000000e+09
6.512228828686426823e+03 2.444800826000000000e+09
6.505941002573455989e+03 6.025560310000000000e+08
6.508607911634097036e+03 7.679158470000000000e+08
6.517885983461703290e+03 2.562917710000000000e+09
6.500344467566148523e+03 3.403311828000000000e+09
6.509642135501104349e+03 3.874295107000000000e+09
6.497981403664702157e+03 2.224152648000000000e+09
6.499488361111212726e+03 2.184740250000000000e+09
6.523352950448249430e+03 9.656659330000000000e+08
6.499098356168522514e+03 3.582501008000000000e+09
6.528597935192865407e+03 2.459194313000000000e+09
6.482728874714674021e+03 2.082395691000000000e+09
6.531125124981609588e+03 1.062368090000000000e+08
6.501088227162665135e+03 1.083797085000000000e+09
6.509947850808610383e+03 5.571390130000000000e+08
6.515070722062755522e+03 2.641779969000000000e+09
6.525087822965292617e+03 2.316454641000000000e+09
6.518759090571754314e+03 6.599516710000000000e+08
6.521817141354976229e+03 3.513010823000000000e+09
6.480761823435690530e+03 1.380750711000000000e+09
6.510788763117763665e+03 1.341116294000000000e+09
6.499641429802862149e+03 2.505788312000000000e+09
6.503619833566339366e+03 1.974981600000000000e+07
6.521182280042869024e+03 3.563408000000000000e+08
6.511216324067278038e+03 1.900204704000000000e+09
6.513500963905507888e+03 3.280769601000000000e+09
6.514072734244276035e+03 3.115847950000000000e+09
6.514283883913714817e+03 7.880685940000000000e+08
6.501160776454769803e+03 3.781265079000000000e+09
6.524203115981345945e+03 1.620960817000000000e+09
6.515157021167448875e+03 4.915233510000000000e+08
6.521479939268514499e+03 8.400974730000000000e+08
6.514271216715074843e+03 3.849753364000000000e+09
6.516632039674145744e+03 3.529892495000000000e+09
6.501531333516092673e+03 3.152192142000000000e+09
6.502779154821718294e+03 7.428084680000000000e+08
6.502178010281308161e+03 1.014434336000000000e+09
6.481276195715167887e+03 5.583793130000000000e+08
6.493512248062255821e+03 4.241079670000000000e+09
6.516740921832635649e+03 2.920213504000000000e+09
6.505903736333737470e+03 3.346289229000000000e+09
6.511973155377100738e+03 3.454499237000000000e+09
6.514017503744484202e+03 2.939322708000000000e+09
6.499552067180886297e+03 3.095674415000000000e+09
6.518273279255829038e+03 2.804522076000000000e+09
6.513260140897957172e+03 1.908414549000000000e+09
6.511931002010443990e+03 4.042118941000000000e+09
6.500979256490612897e+03 4.221778270000000000e+09
6.495824717931613122e+03 2.055925123000000000e+09
6.508172898500983138e+03 2.381653893000000000e+09
6.526148489405402870e+03 4.644497800000000000e+07
6.499851271828581957e+03 2.324310080000000000e+09
6.503698878993143808e+03 4.031056472000000000e+09
