# Lens_likelihood 	 seed
5.650225340561595658e+03 1.744559476000000000e+09
5.658689340279299358e+03 2.924641062000000000e+09
5.653936823309528336e+03 2.298019740000000000e+08
5.625573511358325050e+03 4.175250881000000000e+09
5.679371599849979248e+03 1.064041475000000000e+09
5.661649119428936501e+03 1.078284180000000000e+09
5.644018912869083579e+03 3.612486815000000000e+09
5.655621524288644650e+03 1.719101770000000000e+08
5.656888698270951863e+03 2.435922464000000000e+09
5.678333768499048347e+03 1.412717920000000000e+09
5.669485450189917174e+03 4.139859190000000000e+08
5.643178563415536701e+03 1.896355586000000000e+09
5.662031439967781807e+03 1.311052993000000000e+09
5.672160399865713771e+03 2.792221089000000000e+09
5.637480080073685713e+03 2.180903197000000000e+09
5.671019364967240108e+03 1.132541343000000000e+09
5.650958028639794065e+03 1.952905721000000000e+09
5.640416416575297262e+03 2.242017752000000000e+09
5.679182544200203665e+03 2.596142315000000000e+09
5.674368913726148094e+03 1.319436763000000000e+09
5.667307809254245512e+03 5.408307600000000000e+08
5.631892800762198931e+03 3.199796734000000000e+09
5.643088822118881581e+03 1.264482750000000000e+09
5.657863405816116938e+03 7.371452270000000000e+08
5.670706899153506129e+03 1.251994900000000000e+09
5.665857970438069060e+03 4.052706427000000000e+09
5.660784020830406007e+03 1.498477715000000000e+09
5.705335163478995128e+03 2.781034747000000000e+09
5.666070838919879861e+03 6.104447160000000000e+08
5.640312558450066717e+03 7.505958700000000000e+07
5.622415534454919907e+03 6.333463300000000000e+08
5.689196808357430200e+03 2.495019060000000000e+09
5.658769204399297450e+03 2.065665675000000000e+09
5.636859714556551808e+03 3.964585218000000000e+09
5.675325835818092855e+03 3.494140996000000000e+09
5.651175734569933411e+03 2.641757292000000000e+09
5.622777206528149691e+03 1.992731713000000000e+09
5.657308087002600587e+03 2.877956788000000000e+09
5.667952277931604840e+03 2.269937899000000000e+09
5.649048977231390381e+03 3.458135643000000000e+09
5.663816020279276927e+03 3.418694582000000000e+09
5.649450139163089261e+03 1.457839090000000000e+08
5.671930702647482576e+03 2.367378495000000000e+09
5.620281421070678334e+03 4.270760881000000000e+09
5.664795556032465356e+03 1.062168025000000000e+09
5.634426498787421224e+03 2.398195028000000000e+09
5.663132071674242979e+03 3.038009370000000000e+09
5.652144041434130486e+03 6.747804100000000000e+08
5.662684183180444052e+03 7.925182780000000000e+08
5.654091661115859097e+03 2.285077028000000000e+09
5.627348654345889372e+03 3.739651730000000000e+08
5.655683026404616612e+03 1.932198407000000000e+09
5.638511735892549950e+03 3.445905568000000000e+09
5.653270473487480558e+03 6.008314370000000000e+08
5.659822912151193123e+03 3.139679570000000000e+09
5.675559029474598901e+03 2.563125071000000000e+09
5.658830474155533921e+03 2.995586986000000000e+09
5.652642979090181143e+03 7.920835560000000000e+08
5.660287311258936825e+03 6.481280210000000000e+08
5.636259684477783594e+03 2.953278698000000000e+09
5.615128713443124980e+03 3.327932729000000000e+09
5.660235582029008583e+03 2.911168618000000000e+09
5.652893137787083106e+03 2.154826848000000000e+09
5.664674343924033565e+03 4.809096040000000000e+08
5.674291062552594667e+03 3.951809224000000000e+09
5.659390307221803596e+03 3.291921595000000000e+09
5.650512001624293589e+03 2.359816359000000000e+09
5.651800706979383904e+03 1.231903830000000000e+09
5.656429878209951312e+03 1.732677183000000000e+09
5.671593287700725341e+03 2.101833523000000000e+09
5.644276789878943418e+03 3.779666490000000000e+09
5.649601912126140633e+03 3.511062586000000000e+09
5.648381339027121612e+03 3.955040249000000000e+09
5.605614729913038900e+03 1.160105753000000000e+09
5.654042348970779130e+03 1.579759832000000000e+09
5.647985634321583348e+03 2.538139768000000000e+09
5.668836409654610179e+03 3.173845081000000000e+09
5.659747882477434359e+03 2.420339699000000000e+09
5.637571471546056273e+03 4.228170980000000000e+08
5.662506337318405713e+03 1.848651865000000000e+09
5.637957166913423862e+03 3.646318415000000000e+09
5.646021702387798541e+03 1.898204937000000000e+09
5.664888428890793875e+03 3.491926080000000000e+08
5.646298633772669746e+03 2.956142916000000000e+09
5.666038537994953913e+03 3.353057563000000000e+09
5.655144693307233865e+03 2.653498280000000000e+08
5.651662383466857136e+03 1.965265858000000000e+09
5.657335509799597276e+03 2.563423806000000000e+09
5.631820416139526060e+03 3.450382680000000000e+09
5.648128941770715755e+03 3.009820235000000000e+09
5.664664664565445491e+03 2.770017602000000000e+09
5.649989851316249769e+03 2.049476961000000000e+09
5.679736737621513385e+03 1.393021425000000000e+09
5.622166441477406806e+03 3.560062379000000000e+09
5.610266017250347431e+03 4.986059260000000000e+08
5.652603296199097713e+03 6.276342210000000000e+08
5.689365147107758276e+03 3.100994601000000000e+09
5.652094079668298946e+03 1.407972519000000000e+09
5.618522432452840803e+03 1.285614763000000000e+09
5.646431815583060597e+03 1.111943650000000000e+08
5.678360161529495599e+03 1.740076120000000000e+09
5.705791314585878354e+03 1.758955310000000000e+09
5.641248950798621081e+03 2.766962275000000000e+09
5.662749056919463328e+03 4.902564910000000000e+08
5.630482047937937750e+03 2.540928987000000000e+09
5.643578196066414421e+03 4.218004387000000000e+09
5.677149313137924764e+03 4.632532260000000000e+08
5.635987563808458617e+03 2.261475770000000000e+09
5.677312418505020105e+03 3.415019100000000000e+08
5.671180732209912094e+03 2.204601024000000000e+09
5.654883243789829066e+03 4.054512948000000000e+09
5.647144248617189987e+03 4.142868774000000000e+09
5.664441791799525163e+03 3.776394157000000000e+09
5.635697122140190004e+03 1.022855439000000000e+09
5.617700436030501805e+03 9.167776840000000000e+08
5.671524385385289861e+03 2.107381216000000000e+09
5.601647307448432002e+03 1.017749847000000000e+09
5.663671240680581832e+03 4.110197646000000000e+09
5.637484339768423524e+03 2.389709820000000000e+09
5.664418838494512784e+03 2.125398168000000000e+09
5.658845190715487661e+03 2.695107801000000000e+09
5.614239889090355064e+03 2.125036619000000000e+09
5.652407004396653065e+03 2.994751200000000000e+08
5.651750290612606477e+03 3.758650300000000000e+08
5.653903591955391676e+03 2.016093852000000000e+09
5.667448395120640271e+03 2.789133310000000000e+08
5.662963147223481428e+03 3.145070037000000000e+09
5.658337668843737447e+03 1.966509186000000000e+09
5.641239444397953775e+03 2.078362191000000000e+09
5.680264937987784833e+03 3.964675962000000000e+09
5.664871610254631378e+03 2.366357175000000000e+09
5.656349617541696716e+03 1.113220744000000000e+09
5.621687273276349515e+03 3.918768644000000000e+09
5.694060682709749926e+03 3.893704088000000000e+09
5.668565825519815917e+03 9.986707280000000000e+08
5.659729530904059175e+03 3.517297445000000000e+09
5.680013065066757918e+03 3.213124125000000000e+09
5.682370687501846987e+03 4.042029511000000000e+09
5.620499847096309168e+03 2.318190508000000000e+09
5.644418387221729063e+03 2.096917437000000000e+09
5.660017095185529797e+03 1.158759824000000000e+09
5.648083700924482400e+03 2.752898199000000000e+09
5.656349830990005103e+03 1.975054350000000000e+08
5.661724897224020424e+03 2.577269726000000000e+09
5.698335288136631789e+03 3.927197878000000000e+09
5.642907083835088088e+03 1.134586423000000000e+09
5.636836501934980333e+03 4.258707458000000000e+09
5.651358259280287712e+03 4.444485380000000000e+08
5.638137185857869554e+03 1.805719851000000000e+09
5.655854992491216763e+03 1.171670428000000000e+09
5.655721887879198221e+03 1.587329804000000000e+09
5.667660444504199404e+03 3.857273807000000000e+09
5.681177938253673346e+03 2.907148395000000000e+09
5.615039343646082671e+03 4.090449508000000000e+09
5.656216045433437102e+03 3.848683626000000000e+09
5.657026638958148396e+03 1.582592761000000000e+09
5.644772795457305619e+03 2.292762807000000000e+09
5.656476583233301426e+03 2.721658657000000000e+09
5.659234418268336412e+03 2.595442791000000000e+09
5.633607655250101743e+03 3.990275159000000000e+09
5.664461596284249026e+03 2.248364997000000000e+09
5.654133614017050604e+03 3.154800624000000000e+09
5.633015439114738911e+03 2.036388240000000000e+09
5.621789716088024761e+03 1.758091923000000000e+09
5.672330377210440020e+03 8.489585660000000000e+08
5.655681706327861320e+03 4.248861961000000000e+09
5.657510950087782476e+03 3.563431838000000000e+09
5.693642246969121516e+03 3.635699161000000000e+09
5.644708870365380790e+03 2.903544137000000000e+09
5.675157131915052560e+03 2.618501965000000000e+09
5.657319259588665773e+03 4.265444322000000000e+09
5.654881659454686996e+03 1.015152510000000000e+09
5.639088955265411641e+03 2.914180766000000000e+09
5.659477263661961842e+03 1.614627096000000000e+09
5.659293447009393276e+03 2.098144272000000000e+09
5.628358082042004753e+03 9.044531000000000000e+06
5.652541205973237993e+03 4.042898876000000000e+09
5.636385709789884459e+03 4.088515475000000000e+09
5.657746757250666633e+03 2.136554990000000000e+09
5.662239447780978480e+03 1.051149080000000000e+08
5.669963891047373181e+03 3.582509822000000000e+09
5.654360970744036422e+03 3.706119121000000000e+09
5.687533170606802742e+03 3.505073046000000000e+09
5.662643503800982216e+03 2.797019888000000000e+09
5.625571921078204468e+03 1.967093624000000000e+09
5.650272874833003698e+03 4.717165460000000000e+08
5.658429457639671455e+03 3.575714649000000000e+09
5.645827705537638394e+03 3.845274344000000000e+09
5.656812036596565122e+03 9.864356630000000000e+08
5.669432002102972547e+03 2.065539241000000000e+09
5.636472198335771282e+03 3.306097175000000000e+09
5.647367029496272153e+03 4.141612765000000000e+09
5.649467592549828623e+03 2.599248330000000000e+09
5.654090347113724420e+03 2.930602412000000000e+09
5.654469900682166553e+03 2.464351564000000000e+09
5.645956506365150744e+03 6.137895000000000000e+07
5.660581528527158298e+03 4.538550370000000000e+08
5.653533583146851015e+03 1.295459349000000000e+09
5.662576672210054312e+03 1.834996040000000000e+09
5.658313861979691865e+03 3.125053783000000000e+09
5.663604309249996732e+03 2.222820264000000000e+09
5.627823602120597570e+03 2.984440800000000000e+07
5.653310949148230975e+03 2.244130531000000000e+09
5.658923394112076494e+03 3.477369389000000000e+09
5.672645731103347316e+03 1.777393345000000000e+09
5.551625817260107397e+03 2.736083661000000000e+09
5.607543891564578189e+03 2.084534350000000000e+08
5.631034270564325197e+03 1.878220918000000000e+09
5.636600953532920357e+03 1.006311337000000000e+09
5.672011232363055569e+03 3.393892943000000000e+09
5.676314856105488616e+03 3.384525309000000000e+09
5.664629618733035386e+03 5.968036500000000000e+07
5.625537216070257273e+03 1.989070984000000000e+09
5.699285520533643648e+03 1.117342382000000000e+09
5.664129019399833851e+03 2.527595421000000000e+09
5.641830893241645754e+03 2.306178465000000000e+09
5.651047711296061607e+03 1.565096160000000000e+09
5.617960991008911151e+03 1.100440045000000000e+09
5.664585491715502030e+03 3.523420823000000000e+09
5.698437764226673607e+03 3.376865641000000000e+09
5.644567488597308511e+03 3.403027020000000000e+09
5.632721159255652310e+03 3.286027112000000000e+09
5.629091018544345388e+03 1.743802613000000000e+09
5.677113777347942232e+03 2.448495661000000000e+09
5.679544822659165220e+03 4.545765430000000000e+08
5.606608345613911297e+03 2.039698988000000000e+09
5.670741242739506561e+03 2.683080930000000000e+09
5.672780188243994417e+03 2.418355366000000000e+09
5.664285912575713155e+03 1.592938652000000000e+09
5.689444261362608813e+03 1.182212908000000000e+09
5.642598377454926776e+03 3.795952473000000000e+09
5.668928502337541431e+03 1.149537549000000000e+09
5.657648920340648147e+03 4.027536688000000000e+09
5.678615763453723048e+03 8.169355550000000000e+08
5.685373201062740918e+03 1.458226000000000000e+09
5.671469676797307329e+03 3.311734146000000000e+09
5.639208537340548901e+03 2.966741216000000000e+09
5.679188885510453474e+03 2.199897781000000000e+09
5.662240506748744338e+03 4.751770010000000000e+08
5.671075265765893164e+03 3.155555016000000000e+09
5.652744483878374922e+03 3.114705810000000000e+09
5.664750090293723588e+03 7.726078840000000000e+08
5.638672177147355796e+03 2.390319391000000000e+09
5.661289557089496157e+03 3.804974573000000000e+09
5.665131776688790524e+03 2.179704347000000000e+09
5.644711857400452573e+03 2.238493191000000000e+09
5.652462889970777724e+03 2.872133606000000000e+09
5.637875021711706722e+03 2.366905239000000000e+09
5.661387719974809443e+03 3.199505080000000000e+09
5.677021495221413716e+03 2.141229696000000000e+09
5.676384326874585895e+03 3.634813944000000000e+09
5.622556822653411473e+03 7.981653890000000000e+08
5.632188136842811218e+03 8.271300670000000000e+08
5.666342127821973008e+03 3.510794168000000000e+09
5.636327254485086087e+03 7.948629370000000000e+08
5.651802691945216793e+03 1.707004820000000000e+08
5.672282708194263250e+03 4.059660388000000000e+09
5.641199834951596131e+03 1.878583025000000000e+09
5.660559361953852203e+03 3.793576350000000000e+09
5.649539497395637227e+03 2.796472650000000000e+08
5.656273083799277629e+03 2.002435438000000000e+09
5.625301111833414325e+03 3.028568113000000000e+09
5.670518116714634743e+03 4.370173590000000000e+08
5.654744340272362024e+03 7.434968390000000000e+08
5.666098778618193137e+03 4.826815780000000000e+08
5.661844021911450000e+03 3.892039934000000000e+09
5.633252841055040335e+03 2.858958165000000000e+09
5.687140269831394107e+03 1.353891175000000000e+09
5.636531497314681474e+03 7.063212340000000000e+08
5.659501320304866567e+03 2.538687064000000000e+09
5.652097376403048656e+03 1.115891036000000000e+09
5.658079707514384609e+03 2.776603380000000000e+08
5.624895015122432596e+03 3.675097201000000000e+09
5.681730813960655723e+03 4.934839090000000000e+08
5.643316569956363310e+03 3.475231908000000000e+09
5.680209066321081991e+03 3.799100708000000000e+09
5.653171526474662642e+03 1.686997068000000000e+09
5.652799009315536750e+03 2.761374039000000000e+09
5.644563473871727183e+03 9.781860050000000000e+08
5.628132989573104169e+03 6.093857840000000000e+08
5.633154758207689156e+03 9.824781090000000000e+08
5.665009388091172696e+03 1.562083690000000000e+09
5.666406137656856117e+03 2.698955037000000000e+09
5.657185300417092549e+03 3.766014425000000000e+09
5.642369176093167880e+03 3.973023690000000000e+08
5.678554099960305393e+03 4.280884936000000000e+09
5.686675521547065728e+03 2.982248888000000000e+09
5.665778489039508713e+03 1.676566014000000000e+09
5.665097573135402854e+03 1.691424550000000000e+08
5.639196913175899681e+03 3.453190696000000000e+09
5.639158440218898249e+03 2.723969389000000000e+09
5.656291417036135499e+03 3.062783925000000000e+09
5.629940323358074238e+03 5.948182980000000000e+08
5.669156001572408968e+03 1.322324708000000000e+09
5.653105875906714573e+03 2.272055858000000000e+09
5.653516349660681954e+03 2.622612410000000000e+09
5.667452956609622561e+03 3.472612837000000000e+09
5.647282982964819894e+03 2.598045574000000000e+09
5.574695080621635498e+03 2.009602043000000000e+09
5.650873637860016970e+03 1.985851733000000000e+09
5.655629814832508600e+03 6.395562130000000000e+08
5.643061420294861819e+03 3.207774430000000000e+09
5.626940686536986505e+03 3.788070171000000000e+09
5.678098725008288966e+03 1.506201791000000000e+09
5.671072158362476330e+03 2.075293246000000000e+09
5.647302146624139823e+03 7.079527210000000000e+08
5.638097869508081203e+03 7.951768540000000000e+08
5.643529539405609285e+03 1.409422393000000000e+09
5.672029884956881688e+03 1.174970652000000000e+09
5.631637632927016966e+03 1.520024810000000000e+08
5.669603115282251565e+03 8.655166090000000000e+08
5.653174512147345013e+03 1.234795955000000000e+09
5.663156845215086832e+03 1.360993724000000000e+09
5.660116160513342948e+03 1.501468073000000000e+09
5.647687274288117806e+03 1.845605384000000000e+09
5.645445689470430807e+03 2.777676878000000000e+09
5.598853702801192412e+03 2.170082444000000000e+09
5.642442866463294195e+03 4.205107023000000000e+09
5.655463112249425649e+03 2.470271829000000000e+09
5.682786264652370846e+03 3.504046446000000000e+09
5.647878644235477623e+03 3.152041825000000000e+09
5.665219685665214456e+03 3.073095338000000000e+09
5.675563510494149341e+03 2.403327000000000000e+06
5.659767191266035297e+03 1.256272838000000000e+09
5.655127124090512552e+03 3.415602874000000000e+09
5.658198150443773557e+03 5.967544950000000000e+08
5.639766824830227961e+03 2.897894023000000000e+09
5.627315886279891856e+03 2.404630484000000000e+09
5.643833241884697600e+03 2.859839915000000000e+09
5.646264186285648975e+03 1.660275157000000000e+09
5.646963576028609168e+03 3.022373969000000000e+09
5.668049008246875019e+03 6.531517300000000000e+08
5.637398024332203931e+03 1.817052438000000000e+09
5.670948433485567875e+03 1.821028995000000000e+09
5.647504579509927680e+03 3.974797372000000000e+09
5.632486342341466298e+03 5.888208910000000000e+08
5.668608023113978561e+03 8.743455540000000000e+08
5.668842616976884528e+03 2.500448175000000000e+09
5.669612146464772195e+03 2.073711334000000000e+09
5.666554043643649493e+03 2.094272015000000000e+09
5.642388370205319006e+03 2.008818019000000000e+09
5.645869722098248531e+03 1.595773443000000000e+09
5.659964035429024079e+03 3.053466240000000000e+08
5.668942630532638759e+03 2.607545438000000000e+09
5.610315062506032518e+03 1.575289568000000000e+09
5.661580132905157370e+03 3.545084834000000000e+09
5.672438547450106853e+03 2.968390402000000000e+09
5.668592783171957308e+03 7.238100510000000000e+08
5.640073292269516060e+03 3.282609940000000000e+08
5.641698291460764267e+03 1.517564885000000000e+09
