# Lens_likelihood 	 seed
5.706690653965923048e+03 4.932185090000000000e+08
5.697377107767775669e+03 4.029446095000000000e+09
5.722572975106894773e+03 1.134613930000000000e+09
5.705769611736547631e+03 1.146061119000000000e+09
5.594684789085576995e+03 5.775687840000000000e+08
5.707222498466459001e+03 2.106916804000000000e+09
5.617616482429395546e+03 1.820714123000000000e+09
5.724368128130846344e+03 8.681015130000000000e+08
5.689185770167443479e+03 1.497007240000000000e+09
5.710280743164959858e+03 7.049810180000000000e+08
5.695059573321783319e+03 9.766391830000000000e+08
5.729180514029179903e+03 9.370328360000000000e+08
5.733756252596320337e+03 1.070095185000000000e+09
5.672109703213111061e+03 3.094570920000000000e+08
5.684687012921709538e+03 1.862589545000000000e+09
5.707023964063975654e+03 2.462479004000000000e+09
5.772010071378446810e+03 2.246622755000000000e+09
5.672634131335581515e+03 1.308461150000000000e+09
5.742202764654584826e+03 2.639900680000000000e+08
5.673661512710266834e+03 2.687825870000000000e+09
5.713867990266300694e+03 7.116411100000000000e+08
5.662367283272256827e+03 1.362432232000000000e+09
5.719914239572382940e+03 4.692747660000000000e+08
5.711207406910059035e+03 5.690802350000000000e+08
5.673272382305539395e+03 1.158071362000000000e+09
5.647578516131377910e+03 3.329890868000000000e+09
5.688234743919896573e+03 4.031980332000000000e+09
5.732743433967275450e+03 1.812455655000000000e+09
5.696440906833520785e+03 1.236528311000000000e+09
5.566020352788677883e+03 3.248774685000000000e+09
5.697564784799609697e+03 2.107314039000000000e+09
5.642861183801136576e+03 1.279205727000000000e+09
5.603793180016379665e+03 2.451122469000000000e+09
5.722878977351047070e+03 1.683727888000000000e+09
5.650729966533750485e+03 2.722840910000000000e+08
5.747634937964490746e+03 1.097097097000000000e+09
5.655345845141418977e+03 7.975272750000000000e+08
5.730032017589566749e+03 9.578628590000000000e+08
5.773157382470596531e+03 9.631857240000000000e+08
5.704433250673997463e+03 1.265809532000000000e+09
5.659462665954406475e+03 4.250491258000000000e+09
5.598023285592367756e+03 3.368857197000000000e+09
5.692398370774862997e+03 8.735554100000000000e+07
5.651208947640667247e+03 4.085925630000000000e+08
5.696645212797624481e+03 1.524269561000000000e+09
5.685814543378144663e+03 1.452020220000000000e+09
5.694972281254468726e+03 2.928493721000000000e+09
5.697591283149979063e+03 1.164069800000000000e+07
5.749673080723557177e+03 3.598187260000000000e+08
5.600540910511037509e+03 1.188211483000000000e+09
5.706520598503379006e+03 1.721785360000000000e+08
5.796896465411910867e+03 1.956177336000000000e+09
5.589886254785682468e+03 3.714767468000000000e+09
5.612345268920416856e+03 2.877370880000000000e+08
5.712124012970056356e+03 8.422619520000000000e+08
5.756531718556684609e+03 2.169959371000000000e+09
5.690460015495556945e+03 9.100988850000000000e+08
5.625336590899965813e+03 2.244056335000000000e+09
5.690389418396847759e+03 4.107711403000000000e+09
5.719629909113940812e+03 4.063018049000000000e+09
5.603885293821180312e+03 2.790229679000000000e+09
5.706991353928058743e+03 3.834338276000000000e+09
5.611817667995381271e+03 4.264138380000000000e+09
5.640731432299177868e+03 2.596807936000000000e+09
5.692413923357025851e+03 1.035227955000000000e+09
5.714602067761285070e+03 4.099381351000000000e+09
5.641093558839133038e+03 2.802659116000000000e+09
5.724845893003071978e+03 3.714619969000000000e+09
5.655149376985900744e+03 1.599290923000000000e+09
5.603208268463422428e+03 3.711845085000000000e+09
5.679074903740513946e+03 1.448699723000000000e+09
5.749068214399749195e+03 2.257019683000000000e+09
5.596087386291168514e+03 2.417038179000000000e+09
5.704743732526341773e+03 1.658941533000000000e+09
5.660703759106822872e+03 2.720744090000000000e+09
5.694244163596234102e+03 2.368282441000000000e+09
5.632732768375288288e+03 1.749627509000000000e+09
5.632271740458227214e+03 2.346395241000000000e+09
5.701448220845404649e+03 4.151130221000000000e+09
5.710922419252705367e+03 7.660725270000000000e+08
5.622070195176964262e+03 1.162333680000000000e+08
5.687097982626147314e+03 2.761147692000000000e+09
5.706651949840774250e+03 3.970742388000000000e+09
5.638523058131297148e+03 1.545708616000000000e+09
5.760034626869143722e+03 3.635681164000000000e+09
5.653800310374183027e+03 3.690534580000000000e+09
5.702267364466338222e+03 2.989018401000000000e+09
5.532744505538843441e+03 3.597940500000000000e+07
5.632030149612874993e+03 4.220509629000000000e+09
5.642719983159302501e+03 1.657526213000000000e+09
5.624161113416339504e+03 1.647973699000000000e+09
5.694657281088787386e+03 6.553201400000000000e+07
5.670425627659980819e+03 1.372508156000000000e+09
5.718734755682276045e+03 3.143882948000000000e+09
5.645584212961798585e+03 4.072537405000000000e+09
5.639248481765685028e+03 1.986250113000000000e+09
5.688806607590104250e+03 2.489868346000000000e+09
5.748453979747935591e+03 2.262895072000000000e+09
5.711725023714815507e+03 4.155999118000000000e+09
5.641852421956928083e+03 4.239559993000000000e+09
5.695737541259510181e+03 3.387372500000000000e+07
5.693106279400783023e+03 1.766230828000000000e+09
5.743835444518163968e+03 3.737652690000000000e+08
5.698582882007538501e+03 3.616829718000000000e+09
5.700699002018529427e+03 1.202496313000000000e+09
5.724056668842841646e+03 2.606217103000000000e+09
5.737786368091363329e+03 2.169618553000000000e+09
5.683746649548240384e+03 4.366021690000000000e+08
5.690485271145960724e+03 4.919746600000000000e+07
5.737372139726580826e+03 2.991994715000000000e+09
5.701033586829654269e+03 3.851624571000000000e+09
5.702149225325167208e+03 2.093925869000000000e+09
5.700706227959133685e+03 4.234382462000000000e+09
5.600461148440047509e+03 3.637315953000000000e+09
5.633001473101448937e+03 3.812227236000000000e+09
5.759108143553339687e+03 3.937686619000000000e+09
5.612159784705471793e+03 2.743550756000000000e+09
5.762172477965598773e+03 2.026754785000000000e+09
5.699537718346820839e+03 3.428757940000000000e+09
5.715739819999032989e+03 4.597856750000000000e+08
5.647045053897588332e+03 1.258454092000000000e+09
5.732375762907515309e+03 4.238041040000000000e+09
5.712177698406570926e+03 5.360039770000000000e+08
5.747848475145397970e+03 2.332844669000000000e+09
5.665704711178113939e+03 1.279453852000000000e+09
5.674828831015238393e+03 4.203600387000000000e+09
5.695464259545301502e+03 2.008714676000000000e+09
5.709891910898006245e+03 3.279300241000000000e+09
5.621024449171312881e+03 4.059217234000000000e+09
5.625873717895670779e+03 3.529142743000000000e+09
5.700254412368943122e+03 2.380695014000000000e+09
5.701291054325649384e+03 1.174305479000000000e+09
5.674385212679942015e+03 3.221281140000000000e+09
5.725861157076362360e+03 5.194223250000000000e+08
5.625023700557567281e+03 2.568970608000000000e+09
5.679272977956486102e+03 2.893650489000000000e+09
5.734852703593500337e+03 2.562019595000000000e+09
5.698610106027586880e+03 1.444258325000000000e+09
5.685767934671519470e+03 2.365317930000000000e+09
5.680809744943202531e+03 3.341302386000000000e+09
5.765388285535053001e+03 2.734498673000000000e+09
5.674921102851905744e+03 3.107664503000000000e+09
5.742056435986983161e+03 3.995035401000000000e+09
5.601662602421309202e+03 7.620582300000000000e+08
5.615264002736895236e+03 2.215539538000000000e+09
5.629262480680692533e+03 4.483257110000000000e+08
5.734362517158804621e+03 4.132731815000000000e+09
5.609907167644299989e+03 2.132154325000000000e+09
5.715468302683186266e+03 4.099026438000000000e+09
5.594695631215683534e+03 2.770079664000000000e+09
5.696331743908891440e+03 2.272530635000000000e+09
5.617563380570923982e+03 2.017213031000000000e+09
5.647071117800418506e+03 2.989918880000000000e+08
5.716026020271949164e+03 6.043558350000000000e+08
5.700245509288828544e+03 4.272125780000000000e+08
5.704798180354609940e+03 3.774406060000000000e+08
5.684058555622422318e+03 4.436873650000000000e+08
5.688688316711706648e+03 1.214316625000000000e+09
5.620878195742534444e+03 2.651993087000000000e+09
5.599948038041540713e+03 2.084826500000000000e+08
5.673496820873153411e+03 3.030522980000000000e+08
5.548158778596553930e+03 3.535768504000000000e+09
5.674358332980536943e+03 3.386526995000000000e+09
5.735404145567645173e+03 1.999900847000000000e+09
5.608964756224734629e+03 3.213088291000000000e+09
5.708881003922690070e+03 1.811452917000000000e+09
5.689003282448156824e+03 1.665484790000000000e+08
5.725315186394675038e+03 1.044811800000000000e+07
5.739026853816747462e+03 1.218083501000000000e+09
5.640934252319833831e+03 2.943902610000000000e+09
5.711152466639387058e+03 7.503090690000000000e+08
5.670694515438312010e+03 3.586171688000000000e+09
5.772782562034610237e+03 3.865108180000000000e+08
5.662045557960654151e+03 1.237794063000000000e+09
5.717179963658657471e+03 3.347456563000000000e+09
5.738227396876707644e+03 3.754813163000000000e+09
5.720763454664876917e+03 2.952791710000000000e+08
5.737438662976115666e+03 1.968003200000000000e+08
5.676929528315954485e+03 1.883551818000000000e+09
5.679871699648552749e+03 2.621661108000000000e+09
5.714791200646339348e+03 2.308011061000000000e+09
5.665638033360514783e+03 4.069271116000000000e+09
5.623899097649396936e+03 2.300594127000000000e+09
5.665077294150178204e+03 2.362371758000000000e+09
5.696829246318728110e+03 1.384758758000000000e+09
5.613811966132669113e+03 1.809980994000000000e+09
5.679603945076944910e+03 2.972441924000000000e+09
5.584666737732155525e+03 3.500256831000000000e+09
5.669584371357198506e+03 3.767020589000000000e+09
5.609404807138993419e+03 3.916286693000000000e+09
5.659302864239311930e+03 3.078018295000000000e+09
5.686425423462185790e+03 2.973076293000000000e+09
5.668815619197359410e+03 4.942059690000000000e+08
5.657154614119675898e+03 1.164315759000000000e+09
5.694763475488693985e+03 4.101043957000000000e+09
5.730805269130336455e+03 3.994708167000000000e+09
5.655064703949066825e+03 2.856855705000000000e+09
5.682825557126516287e+03 4.236339586000000000e+09
5.651515643732682292e+03 1.646395794000000000e+09
5.616106080324065260e+03 1.567952465000000000e+09
5.610284798947131094e+03 2.890086668000000000e+09
5.615191373861782267e+03 3.742011264000000000e+09
5.724173024584562882e+03 8.072823860000000000e+08
5.746479051476284440e+03 3.737690490000000000e+09
5.604083573914450426e+03 1.971658721000000000e+09
5.634188725525677000e+03 1.912241368000000000e+09
5.701792866061319728e+03 3.840916748000000000e+09
5.811735248505221534e+03 3.114261876000000000e+09
5.658587870744463544e+03 2.086933582000000000e+09
5.730736619821222121e+03 1.754839798000000000e+09
5.691595852016099343e+03 3.808541334000000000e+09
5.676038878209743416e+03 8.994915000000000000e+08
5.700227112162478988e+03 5.540916080000000000e+08
5.699020207114012010e+03 9.147885110000000000e+08
5.682403814827759561e+03 3.415950420000000000e+09
5.636835762151577001e+03 1.744340682000000000e+09
5.711173429157603096e+03 3.323522862000000000e+09
5.656677599870341510e+03 2.560506357000000000e+09
5.622705638467401513e+03 7.196818580000000000e+08
5.687319697525177617e+03 3.739643756000000000e+09
5.682372743831385378e+03 5.712834260000000000e+08
5.650966433271365531e+03 1.361968811000000000e+09
5.720683318061035607e+03 3.070656593000000000e+09
5.730221952677279660e+03 2.631551713000000000e+09
5.701389327619524920e+03 3.742144147000000000e+09
5.655118889013573607e+03 1.007512837000000000e+09
5.675244331392405002e+03 1.474461823000000000e+09
5.690340563846031728e+03 1.404841100000000000e+07
5.642624970935790770e+03 1.829843516000000000e+09
5.696731967176558101e+03 2.868872718000000000e+09
5.604494766176001576e+03 1.293657531000000000e+09
5.618197815508354324e+03 8.513321840000000000e+08
5.650812495147592017e+03 3.174230226000000000e+09
5.795414557599351610e+03 1.455556740000000000e+08
5.647752092809305395e+03 2.901545169000000000e+09
5.617416535400048815e+03 2.673910257000000000e+09
5.701483641185450324e+03 3.587221178000000000e+09
5.633466967814265445e+03 9.015371870000000000e+08
5.636905461551961707e+03 1.573297639000000000e+09
5.721992458220712251e+03 3.760284041000000000e+09
5.725665064639308184e+03 2.240575010000000000e+08
5.670832855764598207e+03 3.009993762000000000e+09
5.665697132359603529e+03 3.538178345000000000e+09
5.709477451050021955e+03 1.825964094000000000e+09
5.679488045321759273e+03 2.778737088000000000e+09
5.609984827192850389e+03 5.608413310000000000e+08
5.703736551904563385e+03 1.166900786000000000e+09
5.625427632525657828e+03 3.368478434000000000e+09
5.609717240817798483e+03 3.695803930000000000e+08
5.694865240397741218e+03 3.407121869000000000e+09
5.617769197135518880e+03 2.361783055000000000e+09
5.694526384244727524e+03 1.865974604000000000e+09
5.707799578170453970e+03 2.387633298000000000e+09
5.646091306212454583e+03 3.701702663000000000e+09
5.621162055107479318e+03 2.751454650000000000e+09
5.604207608387449000e+03 1.494976000000000000e+06
5.634960384024145242e+03 1.318832092000000000e+09
5.653619610840432870e+03 2.458910895000000000e+09
5.671319634313823371e+03 5.544454060000000000e+08
5.715939033688095151e+03 2.300851868000000000e+09
5.736167453470845430e+03 1.682085751000000000e+09
5.702863181554733274e+03 1.064035360000000000e+09
5.694654922466528660e+03 3.185467832000000000e+09
5.591716078091182681e+03 3.050206755000000000e+09
5.666174885053562321e+03 2.676166569000000000e+09
5.688417535738753941e+03 1.839580690000000000e+08
5.693389370697163031e+03 4.100053222000000000e+09
5.716986331192783837e+03 3.753947410000000000e+08
5.726350345426503736e+03 3.289286131000000000e+09
5.586592762205780673e+03 4.168437736000000000e+09
5.651795885727981840e+03 5.489781120000000000e+08
5.674263933308761807e+03 1.504043730000000000e+09
5.720125829609447464e+03 3.516063255000000000e+09
5.702669883424267937e+03 1.232745603000000000e+09
5.709620071297513277e+03 3.548912991000000000e+09
5.682851581799632186e+03 3.259777247000000000e+09
5.719226380149077158e+03 1.342816753000000000e+09
5.762251326324978436e+03 3.293164904000000000e+09
5.667174639979562016e+03 3.444474806000000000e+09
5.569467238690354861e+03 2.892134034000000000e+09
5.695406075774273631e+03 7.486491400000000000e+08
5.619252954792646960e+03 3.900663167000000000e+09
5.660963751294298163e+03 2.674884374000000000e+09
5.694054258680012936e+03 3.766820805000000000e+09
5.664050382921449454e+03 3.519977422000000000e+09
5.704692718475607762e+03 6.125829540000000000e+08
5.683979502013997262e+03 3.329709109000000000e+09
5.682583448980363755e+03 6.121279940000000000e+08
5.725602224560512695e+03 3.731647984000000000e+09
5.675945130244899701e+03 2.976173880000000000e+08
5.664964323342933312e+03 2.977113303000000000e+09
5.682052284774563304e+03 2.216807180000000000e+09
5.715852380267449917e+03 2.625780934000000000e+09
5.665223143640596390e+03 4.110076334000000000e+09
5.615767278097521739e+03 2.410637179000000000e+09
5.689978732432275137e+03 4.363472500000000000e+07
5.677831827755760060e+03 1.209668263000000000e+09
5.635578141759464415e+03 3.544985577000000000e+09
5.649141208107705097e+03 3.610813280000000000e+08
5.601247723264947126e+03 9.090502740000000000e+08
5.715556844284312319e+03 2.501345974000000000e+09
5.639798360691905145e+03 7.033523610000000000e+08
5.674541818224643066e+03 3.211223370000000000e+09
5.621110177036644018e+03 8.874163080000000000e+08
5.724668728335378546e+03 4.148152770000000000e+09
5.671930087939429541e+03 3.317352861000000000e+09
5.619323045962160904e+03 1.182954530000000000e+08
5.703421324658216690e+03 5.470202740000000000e+08
5.647805653141876974e+03 1.660780506000000000e+09
5.693532694460115636e+03 2.329090687000000000e+09
5.618407747679506429e+03 2.123447282000000000e+09
5.737995910288413143e+03 3.756037201000000000e+09
5.573962167064943969e+03 1.370122825000000000e+09
5.718678828934583180e+03 1.011638249000000000e+09
5.734201097989529444e+03 3.640099365000000000e+09
5.630592057364283392e+03 3.648923275000000000e+09
5.622843200220097060e+03 1.954204603000000000e+09
5.614384614393153242e+03 1.617957531000000000e+09
5.700067537906901634e+03 2.199451187000000000e+09
5.730203143921640731e+03 1.412103177000000000e+09
5.712709007393408683e+03 1.020228692000000000e+09
5.618928922802248962e+03 3.700979886000000000e+09
5.684259826619616433e+03 2.799980120000000000e+09
5.678090003280143719e+03 1.885125400000000000e+08
5.688781231365303029e+03 9.826735950000000000e+08
5.633431138916306736e+03 1.307001895000000000e+09
5.681719984716377439e+03 2.326941425000000000e+09
5.622285110424883896e+03 9.765936920000000000e+08
5.715346491271649938e+03 2.307597638000000000e+09
5.578550537579823867e+03 3.162700420000000000e+08
5.739777513754052052e+03 8.694845500000000000e+07
5.671232554946735036e+03 1.995553570000000000e+09
5.689228002996980649e+03 1.963054300000000000e+08
5.644115364013237922e+03 2.328392712000000000e+09
5.656625556522491934e+03 2.451912205000000000e+09
5.696418810522227432e+03 2.799533150000000000e+08
5.647355595462808196e+03 2.119951809000000000e+09
5.678552604265836635e+03 1.760928276000000000e+09
5.689770136500035733e+03 1.684536372000000000e+09
5.709561510156492659e+03 1.202754161000000000e+09
5.663536637855604567e+03 1.077716085000000000e+09
5.737425032370239933e+03 2.909193378000000000e+09
5.669224966252751983e+03 3.347033257000000000e+09
5.701509733853330545e+03 1.899141290000000000e+08
5.775797543001666781e+03 8.467401040000000000e+08
5.587431975355073519e+03 2.937987611000000000e+09
5.684466238856181008e+03 1.795086612000000000e+09
5.691945014343222283e+03 2.514898187000000000e+09
5.709316609940642593e+03 2.384217483000000000e+09
5.711559209889706835e+03 2.314030050000000000e+08
