# Lens_likelihood 	 seed
6.286402174258312698e+03 2.595088112000000000e+09
6.184636437955277870e+03 3.387328420000000000e+08
6.267337711932206730e+03 1.088695548000000000e+09
6.232257122425642592e+03 1.694498776000000000e+09
6.187483954897739750e+03 2.446170240000000000e+09
6.197345657677162308e+03 1.674329353000000000e+09
6.279607699858625892e+03 4.187992203000000000e+09
6.258209858701474332e+03 2.522202736000000000e+09
6.203591189342216239e+03 3.969543523000000000e+09
6.242488610880072883e+03 1.764950061000000000e+09
6.290469811900709828e+03 1.690912750000000000e+09
6.240428292207346203e+03 1.132703049000000000e+09
6.230301511618114091e+03 1.332299395000000000e+09
6.241097455171100592e+03 1.599341595000000000e+09
6.162138217299487223e+03 1.789768748000000000e+09
6.155668069245028164e+03 2.790789587000000000e+09
6.253787274427321790e+03 1.476708757000000000e+09
6.224367099398702521e+03 1.224448664000000000e+09
6.153885005861775426e+03 3.524215361000000000e+09
6.221965888258632731e+03 4.214339305000000000e+09
6.136437992707848935e+03 1.327314958000000000e+09
6.292794916270557223e+03 4.970220770000000000e+08
6.216781150487378000e+03 5.965385070000000000e+08
6.207788299591426949e+03 3.581902766000000000e+09
6.252152929034751651e+03 4.087048148000000000e+09
6.236953151634958886e+03 1.469466493000000000e+09
6.248275778870534850e+03 1.720174498000000000e+09
6.235392448901222451e+03 3.516283346000000000e+09
6.172294303539494649e+03 1.247300189000000000e+09
6.257566201948504386e+03 9.870390700000000000e+07
6.250638232479739600e+03 1.152404601000000000e+09
6.256177302805125692e+03 1.298644492000000000e+09
6.252046383102991967e+03 2.537173203000000000e+09
6.185350564323104663e+03 3.196462765000000000e+09
6.268446227633919989e+03 2.394119900000000000e+07
6.264743611350957508e+03 6.960131800000000000e+07
6.289313378080412804e+03 2.139498017000000000e+09
6.253930818977480158e+03 2.590099354000000000e+09
6.236940434905055554e+03 6.609648810000000000e+08
6.260501281123071749e+03 2.522677721000000000e+09
6.181350217936975241e+03 3.515162233000000000e+09
6.166394768218626268e+03 3.714336442000000000e+09
6.282229672596589808e+03 2.287758229000000000e+09
6.255237899781768647e+03 1.672899387000000000e+09
6.345732099819157156e+03 2.712043072000000000e+09
6.272486618473689305e+03 2.111064138000000000e+09
6.210483442547448249e+03 2.493089427000000000e+09
6.265338283762057472e+03 2.068399000000000000e+08
6.232022423535824601e+03 4.089898523000000000e+09
6.249147332916864798e+03 2.125069494000000000e+09
6.273224776230103089e+03 3.683818980000000000e+08
6.130575213807911496e+03 2.726305796000000000e+09
6.252565115383891680e+03 3.032158847000000000e+09
6.209540750163767370e+03 2.009909185000000000e+09
6.192111350298086109e+03 5.850984230000000000e+08
6.263524491791609762e+03 8.930059410000000000e+08
6.130202090243998100e+03 3.200604557000000000e+09
6.201540993178358804e+03 3.802443204000000000e+09
6.232599004693983261e+03 1.567630041000000000e+09
6.186375423907116783e+03 1.562724291000000000e+09
6.240608370321914663e+03 3.973653704000000000e+09
6.278546241940921391e+03 4.018464747000000000e+09
6.189122588571097367e+03 3.747600600000000000e+08
6.254822860217700509e+03 3.388810661000000000e+09
6.212024477455209308e+03 2.985987804000000000e+09
6.270134699594237645e+03 1.815692690000000000e+08
6.235772331167790071e+03 5.576031010000000000e+08
6.207278014821785291e+03 3.030393050000000000e+09
6.234068354665449988e+03 1.755545545000000000e+09
6.264076907921246857e+03 1.064397746000000000e+09
6.169428421738844918e+03 1.660861797000000000e+09
6.146284600032713570e+03 3.921926241000000000e+09
6.208364500031490024e+03 1.353739835000000000e+09
6.187178742599309771e+03 1.108409987000000000e+09
6.236036694440685096e+03 1.424763144000000000e+09
6.270708939951795401e+03 2.229766819000000000e+09
6.282074763551017895e+03 2.632005250000000000e+09
6.272430115758628745e+03 2.124279782000000000e+09
6.186305314908669061e+03 3.123594746000000000e+09
6.270501853908146586e+03 1.183588203000000000e+09
6.306672612562939321e+03 1.414438768000000000e+09
6.241180328637999082e+03 2.444191315000000000e+09
6.203279672548754206e+03 1.135343451000000000e+09
6.219639359104738105e+03 1.931824000000000000e+07
6.252012836146890550e+03 1.903466740000000000e+08
6.293547016494869240e+03 1.360695967000000000e+09
6.278674821104057628e+03 3.199497243000000000e+09
6.250885043487878647e+03 9.761325160000000000e+08
6.211082065368595067e+03 1.705489614000000000e+09
6.248559409927467641e+03 2.990388038000000000e+09
6.193902060559095844e+03 1.660444924000000000e+09
6.311680220914100573e+03 4.060652360000000000e+09
6.247427257745453062e+03 4.119205306000000000e+09
6.281247288664856569e+03 7.871289970000000000e+08
6.163745484555776784e+03 2.556185302000000000e+09
6.170583634165152034e+03 4.020487382000000000e+09
6.213674299532189252e+03 2.318478667000000000e+09
6.269381437922842451e+03 7.375314220000000000e+08
6.168785960736398010e+03 2.908562430000000000e+09
6.258544234625404897e+03 2.595762859000000000e+09
6.265804071500830105e+03 3.856303829000000000e+09
6.199880993423292239e+03 2.344938421000000000e+09
6.328898747908218866e+03 3.683768370000000000e+08
6.236754630924148842e+03 1.478032373000000000e+09
6.156223202460278117e+03 3.322187896000000000e+09
6.245860995993232791e+03 6.985034730000000000e+08
6.315720299314524709e+03 3.718209940000000000e+08
6.180974947266167874e+03 1.494825415000000000e+09
6.231599113053582187e+03 3.317456338000000000e+09
6.176027934953856857e+03 2.768747376000000000e+09
6.245630177933332561e+03 3.558249010000000000e+08
6.162908595440571844e+03 2.952288530000000000e+08
6.248518899690699072e+03 2.357197245000000000e+09
6.316112681682054244e+03 3.433359421000000000e+09
6.243090386567013411e+03 2.649249115000000000e+09
6.220971068658125660e+03 2.092498468000000000e+09
6.163133819367426440e+03 2.473776770000000000e+08
6.248301728576061578e+03 1.751176855000000000e+09
6.237804583283348620e+03 3.754820251000000000e+09
6.271197673692417993e+03 3.402594204000000000e+09
6.200816718343757202e+03 4.082618575000000000e+09
6.183957935630708562e+03 1.091500620000000000e+08
6.222732530100838630e+03 3.944395988000000000e+09
6.251748736407642355e+03 1.938684863000000000e+09
6.293360531554420049e+03 1.969746930000000000e+09
6.156407903571045608e+03 5.172776230000000000e+08
6.237637520607659098e+03 1.666565895000000000e+09
6.185195503857168660e+03 1.971995344000000000e+09
6.187975334804013983e+03 4.006723103000000000e+09
6.246262632717220185e+03 3.246326444000000000e+09
6.164857584187720931e+03 4.549316960000000000e+08
6.235141627429670734e+03 3.099389896000000000e+09
6.299511599928279793e+03 1.789895404000000000e+09
6.306022488744470138e+03 3.159709801000000000e+09
6.152368198527972709e+03 5.606105830000000000e+08
6.261196838160410152e+03 3.446280813000000000e+09
6.223067700751529628e+03 2.905192490000000000e+08
6.291066259074139452e+03 5.240916120000000000e+08
6.294297459049726058e+03 2.035623353000000000e+09
6.229689844408027056e+03 2.511813750000000000e+09
6.280996218307123854e+03 3.322681320000000000e+09
6.224856321686213050e+03 3.019099402000000000e+09
6.235186207625313727e+03 1.610214847000000000e+09
6.247329288330785857e+03 3.904421582000000000e+09
6.256430350771350277e+03 8.161759130000000000e+08
6.295458394720334582e+03 1.860069899000000000e+09
6.231253161888735121e+03 2.594548564000000000e+09
6.226084853758206009e+03 3.018237184000000000e+09
6.234838842212598138e+03 3.919266565000000000e+09
6.144261185264191226e+03 3.331219865000000000e+09
6.284558736946631143e+03 9.211220190000000000e+08
6.214312093082625324e+03 4.010164994000000000e+09
6.280231443539197244e+03 1.268233084000000000e+09
6.224972128240304301e+03 1.124076990000000000e+08
6.263487700718864289e+03 9.030437980000000000e+08
6.158363613099278155e+03 2.261502073000000000e+09
6.245195940880988928e+03 1.810018570000000000e+08
6.222272504944733555e+03 2.317391458000000000e+09
6.150872129784145727e+03 2.154224692000000000e+09
6.142579468320171145e+03 1.164565997000000000e+09
6.176750663118936245e+03 2.395628480000000000e+08
6.370606459550523141e+03 1.679339694000000000e+09
6.257162560174416285e+03 3.816516973000000000e+09
6.211356298028111269e+03 1.719559155000000000e+09
6.215113065400679261e+03 2.791612541000000000e+09
6.209795855571075663e+03 3.342033582000000000e+09
6.213804568849958741e+03 3.832902142000000000e+09
6.248632076754977788e+03 3.119710375000000000e+09
6.266339631364718116e+03 1.039155118000000000e+09
6.230702552327859848e+03 3.951872564000000000e+09
6.161659518180280429e+03 8.103344230000000000e+08
6.238193615762891568e+03 1.012892976000000000e+09
6.182422537046190882e+03 2.653330752000000000e+09
6.241855828896310413e+03 3.433065651000000000e+09
6.282038967244647210e+03 2.831441201000000000e+09
6.234809567388634605e+03 2.111078562000000000e+09
6.204913340332079315e+03 2.041213682000000000e+09
6.227739695352202943e+03 9.598082510000000000e+08
6.221855553509431957e+03 2.675485942000000000e+09
6.297614109575912153e+03 3.882855302000000000e+09
6.254594322344180000e+03 3.401093095000000000e+09
6.271268230806358588e+03 7.376797160000000000e+08
6.214200441922775099e+03 2.961107379000000000e+09
6.261565708710773833e+03 3.082024141000000000e+09
6.214914692640659268e+03 3.237824528000000000e+09
6.135080803425955310e+03 3.747419024000000000e+09
6.235677362946847097e+03 2.563090104000000000e+09
6.227063279861417868e+03 1.553525616000000000e+09
6.327730244927234708e+03 2.703573721000000000e+09
6.225885469186767295e+03 2.807964916000000000e+09
6.261597152602849746e+03 4.787242130000000000e+08
6.180664191318503072e+03 3.969680240000000000e+09
6.205561713614455584e+03 3.573353603000000000e+09
6.248745384200264198e+03 7.870613460000000000e+08
6.236677866131240080e+03 1.437548310000000000e+09
6.239104468213035943e+03 2.472868751000000000e+09
6.278477040342370856e+03 2.805509038000000000e+09
6.205069911959441015e+03 2.936857407000000000e+09
6.221330132691240578e+03 4.155777734000000000e+09
6.188393569179777842e+03 1.496356910000000000e+09
6.147542064811699674e+03 3.822228658000000000e+09
6.255405292491316686e+03 3.649759991000000000e+09
6.230906681099799243e+03 4.007492523000000000e+09
6.202624015037326899e+03 8.828480860000000000e+08
6.173645226675091180e+03 7.722622900000000000e+08
6.331090540643224813e+03 6.338739500000000000e+07
6.222032818736841364e+03 2.572421225000000000e+09
6.194214964683276776e+03 2.269467326000000000e+09
6.217744676423454621e+03 1.392487607000000000e+09
6.289412419226709972e+03 1.187359155000000000e+09
6.255547142311233983e+03 4.022663032000000000e+09
6.230862914356496731e+03 1.797448760000000000e+09
6.190900381177700183e+03 4.013416065000000000e+09
6.195709489162385580e+03 3.539260384000000000e+09
6.279860395600569973e+03 4.088568106000000000e+09
6.192503481668662971e+03 1.982754829000000000e+09
6.317690828432827402e+03 1.927025298000000000e+09
6.210460510627160147e+03 2.345783208000000000e+09
6.257590344351885506e+03 3.232666877000000000e+09
6.276575064422059768e+03 3.792201055000000000e+09
6.179859707782135047e+03 2.863553815000000000e+09
6.200599758408010530e+03 1.888872357000000000e+09
6.114318946238598073e+03 3.760871509000000000e+09
6.204090021351756150e+03 8.720680500000000000e+07
6.280114090106431831e+03 2.322678710000000000e+08
6.280840519555891660e+03 8.044751130000000000e+08
6.214704587511002501e+03 2.843246861000000000e+09
6.276731560573160095e+03 2.028238614000000000e+09
6.231343554859509823e+03 1.420590488000000000e+09
6.279149113603472870e+03 8.542702550000000000e+08
6.281461005617167757e+03 3.974396274000000000e+09
6.246457978594327869e+03 3.605094375000000000e+09
6.219895644821959650e+03 3.880710523000000000e+09
6.140831788620509542e+03 2.764058753000000000e+09
6.190182322912725795e+03 3.105514784000000000e+09
6.186057543518228158e+03 3.821397309000000000e+09
6.262746596714666339e+03 1.786853439000000000e+09
6.245953192432693868e+03 3.953706227000000000e+09
6.247612105925049036e+03 1.642684070000000000e+09
6.265815817363681163e+03 3.476715981000000000e+09
6.264072383341347631e+03 3.085106232000000000e+09
6.250029041519058410e+03 1.264494837000000000e+09
6.313642910555936396e+03 1.850697005000000000e+09
6.286163665767024213e+03 1.547911079000000000e+09
6.254283426542900997e+03 2.193810728000000000e+09
6.286149850964269717e+03 4.028162860000000000e+08
6.241451659538863169e+03 9.536052830000000000e+08
6.132614108190501611e+03 2.994769377000000000e+09
6.281581139442753738e+03 1.695618597000000000e+09
6.202221688847201222e+03 4.283211315000000000e+09
6.205868814321869650e+03 1.519329750000000000e+08
6.207755281949343953e+03 3.026084800000000000e+07
6.228927811936644503e+03 2.354755906000000000e+09
6.214728693376015144e+03 3.538119039000000000e+09
6.238658616823755438e+03 2.991811007000000000e+09
6.210655517227410201e+03 1.090060639000000000e+09
6.210735594172701894e+03 3.827321479000000000e+09
6.224670485488716622e+03 2.459663267000000000e+09
6.132730124541359146e+03 6.603129560000000000e+08
6.129770790098409634e+03 1.037712292000000000e+09
6.191164467028242143e+03 2.024231651000000000e+09
6.271898443949685316e+03 1.698896639000000000e+09
6.264763457936056511e+03 4.055569505000000000e+09
6.208217387284303186e+03 2.766154154000000000e+09
6.150995310958276605e+03 3.424251495000000000e+09
6.284895506867527729e+03 2.856985471000000000e+09
6.241373419157609533e+03 1.528173797000000000e+09
6.222320838992767676e+03 1.407095320000000000e+08
6.219059336253388210e+03 1.381861828000000000e+09
6.317918543057402530e+03 5.220895700000000000e+08
6.272885936813398985e+03 2.832776857000000000e+09
6.239479627978384087e+03 2.013136147000000000e+09
6.257428846458330554e+03 2.356595326000000000e+09
6.226676649851688126e+03 1.964942886000000000e+09
6.202989059006857133e+03 1.788649121000000000e+09
6.242604241040278794e+03 2.169785582000000000e+09
6.163584634211882076e+03 5.268479800000000000e+07
6.244596168380691779e+03 2.529962603000000000e+09
6.216137555375709780e+03 4.089106731000000000e+09
6.287296907938334698e+03 8.493944310000000000e+08
6.245665629007768985e+03 6.942854700000000000e+07
6.257560366737629010e+03 2.006954115000000000e+09
6.198926958533450488e+03 1.377151360000000000e+09
6.229380877616516955e+03 1.586132880000000000e+09
6.172642949599579879e+03 9.608428330000000000e+08
6.231199295973206972e+03 1.046978785000000000e+09
6.293639462248568634e+03 1.722420282000000000e+09
6.232695511987736609e+03 3.950697326000000000e+09
6.218332331609350149e+03 3.206016673000000000e+09
6.255139207123126653e+03 3.616283466000000000e+09
6.234112268083513300e+03 1.685738756000000000e+09
6.218019157182883646e+03 2.435644346000000000e+09
6.287778120145133471e+03 2.265871700000000000e+07
6.248274857203408828e+03 3.069281041000000000e+09
6.129822016247020656e+03 3.447977132000000000e+09
6.331721735402990817e+03 3.767658954000000000e+09
6.185602290478576833e+03 1.041159629000000000e+09
6.153295273562553120e+03 4.013598670000000000e+08
6.164315350026816304e+03 2.244355792000000000e+09
6.263487013290548020e+03 3.661389388000000000e+09
6.198239143176132529e+03 3.851259416000000000e+09
6.284751394122009515e+03 8.622107270000000000e+08
6.198060610839291257e+03 4.009831694000000000e+09
6.262219036394477371e+03 2.806198598000000000e+09
6.127799722457293683e+03 3.617979243000000000e+09
6.254860786348765942e+03 2.807377997000000000e+09
6.167278333242316876e+03 1.490325697000000000e+09
6.192701452512394098e+03 8.073709000000000000e+07
6.235045611236742843e+03 4.058973167000000000e+09
6.218479962793782761e+03 6.977598390000000000e+08
6.230553604795762112e+03 1.800934412000000000e+09
6.212255966426915620e+03 2.813396052000000000e+09
6.256511831642687866e+03 3.061437532000000000e+09
6.237596627648228605e+03 1.276982226000000000e+09
6.179123421172597773e+03 1.389615246000000000e+09
6.263177245641682021e+03 2.301340721000000000e+09
6.283404772970549857e+03 1.551833022000000000e+09
6.224276895076010987e+03 5.639561290000000000e+08
6.091121914193548946e+03 8.667725370000000000e+08
6.192674316431900479e+03 2.884772629000000000e+09
6.299989344720252120e+03 2.624007998000000000e+09
6.170234102279997387e+03 2.395206675000000000e+09
6.287565275295954052e+03 4.052698065000000000e+09
6.260102193875691228e+03 2.307717880000000000e+08
6.242843379588704920e+03 1.466310893000000000e+09
6.235705129051136282e+03 6.905046540000000000e+08
6.147068978826152488e+03 3.802554565000000000e+09
6.215220251896853370e+03 4.020953414000000000e+09
6.313980454515118254e+03 2.071650487000000000e+09
6.240486428787508885e+03 2.139136590000000000e+09
6.232869999717553583e+03 4.538960470000000000e+08
6.227798298065830750e+03 2.115025653000000000e+09
6.239284044216547045e+03 2.690963083000000000e+09
6.205308849707053014e+03 4.194458330000000000e+08
6.280474827071751861e+03 2.797625437000000000e+09
6.231489401803700275e+03 5.093715890000000000e+08
6.258418060682414762e+03 4.131791758000000000e+09
6.169963258870794562e+03 4.160083490000000000e+08
6.181892317512203590e+03 2.037391692000000000e+09
6.277617931632862565e+03 3.882200520000000000e+08
6.264568479798706903e+03 2.548545552000000000e+09
6.214184448354040796e+03 2.178771257000000000e+09
6.222159514613328611e+03 3.342616114000000000e+09
6.269073390361358179e+03 9.373951600000000000e+07
6.224747357033978005e+03 3.554090999000000000e+09
6.232770644424744205e+03 1.214864401000000000e+09
6.241838021381474391e+03 1.926574499000000000e+09
6.214391425239078671e+03 3.149237445000000000e+09
6.211661209692201737e+03 2.018966060000000000e+09
6.210543752146251791e+03 4.084938891000000000e+09
