# Lens_likelihood 	 seed
6.972881560596488271e+03 3.472479693000000000e+09
7.003441628398467401e+03 1.807990046000000000e+09
6.993678561810381325e+03 1.357044963000000000e+09
6.988248480902417214e+03 1.988130640000000000e+09
6.988256162896749629e+03 3.703148144000000000e+09
6.986346848189966295e+03 2.926459545000000000e+09
6.992450386128397440e+03 9.788059820000000000e+08
6.985810795308245361e+03 1.246146822000000000e+09
6.975007887124897024e+03 2.938749913000000000e+09
6.985360890741307230e+03 1.525690763000000000e+09
6.996115315528009887e+03 1.896720623000000000e+09
6.985663742102041397e+03 3.395818250000000000e+09
6.977356913085637643e+03 1.989563953000000000e+09
6.971847334302102354e+03 7.476006730000000000e+08
6.995830710622258266e+03 6.708155990000000000e+08
6.995132097140840415e+03 7.969920400000000000e+07
7.002247226249310188e+03 3.704226167000000000e+09
7.004783182213408509e+03 2.975391174000000000e+09
6.991301030088006883e+03 2.855819848000000000e+09
7.000406550135452562e+03 2.512948311000000000e+09
6.976553028956480375e+03 9.238981420000000000e+08
6.984689661647086723e+03 2.262839850000000000e+09
6.978420472018900909e+03 1.251910155000000000e+09
6.979088974953363504e+03 8.519353910000000000e+08
6.995157086657119180e+03 1.086831320000000000e+08
6.964662180594677011e+03 3.433417288000000000e+09
6.974141779189557383e+03 3.688104667000000000e+09
6.973407630140655783e+03 1.883035093000000000e+09
7.003642598959995667e+03 2.774168974000000000e+09
6.996121943182203722e+03 1.597221077000000000e+09
6.986301758302643066e+03 4.220236600000000000e+09
6.966495317122097731e+03 1.540767044000000000e+09
6.989813022443714544e+03 2.580480862000000000e+09
6.967289604266634342e+03 2.245730452000000000e+09
6.978996861153887949e+03 3.995448851000000000e+09
6.992090799450246777e+03 3.134930020000000000e+08
6.978512279926230804e+03 2.309625869000000000e+09
6.981486993457376229e+03 3.050339337000000000e+09
7.005937334672818906e+03 1.008832090000000000e+08
6.949589532453796892e+03 1.871269640000000000e+08
7.001893355057230110e+03 2.394335495000000000e+09
7.002004839468536375e+03 1.109965537000000000e+09
6.996706170645536076e+03 1.217035816000000000e+09
6.981780820735066300e+03 3.225875924000000000e+09
6.975439014986905931e+03 1.152743845000000000e+09
6.995219515243241403e+03 1.302246783000000000e+09
6.989431884630072091e+03 3.751646664000000000e+09
7.000151626372138708e+03 3.912592389000000000e+09
6.969631981525779338e+03 2.318686040000000000e+09
6.978388339413868380e+03 1.681011894000000000e+09
6.997672335995236608e+03 3.121211396000000000e+09
6.985285419518596427e+03 2.167498141000000000e+09
6.977530882768809533e+03 1.183453013000000000e+09
6.977196747338262867e+03 9.393482200000000000e+07
6.994177771463933823e+03 2.635627197000000000e+09
7.001485731942084385e+03 2.136920948000000000e+09
6.982629871560160609e+03 1.814168139000000000e+09
6.992452612428882276e+03 1.721211693000000000e+09
6.975172006633431920e+03 1.261779370000000000e+09
7.002639260314895182e+03 2.702468675000000000e+09
7.003097475180806214e+03 3.328711469000000000e+09
6.985125409324005886e+03 7.365121410000000000e+08
6.963270349336600702e+03 2.173433359000000000e+09
7.006944665803606767e+03 2.240920760000000000e+08
7.009029714069837610e+03 3.716816737000000000e+09
6.989476193313617841e+03 3.533167620000000000e+09
6.960639791559949117e+03 2.508267455000000000e+09
7.000743576596581079e+03 1.590419116000000000e+09
6.972044395003965292e+03 2.256013017000000000e+09
6.982742337236415551e+03 1.873574872000000000e+09
6.999745018233776136e+03 7.375468490000000000e+08
6.985614683418662025e+03 7.506676340000000000e+08
6.971825569441447442e+03 3.015916527000000000e+09
6.990759035690969540e+03 1.518575375000000000e+09
6.973390254479088071e+03 1.201358928000000000e+09
6.995410799667335596e+03 1.895647523000000000e+09
6.985613563918163891e+03 1.703891993000000000e+09
6.972794811338784712e+03 2.754576950000000000e+09
6.976627410514654912e+03 3.811971037000000000e+09
7.001516366945785194e+03 2.466272882000000000e+09
6.985837605868008723e+03 9.713887020000000000e+08
6.964374603569226565e+03 2.369148275000000000e+09
7.000629455265965589e+03 6.534635250000000000e+08
6.981258593013032623e+03 2.654572110000000000e+08
6.983654489703132640e+03 1.467256877000000000e+09
6.994191198685693053e+03 3.870031057000000000e+09
6.959373990779776250e+03 2.447785630000000000e+09
6.997334402110548581e+03 1.149922029000000000e+09
6.986226299381176432e+03 1.183128529000000000e+09
6.988531611250904461e+03 3.405615231000000000e+09
6.992630726275735469e+03 1.942753783000000000e+09
6.977372450304826998e+03 1.990936860000000000e+09
6.993236169874089683e+03 3.523003337000000000e+09
6.992788000697720236e+03 4.117957640000000000e+08
6.997718265432586122e+03 2.261952981000000000e+09
6.976675959988551767e+03 1.068095650000000000e+08
6.978841436184326085e+03 1.618093410000000000e+09
7.001918014859045797e+03 4.069384831000000000e+09
6.995203044936870356e+03 3.026601064000000000e+09
6.990873946808640540e+03 3.093894073000000000e+09
6.972067140109405955e+03 3.699097796000000000e+09
6.992267969182838897e+03 1.892082074000000000e+09
6.983399558106379118e+03 4.256119570000000000e+09
6.966520023471663080e+03 1.877380142000000000e+09
6.981514248441475502e+03 2.883554086000000000e+09
6.991334607759589744e+03 1.511304798000000000e+09
6.971800200269216475e+03 1.977489858000000000e+09
6.974156711854466266e+03 1.604410428000000000e+09
6.995235035400766719e+03 5.880083130000000000e+08
7.002157775791451058e+03 2.202621692000000000e+09
6.975530291764051071e+03 3.100052522000000000e+09
6.988567256189226100e+03 6.349253000000000000e+07
7.000509978204703657e+03 1.226023939000000000e+09
6.992403113644993027e+03 3.256128529000000000e+09
7.000709425379614913e+03 3.305714802000000000e+09
6.999904234707237265e+03 5.458660490000000000e+08
6.991172708086592138e+03 1.295440991000000000e+09
7.002101072120069148e+03 3.631570769000000000e+09
6.985532627603804940e+03 3.078543537000000000e+09
6.988157144425120350e+03 3.374984541000000000e+09
6.983551245278581519e+03 2.799687734000000000e+09
7.000256155709035738e+03 3.616724022000000000e+09
6.990011479225861876e+03 4.876683550000000000e+08
6.975802848547734357e+03 2.854076078000000000e+09
6.996449450554344367e+03 2.035222941000000000e+09
6.986951586356869484e+03 2.320380113000000000e+09
6.998963460417500755e+03 9.360960380000000000e+08
6.973970714112275346e+03 2.939576023000000000e+09
6.983766890273237550e+03 2.383306554000000000e+09
6.970298624901328367e+03 2.726419916000000000e+09
6.995808199291122037e+03 2.329422068000000000e+09
6.978612276034070419e+03 2.268824180000000000e+09
6.979821610936839534e+03 4.150251402000000000e+09
6.992042645797131627e+03 3.247849877000000000e+09
6.974843727504075105e+03 1.402124266000000000e+09
7.006744416311154055e+03 3.735675033000000000e+09
6.994402065954037425e+03 2.403158127000000000e+09
6.969227855270810323e+03 1.089041970000000000e+09
6.960825887039414738e+03 1.213737813000000000e+09
6.991415327637136215e+03 2.916927462000000000e+09
7.013154637703717526e+03 2.037865143000000000e+09
6.976556922115054476e+03 3.316474388000000000e+09
6.981419183116640852e+03 3.999099228000000000e+09
6.976112589912721887e+03 1.852899685000000000e+09
6.989957832028624580e+03 1.545338709000000000e+09
7.002409728836063550e+03 3.315338281000000000e+09
7.001930765333266208e+03 1.372726449000000000e+09
6.996505647165222399e+03 2.305183997000000000e+09
6.991233431970381389e+03 3.930772170000000000e+09
6.999165486447407602e+03 1.848064770000000000e+08
6.986107679948908299e+03 9.917817070000000000e+08
6.985921407250672928e+03 1.204289779000000000e+09
7.005980333815825361e+03 1.099807290000000000e+09
7.007099880962103271e+03 3.139696213000000000e+09
7.005676538421888836e+03 4.294565369000000000e+09
6.991304034805091760e+03 3.414510149000000000e+09
6.988202707669480333e+03 8.806692910000000000e+08
6.960770624525839594e+03 2.961501890000000000e+09
6.995492530765164702e+03 3.034253284000000000e+09
6.983005612340263724e+03 1.544104393000000000e+09
7.003890623083143510e+03 2.378807800000000000e+07
6.975170832681863430e+03 1.769478585000000000e+09
7.003400889947770338e+03 1.484953780000000000e+09
6.971699650529159953e+03 3.153657281000000000e+09
7.004850938708788817e+03 1.366151710000000000e+08
6.972443922367452615e+03 1.042870589000000000e+09
6.985695784687934974e+03 8.006393480000000000e+08
6.972769171592163730e+03 8.654213090000000000e+08
6.981248784245094612e+03 2.172536948000000000e+09
6.998425583681078933e+03 2.940215263000000000e+09
6.974550989479764212e+03 2.218812697000000000e+09
6.984821336492321279e+03 3.586735254000000000e+09
6.987264490015330011e+03 6.165787900000000000e+07
7.000911139061682661e+03 4.266396482000000000e+09
6.988164050432963450e+03 1.638996643000000000e+09
7.000340915709988622e+03 9.583498950000000000e+08
6.993154425000464471e+03 7.695904290000000000e+08
6.980329831302535240e+03 3.384830188000000000e+09
6.975149135346583535e+03 8.856376530000000000e+08
7.006249914042658929e+03 3.565928374000000000e+09
6.986562871385790459e+03 2.644543170000000000e+09
7.020578952218678751e+03 1.665619957000000000e+09
6.982418466283118505e+03 2.639400314000000000e+09
6.993959811370895295e+03 3.737103130000000000e+09
6.969310403143775147e+03 1.734705913000000000e+09
6.988380976357608233e+03 1.678513680000000000e+08
7.006830433513674507e+03 9.540193800000000000e+07
6.979875413884847148e+03 3.001307425000000000e+09
6.981941012077897540e+03 5.084005610000000000e+08
6.984894092435765742e+03 1.765352939000000000e+09
6.982900597884416129e+03 1.299390344000000000e+09
7.008751983091337934e+03 7.364393010000000000e+08
6.979157090353226522e+03 4.186458300000000000e+09
6.976017053217834473e+03 2.644167962000000000e+09
6.973814650938515115e+03 3.690387133000000000e+09
6.992228825292956572e+03 2.419447903000000000e+09
6.991142275665076340e+03 1.020151279000000000e+09
7.001822227872373333e+03 1.306023867000000000e+09
6.991547014712624332e+03 2.678000817000000000e+09
6.977005397983564762e+03 2.841788768000000000e+09
6.982800318842572779e+03 5.023877820000000000e+08
7.001467778300213467e+03 2.135436000000000000e+08
6.967267650828589467e+03 3.059279460000000000e+09
6.966319343541530543e+03 2.158002720000000000e+08
6.979371463023033357e+03 5.978052820000000000e+08
6.976493526481472145e+03 2.134746613000000000e+09
6.984864257308066954e+03 1.389905180000000000e+09
6.995141493194632858e+03 1.238807085000000000e+09
6.970003604875407291e+03 3.866576747000000000e+09
6.983362786201338167e+03 9.569640760000000000e+08
6.998811384961611111e+03 1.381530125000000000e+09
6.988990825087239500e+03 1.623896620000000000e+08
6.988161124781348008e+03 7.904537650000000000e+08
7.004372230907630183e+03 2.238777666000000000e+09
6.990738640577358638e+03 3.878256449000000000e+09
6.996425986899434065e+03 2.689539653000000000e+09
6.985431703137107434e+03 3.044454730000000000e+08
6.979241081937343552e+03 3.186844830000000000e+09
6.977861774796070677e+03 3.031193421000000000e+09
7.000159303065857785e+03 3.679401610000000000e+08
6.961371260070547578e+03 2.594918475000000000e+09
6.979330967021252036e+03 1.055514408000000000e+09
6.962353808384506920e+03 2.199839940000000000e+09
6.979393060486092509e+03 1.124854249000000000e+09
6.947027219732208323e+03 3.174100583000000000e+09
6.986490025442253682e+03 2.797864830000000000e+09
6.957788529700304025e+03 2.047553813000000000e+09
6.991872454429205391e+03 6.594209810000000000e+08
6.972976040360363186e+03 2.532229662000000000e+09
7.005785286972840368e+03 1.943904095000000000e+09
6.989530244782809859e+03 6.779148770000000000e+08
6.969956651428918121e+03 1.547598362000000000e+09
6.964618451024052774e+03 1.706301558000000000e+09
6.988108784175442452e+03 2.817173290000000000e+08
6.995392139202764156e+03 2.641896907000000000e+09
6.983035181189890864e+03 3.223224571000000000e+09
6.986346201953152558e+03 3.230237497000000000e+09
6.971820952390824459e+03 2.651537059000000000e+09
6.989934593835519991e+03 1.085083921000000000e+09
6.988653639107391427e+03 9.154328870000000000e+08
7.006155995950282886e+03 1.464452970000000000e+09
6.980036027026810189e+03 3.722396567000000000e+09
7.007505071469567156e+03 2.247377571000000000e+09
7.002890496878694648e+03 9.596517940000000000e+08
6.952119181231080802e+03 4.289238411000000000e+09
6.995430321494269265e+03 3.050374880000000000e+09
6.986226820446750025e+03 6.725262670000000000e+08
6.996506038820076355e+03 1.282772948000000000e+09
6.980378537020863405e+03 3.490539320000000000e+08
6.973498929437000697e+03 4.080955386000000000e+09
6.979081033181500061e+03 3.371181460000000000e+08
6.981611267068396955e+03 2.149275324000000000e+09
6.998212057302855101e+03 1.539137615000000000e+09
6.975468733376961609e+03 2.825957267000000000e+09
6.987342591316886683e+03 1.122305110000000000e+09
6.941155036979923352e+03 1.051860284000000000e+09
6.996075330873532039e+03 1.931807985000000000e+09
6.986523614652841388e+03 2.242428873000000000e+09
6.975372805325932859e+03 2.171394918000000000e+09
6.987208289568986402e+03 1.033502388000000000e+09
6.997237069944161703e+03 3.468173412000000000e+09
6.967622247944080300e+03 8.369708600000000000e+07
6.996427538668227498e+03 3.688644719000000000e+09
6.987945726430849390e+03 2.449399923000000000e+09
6.961394181153178579e+03 3.978149310000000000e+08
6.999734092106944445e+03 1.562031463000000000e+09
7.005114076522276264e+03 2.154988037000000000e+09
6.983570183337935305e+03 2.323926724000000000e+09
6.987589700176852602e+03 1.213607771000000000e+09
6.996262085818059859e+03 2.561217477000000000e+09
6.996560951706469496e+03 3.911513679000000000e+09
7.006924287099262074e+03 3.330172736000000000e+09
6.999298778365297039e+03 2.278841335000000000e+09
6.985447426655974596e+03 3.508201595000000000e+09
6.994752404602634670e+03 5.831538160000000000e+08
6.964109776930933549e+03 2.350814144000000000e+09
6.994667863234393735e+03 1.419929889000000000e+09
7.008781785549490451e+03 2.205181223000000000e+09
6.976129350320899903e+03 3.721739019000000000e+09
6.976528136632039605e+03 2.155945349000000000e+09
6.987918483280533110e+03 4.039488202000000000e+09
6.986744396960587437e+03 1.798225369000000000e+09
6.980290585362427009e+03 1.244146725000000000e+09
6.993082428370175876e+03 2.703873534000000000e+09
7.001002085864739456e+03 3.054089133000000000e+09
6.978458521760978329e+03 1.713510868000000000e+09
6.996482198970261379e+03 1.129704501000000000e+09
6.967152635927734991e+03 3.644487886000000000e+09
6.988728856572781297e+03 2.412395743000000000e+09
7.002581589508854449e+03 2.731077774000000000e+09
6.978416662652681225e+03 5.508513780000000000e+08
7.000189221992667626e+03 9.602324150000000000e+08
6.971251120275714129e+03 2.494811874000000000e+09
6.995153753367156241e+03 1.973295050000000000e+08
6.979893276036116731e+03 1.009269790000000000e+09
6.998453013841044594e+03 1.873983549000000000e+09
6.984158904726698893e+03 8.161710670000000000e+08
6.980816303030576819e+03 4.932047370000000000e+08
7.000048147149035685e+03 2.136189116000000000e+09
6.983027909411225664e+03 1.917647570000000000e+08
7.008268593060354760e+03 2.666287073000000000e+09
6.980356750573968384e+03 3.742743214000000000e+09
6.996807284646730295e+03 3.510328180000000000e+08
6.999386141507242428e+03 2.468137643000000000e+09
6.965427248127211897e+03 7.495180840000000000e+08
7.010442244369980472e+03 2.462612481000000000e+09
6.987517768037514543e+03 1.672929000000000000e+08
7.001805256387098780e+03 2.104736619000000000e+09
6.985701559814466236e+03 3.867706930000000000e+08
6.986031421158456396e+03 3.752904279000000000e+09
6.992463167790083389e+03 1.827990686000000000e+09
6.980590440398903411e+03 1.951498780000000000e+08
6.985257527698202466e+03 4.462588300000000000e+07
6.947280170103055752e+03 1.088401170000000000e+08
6.988010946400342618e+03 4.008646058000000000e+09
6.983848728039136404e+03 2.684680548000000000e+09
7.003619516538097741e+03 1.717466991000000000e+09
6.974018341406381296e+03 3.233183640000000000e+08
7.006237586099326109e+03 3.458218489000000000e+09
6.999212755506990106e+03 1.936630619000000000e+09
6.981704412563810365e+03 2.712857420000000000e+08
7.009735713727543043e+03 5.017999990000000000e+08
6.997440419277309047e+03 2.212374736000000000e+09
6.986885589809029625e+03 1.646705743000000000e+09
6.958309694047617086e+03 3.049385712000000000e+09
6.982062421884525975e+03 2.207235255000000000e+09
6.958650338019979245e+03 8.320521150000000000e+08
7.005342882494179321e+03 3.043692876000000000e+09
6.989700726268150902e+03 3.954831060000000000e+09
6.987214290801563948e+03 7.150912000000000000e+07
6.990137388922805258e+03 4.240225341000000000e+09
6.987182870591912433e+03 3.279323804000000000e+09
6.970329943068606553e+03 1.077488459000000000e+09
6.997441816925165767e+03 8.470152790000000000e+08
6.992536227935248462e+03 1.612187682000000000e+09
6.970047569879986440e+03 3.469097901000000000e+09
6.996266558456307393e+03 8.558368570000000000e+08
6.991134946954345651e+03 2.205472358000000000e+09
7.001222633436804244e+03 5.152761610000000000e+08
6.960387862922004388e+03 2.414638800000000000e+09
6.990322114544947908e+03 2.389439200000000000e+07
7.008163107264968858e+03 3.474979717000000000e+09
6.980560307653699965e+03 6.234723340000000000e+08
6.978756012213589202e+03 1.007757000000000000e+08
6.961171788305955488e+03 2.045585007000000000e+09
6.998732400307858370e+03 5.403694050000000000e+08
6.984521879672637624e+03 3.286867353000000000e+09
6.968806220936347017e+03 8.920351740000000000e+08
6.980775656673066806e+03 2.870683884000000000e+09
6.972701946165173467e+03 9.833616340000000000e+08
