# Lens_likelihood 	 seed
5.595110795052526555e+03 6.865369470000000000e+08
5.591182722394587472e+03 2.956768145000000000e+09
5.563675924717046655e+03 5.474220740000000000e+08
5.572719879650102484e+03 6.679165220000000000e+08
5.558903738238425831e+03 4.656370020000000000e+08
5.620400865156973850e+03 7.959251080000000000e+08
5.561394011953510926e+03 1.293022695000000000e+09
5.588472513157043068e+03 2.628641923000000000e+09
5.553829915520355826e+03 6.144851010000000000e+08
5.581140394109745102e+03 3.862210537000000000e+09
5.564081112947140355e+03 3.039857221000000000e+09
5.627168519244344679e+03 1.786108996000000000e+09
5.559484566255361642e+03 1.620749891000000000e+09
5.560612816615788688e+03 2.260343792000000000e+09
5.567815558136235268e+03 3.600917230000000000e+09
5.590820999305656187e+03 1.146844129000000000e+09
5.597120087653931478e+03 6.750493240000000000e+08
5.591463097763553378e+03 2.219394787000000000e+09
5.591163800732858363e+03 9.231545660000000000e+08
5.569765609396635227e+03 1.003733308000000000e+09
5.569081271126383399e+03 4.124286888000000000e+09
5.591560217643398573e+03 5.853737940000000000e+08
5.573126084836372684e+03 4.612392700000000000e+08
5.588847822015894053e+03 2.508763339000000000e+09
5.561258202995279134e+03 1.230810547000000000e+09
5.578561555540502013e+03 1.186821321000000000e+09
5.576391010988394555e+03 1.070432503000000000e+09
5.565513290607664203e+03 1.218343467000000000e+09
5.601233896768993873e+03 3.828550767000000000e+09
5.591721125835044404e+03 3.130275852000000000e+09
5.581297884699040878e+03 2.830515034000000000e+09
5.551183305128844040e+03 2.955861975000000000e+09
5.578674384640504286e+03 2.659643949000000000e+09
5.586976579372458218e+03 3.666112430000000000e+08
5.597408296035751846e+03 3.264834200000000000e+09
5.589452006341725792e+03 3.886832152000000000e+09
5.581293970975921184e+03 2.617024157000000000e+09
5.599783761724702345e+03 3.296593462000000000e+09
5.585529290461148776e+03 3.249209664000000000e+09
5.577766738952491323e+03 2.359689010000000000e+09
5.596074421407362024e+03 1.524374100000000000e+08
5.546031073890697371e+03 2.390479222000000000e+09
5.585448777645715381e+03 6.436341560000000000e+08
5.594450918268275927e+03 3.396031333000000000e+09
5.614212561638439183e+03 4.277434930000000000e+09
5.591230007003687206e+03 2.403790880000000000e+09
5.567715951916967242e+03 2.901305953000000000e+09
5.553245537522419909e+03 2.276145882000000000e+09
5.538061775609284268e+03 2.009595246000000000e+09
5.569258016173744181e+03 2.247914315000000000e+09
5.597813023484488440e+03 3.121184530000000000e+08
5.563910751384892137e+03 2.964154852000000000e+09
5.520729778078022719e+03 3.367865389000000000e+09
5.581819806395697015e+03 2.953850921000000000e+09
5.623879993087174626e+03 2.495299222000000000e+09
5.587124571562382698e+03 3.436463176000000000e+09
5.570104377658529302e+03 2.529026259000000000e+09
5.578785273381025036e+03 3.443726144000000000e+09
5.574716803290615644e+03 2.031547990000000000e+09
5.579654714853024416e+03 3.500469234000000000e+09
5.585845344733048478e+03 2.165778230000000000e+09
5.570025554173525052e+03 2.283236541000000000e+09
5.586659457715739336e+03 1.846304309000000000e+09
5.587455325621416705e+03 2.189606714000000000e+09
5.616890195822941678e+03 4.283520325000000000e+09
5.569514820536116531e+03 5.549322090000000000e+08
5.546271414884853584e+03 3.802944555000000000e+09
5.579305524622193843e+03 4.092770743000000000e+09
5.571745522512313073e+03 7.289429030000000000e+08
5.603555478350370322e+03 2.324894373000000000e+09
5.578273999599574381e+03 4.229006976000000000e+09
5.554973712233086189e+03 3.820862417000000000e+09
5.596222640028332535e+03 3.365099923000000000e+09
5.567115399886063642e+03 6.473990300000000000e+07
5.594638247735178993e+03 1.296024267000000000e+09
5.604895193711031425e+03 6.100279970000000000e+08
5.565935342602164383e+03 2.950292254000000000e+09
5.572788370295172172e+03 2.017252761000000000e+09
5.631799069265234721e+03 2.732063685000000000e+09
5.570162741224945421e+03 4.908588060000000000e+08
5.566541532101640769e+03 2.616939502000000000e+09
5.586551251582277473e+03 1.449059650000000000e+09
5.597703407148292172e+03 2.526821080000000000e+09
5.580565131858926179e+03 4.019416746000000000e+09
5.587886893760312887e+03 3.014438409000000000e+09
5.592472342071700041e+03 3.013060447000000000e+09
5.608815395700625231e+03 3.190884318000000000e+09
5.577031990089582905e+03 3.070298368000000000e+09
5.593326983274957456e+03 1.892873369000000000e+09
5.610065473971302708e+03 1.961080119000000000e+09
5.583213327670245235e+03 1.430742231000000000e+09
5.568304151536378413e+03 2.134732543000000000e+09
5.598140466452594410e+03 2.737286019000000000e+09
5.595339679282265934e+03 2.035642180000000000e+08
5.570784007959263363e+03 1.820617420000000000e+09
5.595018445671676091e+03 8.796404780000000000e+08
5.584680614967304791e+03 1.364750635000000000e+09
5.551994404541646873e+03 2.479701935000000000e+09
5.530139794134211115e+03 2.973355711000000000e+09
5.607816821838834585e+03 2.794018074000000000e+09
5.656209874742529792e+03 3.949793643000000000e+09
5.563293743506848841e+03 3.091803225000000000e+09
5.602634583940613993e+03 1.547526628000000000e+09
5.556209708949882952e+03 1.274721760000000000e+09
5.608945789880061056e+03 1.571390476000000000e+09
5.569489421036710155e+03 2.197883173000000000e+09
5.567515230082949529e+03 2.055414939000000000e+09
5.603557997405607239e+03 3.736856986000000000e+09
5.596438092163391957e+03 9.537796360000000000e+08
5.608005570773024374e+03 1.267240296000000000e+09
5.594992627691434791e+03 2.942070048000000000e+09
5.553842720512410779e+03 3.502186436000000000e+09
5.570862480891957603e+03 5.923111200000000000e+07
5.567842715977705666e+03 2.939461090000000000e+08
5.580832105180328654e+03 4.272768506000000000e+09
5.574130549084839913e+03 2.958673975000000000e+09
5.562909386260197607e+03 4.001810015000000000e+09
5.569927630833195508e+03 2.150690440000000000e+09
5.558201886828817806e+03 2.323298514000000000e+09
5.572353494357957061e+03 2.015933133000000000e+09
5.560020684487297331e+03 3.879940617000000000e+09
5.559124197686616753e+03 7.168713060000000000e+08
5.542354722249561746e+03 1.342957512000000000e+09
5.565650489124614978e+03 3.736369570000000000e+09
5.572345326811406267e+03 2.167647850000000000e+09
5.601678116390788091e+03 3.514403737000000000e+09
5.557593498988589090e+03 2.153954118000000000e+09
5.592858418026602521e+03 3.492742572000000000e+09
5.628562646817195855e+03 1.580842966000000000e+09
5.575756734168886396e+03 3.969827098000000000e+09
5.597844932532021630e+03 1.565975830000000000e+08
5.655293198994302657e+03 4.080857293000000000e+09
5.564801469512180120e+03 3.932938050000000000e+08
5.557121034761106785e+03 3.267381348000000000e+09
5.616101403451781152e+03 4.409047030000000000e+08
5.577169365730431309e+03 3.972351570000000000e+09
5.595828941534189653e+03 3.939792092000000000e+09
5.523544371877018420e+03 2.672875865000000000e+09
5.589642782790342608e+03 2.277373408000000000e+09
5.559504143319072682e+03 2.974071774000000000e+09
5.616633759235754951e+03 1.868561785000000000e+09
5.604041493506272673e+03 8.988558030000000000e+08
5.576674089217338405e+03 1.352651713000000000e+09
5.573155233403972488e+03 2.115147799000000000e+09
5.609596707663191410e+03 3.237504330000000000e+08
5.620746561240088340e+03 2.876896203000000000e+09
5.600093203970151080e+03 3.893757192000000000e+09
5.561036023986235705e+03 4.039903162000000000e+09
5.571688725194093422e+03 2.947624719000000000e+09
5.595986797293270683e+03 3.108020500000000000e+08
5.577125281225819890e+03 4.047214357000000000e+09
5.584015588445413414e+03 2.003749640000000000e+08
5.585480032168997241e+03 2.323882354000000000e+09
5.584898574789091072e+03 2.206895339000000000e+09
5.577104021577786625e+03 2.467510872000000000e+09
5.579892373466862409e+03 2.674412996000000000e+09
5.534833197747788290e+03 1.041193206000000000e+09
5.567956456999436341e+03 6.392094900000000000e+07
5.609151721393411208e+03 4.292329954000000000e+09
5.594183157644705716e+03 4.081195871000000000e+09
5.565949316089259810e+03 3.420338759000000000e+09
5.581471592353305823e+03 2.999900276000000000e+09
5.557872869121428266e+03 1.874269722000000000e+09
5.625216899265911707e+03 9.630306390000000000e+08
5.555431259284767293e+03 2.126539872000000000e+09
5.576898319090714722e+03 3.229169644000000000e+09
5.619363985356430021e+03 2.563954854000000000e+09
5.559417775503126904e+03 3.915944805000000000e+09
5.587118220309159369e+03 3.478889163000000000e+09
5.560534716776759524e+03 2.393651325000000000e+09
5.582810621755118518e+03 3.263863922000000000e+09
5.623583945439074341e+03 1.015792371000000000e+09
5.602957278767643402e+03 3.784544427000000000e+09
5.607228420508483396e+03 9.097766710000000000e+08
5.565804824141700010e+03 5.531824040000000000e+08
5.576737963808745008e+03 2.463869622000000000e+09
5.583121561033918624e+03 1.975072303000000000e+09
5.581790249300598589e+03 1.635578793000000000e+09
5.576420020368143014e+03 3.077857902000000000e+09
5.595237619036635806e+03 2.463377764000000000e+09
5.569171780083657723e+03 4.438144210000000000e+08
5.548639135759825876e+03 1.150283977000000000e+09
5.574095860086279572e+03 2.992969055000000000e+09
5.585485866032719059e+03 4.012548798000000000e+09
5.553892330284217678e+03 2.406721726000000000e+09
5.597155434288592915e+03 9.218940650000000000e+08
5.605675658535028560e+03 9.386556610000000000e+08
5.580906969621413737e+03 2.443231791000000000e+09
5.604074911854940183e+03 4.230584909000000000e+09
5.593950978240489349e+03 4.169633168000000000e+09
5.594792264979962056e+03 1.482322773000000000e+09
5.602268751086795419e+03 2.281236233000000000e+09
5.588688500925098197e+03 1.542866329000000000e+09
5.566392442932241465e+03 1.639042828000000000e+09
5.590163708103761564e+03 8.402930950000000000e+08
5.586524630152085592e+03 3.513908024000000000e+09
5.604905534910234564e+03 2.659585463000000000e+09
5.594120806815997639e+03 5.518696490000000000e+08
5.594230327061478420e+03 2.650100794000000000e+09
5.593747151008714354e+03 4.263618981000000000e+09
5.570010104754603162e+03 3.681305831000000000e+09
5.561956582794348833e+03 4.006039391000000000e+09
5.589092378821464990e+03 1.002603147000000000e+09
5.575977440474935975e+03 4.094439875000000000e+09
5.588185188800267497e+03 3.864408070000000000e+08
5.601307663253641294e+03 6.654845720000000000e+08
5.521408442794159782e+03 4.028411751000000000e+09
5.586652094751497316e+03 2.741531753000000000e+09
5.579981198515858523e+03 1.890660005000000000e+09
5.575518079035236042e+03 2.786816669000000000e+09
5.564956723693383537e+03 3.501117580000000000e+08
5.580475731907467889e+03 3.155241456000000000e+09
5.563408937106500161e+03 2.498593898000000000e+09
5.577634436373504286e+03 3.709091266000000000e+09
5.577164564282763422e+03 1.225205768000000000e+09
5.556647956691464969e+03 2.480007820000000000e+09
5.533374374753972006e+03 1.349501759000000000e+09
5.588731708307182089e+03 3.631741355000000000e+09
5.600068528574694938e+03 1.055053894000000000e+09
5.578261134784622300e+03 2.024031030000000000e+09
5.582252620760928039e+03 2.869328733000000000e+09
5.597990660421530265e+03 2.231952139000000000e+09
5.579419385649292053e+03 1.503774077000000000e+09
5.573158743693279575e+03 1.168921838000000000e+09
5.571284315353916099e+03 3.306368027000000000e+09
5.560387803324574634e+03 3.779637357000000000e+09
5.562288659074937641e+03 2.285126947000000000e+09
5.595840580497446354e+03 2.961529737000000000e+09
5.579656266069288904e+03 3.420686633000000000e+09
5.548695726745121647e+03 2.291990740000000000e+09
5.614867247950145611e+03 1.592003591000000000e+09
5.586302155747846882e+03 4.449263900000000000e+08
5.568664343423555692e+03 1.926133580000000000e+08
5.593622893534618925e+03 3.823548583000000000e+09
5.567364761090163483e+03 3.919588000000000000e+06
5.535192685548663576e+03 3.912791120000000000e+08
5.565020446107950193e+03 3.858925321000000000e+09
5.595800427597932867e+03 3.765041418000000000e+09
5.559986864904677532e+03 2.746986510000000000e+09
5.596885241960551866e+03 2.279087198000000000e+09
5.600310508501520417e+03 3.447735183000000000e+09
5.573593006303863149e+03 5.498371300000000000e+08
5.569595931841873607e+03 1.186878865000000000e+09
5.592560628658151472e+03 3.287254824000000000e+09
5.563509327975158158e+03 2.452806400000000000e+09
5.576545585467361889e+03 2.848664393000000000e+09
5.585027792143988336e+03 1.828022389000000000e+09
5.586390726697158243e+03 4.138695564000000000e+09
5.580591465649516977e+03 4.181065716000000000e+09
5.552998110228216319e+03 1.127193573000000000e+09
5.583346317352935330e+03 4.198436006000000000e+09
5.585507847029034565e+03 5.099749170000000000e+08
5.571796800914004052e+03 6.634123900000000000e+08
5.571855398957369289e+03 3.492267078000000000e+09
5.566657629419711157e+03 2.730930873000000000e+09
5.561828257582879814e+03 6.825647960000000000e+08
5.568961826340473635e+03 1.610718536000000000e+09
5.619494512470776499e+03 8.856841320000000000e+08
5.576030610465341852e+03 2.007309625000000000e+09
5.631027626077137938e+03 2.944118444000000000e+09
5.554336302688447176e+03 1.783294894000000000e+09
5.587113760418196762e+03 8.082350330000000000e+08
5.560008271728596810e+03 3.627699530000000000e+09
5.551193803194883003e+03 3.417377170000000000e+08
5.585173881970586081e+03 9.115077160000000000e+08
5.584181807207776728e+03 2.142407243000000000e+09
5.565763476851484484e+03 9.243749090000000000e+08
5.598630023825310673e+03 1.834033342000000000e+09
5.561441317650089331e+03 1.125157050000000000e+09
5.564858513925930311e+03 1.222863191000000000e+09
5.595659119316710530e+03 5.556556760000000000e+08
5.558327014112657707e+03 2.064209367000000000e+09
5.508975702626853490e+03 2.872822094000000000e+09
5.577729563446706379e+03 2.476005850000000000e+09
5.545757849862105104e+03 2.667022167000000000e+09
5.624325646288030839e+03 3.311466626000000000e+09
5.581367501028735205e+03 1.994308849000000000e+09
5.549974640128291867e+03 2.774545095000000000e+09
5.581934341834790757e+03 3.531205780000000000e+08
5.569115847530076280e+03 3.063087470000000000e+08
5.601093778512505196e+03 1.628149153000000000e+09
5.529846100616929107e+03 2.102619882000000000e+09
5.604669570677295269e+03 3.456607959000000000e+09
5.571859005317617630e+03 1.556989907000000000e+09
5.613843606566071685e+03 3.472640094000000000e+09
5.618505976416472549e+03 2.758514620000000000e+09
5.597002788090865579e+03 4.214048310000000000e+08
5.579051177658240704e+03 2.581284042000000000e+09
5.567564021261658127e+03 2.939999556000000000e+09
5.579644275212580396e+03 1.235392041000000000e+09
5.586761534073822986e+03 3.711425320000000000e+08
5.551173752621931271e+03 5.025065040000000000e+08
5.567973907874226825e+03 1.609596438000000000e+09
5.593220994028568384e+03 1.789844224000000000e+09
5.580860130916005801e+03 1.861194882000000000e+09
5.556319968994749615e+03 1.138785455000000000e+09
5.565655296829445433e+03 2.719939572000000000e+09
5.588702601524290003e+03 1.545892036000000000e+09
5.555945031523359830e+03 1.473336182000000000e+09
5.591595816331529932e+03 2.353507030000000000e+09
5.596114933542598010e+03 3.302893800000000000e+08
5.573851006048127601e+03 1.000920638000000000e+09
5.569907984419895001e+03 2.796861235000000000e+09
5.562556397208431008e+03 1.739895756000000000e+09
5.594013407216223641e+03 3.492958153000000000e+09
5.608346992195631174e+03 3.855786326000000000e+09
5.589769868976229191e+03 9.248634070000000000e+08
5.622331569833709182e+03 4.170139172000000000e+09
5.576565322187299898e+03 3.816881142000000000e+09
5.598874203896280960e+03 2.637538787000000000e+09
5.590584681673576597e+03 1.311803913000000000e+09
5.615903288631369833e+03 4.219482247000000000e+09
5.541901278863715561e+03 3.391279935000000000e+09
5.580750430790534665e+03 1.899518906000000000e+09
5.560532877577744330e+03 8.522951330000000000e+08
5.595508906683338864e+03 2.641480140000000000e+08
5.581715191446501194e+03 8.063541700000000000e+08
5.584832441209760873e+03 7.420399650000000000e+08
5.609013709151727198e+03 2.519201777000000000e+09
5.577396161885688343e+03 2.765829866000000000e+09
5.550358173095394704e+03 3.728391415000000000e+09
5.571842831110259795e+03 3.613513135000000000e+09
5.570444128558947341e+03 7.006704100000000000e+07
5.535052114289345809e+03 2.592831426000000000e+09
5.582307382906799830e+03 6.547163280000000000e+08
5.573791878266712956e+03 2.616735867000000000e+09
5.591342307623433953e+03 1.067416297000000000e+09
5.582852965232724273e+03 3.686406177000000000e+09
5.590421198224536056e+03 3.974191014000000000e+09
5.573944765899507729e+03 1.728103770000000000e+09
5.575072646503247597e+03 2.323070439000000000e+09
5.611402451349724288e+03 3.550010075000000000e+09
5.603410192621173337e+03 4.017257183000000000e+09
5.573807511580831488e+03 3.037529498000000000e+09
5.567402168303216058e+03 2.927678516000000000e+09
5.582440266777862234e+03 3.816936759000000000e+09
5.588673872063995077e+03 4.059057320000000000e+08
5.594933527872486593e+03 2.573185260000000000e+09
5.577883355529973414e+03 2.941605846000000000e+09
5.613065397201524320e+03 3.985089880000000000e+08
5.588593151951046821e+03 1.398542406000000000e+09
5.584590656422310531e+03 5.552976570000000000e+08
5.605195355787924200e+03 2.083238131000000000e+09
5.604695535286354243e+03 1.106727613000000000e+09
5.600702417892489393e+03 2.675160386000000000e+09
5.574989288952734569e+03 2.832671316000000000e+09
5.557898929715940540e+03 3.883491320000000000e+09
5.592126335565884801e+03 1.688547422000000000e+09
5.591177807743923040e+03 3.919708900000000000e+09
5.525618851080726017e+03 3.719803610000000000e+09
