# Lens_likelihood 	 seed
6.651389688005839162e+03 9.439181020000000000e+08
6.655211332921062422e+03 2.392580460000000000e+09
6.661496788138101692e+03 1.744130580000000000e+08
6.657317590606482554e+03 1.753979470000000000e+09
6.665703292862519447e+03 1.170087607000000000e+09
6.670285312368292580e+03 6.773357540000000000e+08
6.625533648629256277e+03 3.820248489000000000e+09
6.668422916227820679e+03 3.791670846000000000e+09
6.634265897326959021e+03 3.877025737000000000e+09
6.643309431178595332e+03 2.989525400000000000e+09
6.630719499242082748e+03 2.241936615000000000e+09
6.637078118160061422e+03 3.051626404000000000e+09
6.637830536392830254e+03 1.329606895000000000e+09
6.639348357314951500e+03 3.333722300000000000e+07
6.643424204585722691e+03 4.163409276000000000e+09
6.655894903414434339e+03 3.763907866000000000e+09
6.660949254245439988e+03 3.196477914000000000e+09
6.637813793117077694e+03 2.473120523000000000e+09
6.671975287841204590e+03 4.225838739000000000e+09
6.648478121180116432e+03 2.114266094000000000e+09
6.656974272371294319e+03 3.785071876000000000e+09
6.654626206380444273e+03 3.644211371000000000e+09
6.639888787549821245e+03 2.926134870000000000e+08
6.659199129569644356e+03 1.012604425000000000e+09
6.645913611809192844e+03 2.428372913000000000e+09
6.658730604792100166e+03 8.653267560000000000e+08
6.628730117546378096e+03 1.831465867000000000e+09
6.686531925619659887e+03 1.179617172000000000e+09
6.640128110023195404e+03 6.671334950000000000e+08
6.632138616675447338e+03 3.911365572000000000e+09
6.640775738544871274e+03 2.336921316000000000e+09
6.626562628038207549e+03 2.482286054000000000e+09
6.678629253274758412e+03 2.464595940000000000e+09
6.620825735255446489e+03 2.141667765000000000e+09
6.668944388169111335e+03 3.040300803000000000e+09
6.645810265880942097e+03 2.659013539000000000e+09
6.664381975966221034e+03 3.420599104000000000e+09
6.662500695142818586e+03 1.215578807000000000e+09
6.678862901456098371e+03 3.618076912000000000e+09
6.674362250348935049e+03 2.076439473000000000e+09
6.669457847219265204e+03 4.247389703000000000e+09
6.655854927340957147e+03 5.886849220000000000e+08
6.649696899289110661e+03 7.360795650000000000e+08
6.633580266473533811e+03 3.501532211000000000e+09
6.658160602356874733e+03 9.136263300000000000e+08
6.640934810625261889e+03 3.356361135000000000e+09
6.629903765625577762e+03 1.863835555000000000e+09
6.649181795329845045e+03 2.949325028000000000e+09
6.632753068472278756e+03 2.003793107000000000e+09
6.666820820252196427e+03 4.658724710000000000e+08
6.671296446169188130e+03 2.160794615000000000e+09
6.665851935121339920e+03 2.712379969000000000e+09
6.646989098349302367e+03 5.724614740000000000e+08
6.624267881404141008e+03 4.279983292000000000e+09
6.647227755595098643e+03 5.900933600000000000e+07
6.669759121821089138e+03 1.078363393000000000e+09
6.638578880378630856e+03 3.549321216000000000e+09
6.652262303174358749e+03 2.362153061000000000e+09
6.657539165409551060e+03 6.887149000000000000e+06
6.645294173741131090e+03 3.999708760000000000e+09
6.670539062760957677e+03 2.664481276000000000e+09
6.664979668476153165e+03 8.291734820000000000e+08
6.640962348186385498e+03 3.548128315000000000e+09
6.652970144263962538e+03 5.482460200000000000e+08
6.653727388856882499e+03 1.986157849000000000e+09
6.655345324943618834e+03 9.477451530000000000e+08
6.633278149256293545e+03 2.114966047000000000e+09
6.642795793863493600e+03 1.979234717000000000e+09
6.633727236004787301e+03 2.769948078000000000e+09
6.647367551327438377e+03 1.496362568000000000e+09
6.626705423602173141e+03 2.470082900000000000e+07
6.640898832739656427e+03 4.047467397000000000e+09
6.653174366069199095e+03 8.014651300000000000e+08
6.660171596283425970e+03 3.660438075000000000e+09
6.660703187388888182e+03 9.092336620000000000e+08
6.649809860752349778e+03 2.250859700000000000e+08
6.638972723564134867e+03 2.694335191000000000e+09
6.640113072041736814e+03 9.640012590000000000e+08
6.637275825569954577e+03 3.143571824000000000e+09
6.674632121458029360e+03 1.123890640000000000e+09
6.651872979485035103e+03 1.541015167000000000e+09
6.677402705072046956e+03 2.460937831000000000e+09
6.647313125646620392e+03 3.719960528000000000e+09
6.607165162335661080e+03 3.991624307000000000e+09
6.656368891290664578e+03 3.054212868000000000e+09
6.656103325016304552e+03 8.417757130000000000e+08
6.641327286417535106e+03 3.401570500000000000e+09
6.638762906579612718e+03 1.173654956000000000e+09
6.640502916170049502e+03 2.719586541000000000e+09
6.632528990592277296e+03 1.866008390000000000e+08
6.654595239204898462e+03 1.656228965000000000e+09
6.662173008323694376e+03 3.918273858000000000e+09
6.656860267215037311e+03 3.073058474000000000e+09
6.647804556485378271e+03 4.958080460000000000e+08
6.645564520907297265e+03 1.015661541000000000e+09
6.645921051588424234e+03 6.827880090000000000e+08
6.651378690372436722e+03 2.393623900000000000e+07
6.700577183772374156e+03 1.881135711000000000e+09
6.658778139886457211e+03 1.768663888000000000e+09
6.653379366701048639e+03 3.142542850000000000e+09
6.673081303232251230e+03 8.611052450000000000e+08
6.656350092332500935e+03 1.357338983000000000e+09
6.657650167340249027e+03 2.856134348000000000e+09
6.657917577294509101e+03 3.243637557000000000e+09
6.666989886037911674e+03 3.033932792000000000e+09
6.633786900674124809e+03 1.820542820000000000e+09
6.671646643999879416e+03 1.360722266000000000e+09
6.625666572623009415e+03 2.524919882000000000e+09
6.620864904100342756e+03 1.420189679000000000e+09
6.656688883910657751e+03 3.413050530000000000e+08
6.647842740861959101e+03 1.650245247000000000e+09
6.623060699965531967e+03 3.089645522000000000e+09
6.648425496871413998e+03 1.346818880000000000e+09
6.637746166416788583e+03 2.889242337000000000e+09
6.673820442991674099e+03 2.479816300000000000e+09
6.632180452294685892e+03 9.541116700000000000e+07
6.684232442858968170e+03 1.050463948000000000e+09
6.673147132210733616e+03 3.804311814000000000e+09
6.655512802709990865e+03 2.282568322000000000e+09
6.652130282835993967e+03 9.520501160000000000e+08
6.681922153011284536e+03 3.816630814000000000e+09
6.632920554089101643e+03 5.081610310000000000e+08
6.632120514239373733e+03 1.369607333000000000e+09
6.642070357337217501e+03 5.291941350000000000e+08
6.643138670518856998e+03 3.088984193000000000e+09
6.649901574403222185e+03 6.377441390000000000e+08
6.654591438054722857e+03 2.386742622000000000e+09
6.651075313106101930e+03 4.991318270000000000e+08
6.655538394747073653e+03 2.186792736000000000e+09
6.645580265308788512e+03 5.067276700000000000e+08
6.654550915958809128e+03 3.673798267000000000e+09
6.631965999810373432e+03 3.879102782000000000e+09
6.653951231126057792e+03 2.029917081000000000e+09
6.643874163130783927e+03 2.606786946000000000e+09
6.673335857300134194e+03 1.358606455000000000e+09
6.665473520785054461e+03 7.643454390000000000e+08
6.674461665347862436e+03 3.769135846000000000e+09
6.655859846426816148e+03 5.852998970000000000e+08
6.669749659338451238e+03 3.545932488000000000e+09
6.642084887428112779e+03 1.060435121000000000e+09
6.648958231675469506e+03 1.310223624000000000e+09
6.640425491189602326e+03 1.749726953000000000e+09
6.635472903396599577e+03 3.705306666000000000e+09
6.628626578455210620e+03 1.812192799000000000e+09
6.651022862003231239e+03 5.990206710000000000e+08
6.636258595003058872e+03 1.352377413000000000e+09
6.665350821527479638e+03 2.647034334000000000e+09
6.639401546748765213e+03 3.636130970000000000e+09
6.644305637982809458e+03 1.548435151000000000e+09
6.639963121994660469e+03 1.102964270000000000e+08
6.664684499599453375e+03 1.440916017000000000e+09
6.635923997501109625e+03 2.444875214000000000e+09
6.651663275863386843e+03 1.777501814000000000e+09
6.654616192738860263e+03 5.661264780000000000e+08
6.651194318905265391e+03 3.105573419000000000e+09
6.665859942902749026e+03 4.284160304000000000e+09
6.628139860103490719e+03 3.896697690000000000e+09
6.653435315894431369e+03 3.635899845000000000e+09
6.696117766658780056e+03 6.373566600000000000e+08
6.638698010844213059e+03 2.114485948000000000e+09
6.640108238066908598e+03 2.657516127000000000e+09
6.657045205389056719e+03 2.155332114000000000e+09
6.661890994188175682e+03 2.645516240000000000e+08
6.645663097598499007e+03 1.695206689000000000e+09
6.649474699804351985e+03 2.421108951000000000e+09
6.663572521240477727e+03 7.316904420000000000e+08
6.651609138848609291e+03 3.967031184000000000e+09
6.662052804853443376e+03 1.582375847000000000e+09
6.650360407019948070e+03 3.753301610000000000e+08
6.669952175935594823e+03 3.617716415000000000e+09
6.656927879884568029e+03 9.325318020000000000e+08
6.647839980821109748e+03 3.081486700000000000e+08
6.661750033250394154e+03 4.117245709000000000e+09
6.641806412003165860e+03 3.875845116000000000e+09
6.625308424127364560e+03 1.511063982000000000e+09
6.665664710688050945e+03 1.485081050000000000e+08
6.670623266854814574e+03 1.212917631000000000e+09
6.635273207420685139e+03 1.250706300000000000e+07
6.640174555397066797e+03 4.092786953000000000e+09
6.680861390215141910e+03 2.305636456000000000e+09
6.647941962580660402e+03 4.648131980000000000e+08
6.682008676516236847e+03 5.963479390000000000e+08
6.639994122213878654e+03 1.987669423000000000e+09
6.662159979594280230e+03 2.149261618000000000e+09
6.670176344641305150e+03 1.452205390000000000e+08
6.662682035385818381e+03 2.339315130000000000e+09
6.662566126711117249e+03 1.233585192000000000e+09
6.630166799275794801e+03 3.474870362000000000e+09
6.613265264623283656e+03 3.430708447000000000e+09
6.653089087245001792e+03 1.222865450000000000e+09
6.679146868134667784e+03 5.287697800000000000e+07
6.638856275490759799e+03 3.502526710000000000e+08
6.654135161905824134e+03 2.155245125000000000e+09
6.624639555279545675e+03 1.341233356000000000e+09
6.692798015526469499e+03 1.555977284000000000e+09
6.617236193175910557e+03 9.130475390000000000e+08
6.638397990237594058e+03 3.561656860000000000e+08
6.634325675652948121e+03 7.083505480000000000e+08
6.653132975269782946e+03 4.085852372000000000e+09
6.662918460447985126e+03 2.575909434000000000e+09
6.664263921964058682e+03 7.942008000000000000e+06
6.650274764849892563e+03 1.991914961000000000e+09
6.657690213991297242e+03 2.461609809000000000e+09
6.639338227579482009e+03 4.200467590000000000e+08
6.649339257823983644e+03 1.067330365000000000e+09
6.634056077881974488e+03 1.978434068000000000e+09
6.679381101507400672e+03 7.245751300000000000e+07
6.634424562395613975e+03 2.384361752000000000e+09
6.630072511580259743e+03 2.731839379000000000e+09
6.676003524283212755e+03 1.650517247000000000e+09
6.668075609953924868e+03 1.273030990000000000e+08
6.647750453605732218e+03 1.388081236000000000e+09
6.641762222621337060e+03 3.845028578000000000e+09
6.681976579493879399e+03 3.312862337000000000e+09
6.660994900410174523e+03 2.224231493000000000e+09
6.632622604261852757e+03 4.010466859000000000e+09
6.651270647676870794e+03 1.869183254000000000e+09
6.645229482498508332e+03 1.655117920000000000e+08
6.673507786128937369e+03 8.634209000000000000e+07
6.650650916408786543e+03 1.732277982000000000e+09
6.663614809807269012e+03 6.596466990000000000e+08
6.638919962769278754e+03 4.064527898000000000e+09
6.664072026075255053e+03 1.402678579000000000e+09
6.634152337639361576e+03 3.349137961000000000e+09
6.632613186441882135e+03 3.742811235000000000e+09
6.669012463167347050e+03 3.111134958000000000e+09
6.645932797144346296e+03 3.034511166000000000e+09
6.659687340291696273e+03 1.454345043000000000e+09
6.646753246800634770e+03 3.446410104000000000e+09
6.658878384046260180e+03 1.811944683000000000e+09
6.630076758619109569e+03 1.618851826000000000e+09
6.637303640012793039e+03 3.146252224000000000e+09
6.617803990541299754e+03 3.535576089000000000e+09
6.640208841505773307e+03 1.886718478000000000e+09
6.629868000003375528e+03 6.123106950000000000e+08
6.635294734186994901e+03 4.100082210000000000e+09
6.623231025648464311e+03 9.574928270000000000e+08
6.654749206375516223e+03 1.229125147000000000e+09
6.656423208638393589e+03 1.111240790000000000e+08
6.652043222137167504e+03 1.498294259000000000e+09
6.650688871968795866e+03 2.569651308000000000e+09
6.661317964486733217e+03 2.887812237000000000e+09
6.678605267726232341e+03 3.446043128000000000e+09
6.640446749054556676e+03 2.798126263000000000e+09
6.655302116488986940e+03 7.196074080000000000e+08
6.665831689497998923e+03 2.094441737000000000e+09
6.658945117293862495e+03 3.522087549000000000e+09
6.615382242618971759e+03 2.111902704000000000e+09
6.659336784714535497e+03 3.300065059000000000e+09
6.659510990710676197e+03 2.563848734000000000e+09
6.663586878064759730e+03 3.531108984000000000e+09
6.669688327604833830e+03 1.198721999000000000e+09
6.647708387881884846e+03 3.120702449000000000e+09
6.639798423223439386e+03 3.071634059000000000e+09
6.651820654207725966e+03 3.831697152000000000e+09
6.680549177976185092e+03 1.898478302000000000e+09
6.613405476465861284e+03 3.047232868000000000e+09
6.628797363114501422e+03 5.073179830000000000e+08
6.651631166849187139e+03 3.415555585000000000e+09
6.670450061687116431e+03 3.376852563000000000e+09
6.626513653955264090e+03 2.228865077000000000e+09
6.624249651767197065e+03 3.326355019000000000e+09
6.662805176453581225e+03 3.060547761000000000e+09
6.645797919072496370e+03 4.023997217000000000e+09
6.635217212966725128e+03 2.308618306000000000e+09
6.658423174806899624e+03 1.453515921000000000e+09
6.631431858765427933e+03 4.083005753000000000e+09
6.686088193829657030e+03 1.726380357000000000e+09
6.632335669175512521e+03 6.483959850000000000e+08
6.658568720681954801e+03 3.741665572000000000e+09
6.648251459805058403e+03 3.611601050000000000e+09
6.637848870434273522e+03 3.597329442000000000e+09
6.651253815611176833e+03 4.293962757000000000e+09
6.653128952891162044e+03 3.332302820000000000e+09
6.622813361996382810e+03 1.577377328000000000e+09
6.656936363733463622e+03 3.691125948000000000e+09
6.642373786308031413e+03 1.184446906000000000e+09
6.619266198863990212e+03 2.778345668000000000e+09
6.648171760956926846e+03 1.386518115000000000e+09
6.615161781120213163e+03 5.007590570000000000e+08
6.643876133498266427e+03 1.302814957000000000e+09
6.683630109742629429e+03 4.016123630000000000e+09
6.662857183553265713e+03 1.407477972000000000e+09
6.634049681737442370e+03 2.317152849000000000e+09
6.647087112007919131e+03 2.527316699000000000e+09
6.631374303346718079e+03 2.558901540000000000e+08
6.644520669887733675e+03 3.830998983000000000e+09
6.649657173921748836e+03 2.191760138000000000e+09
6.651278856365433057e+03 3.144394985000000000e+09
6.657228458662246339e+03 2.561246372000000000e+09
6.666019930485709665e+03 1.730676167000000000e+09
6.645729101605109463e+03 3.265023720000000000e+08
6.627503012485805812e+03 2.217074311000000000e+09
6.650031833610893045e+03 1.013827108000000000e+09
6.627498552876431859e+03 2.466637940000000000e+09
6.659543980200796796e+03 2.467668043000000000e+09
6.646933500444945821e+03 1.768434253000000000e+09
6.642212856522406582e+03 1.214468916000000000e+09
6.628877207403955254e+03 2.834184245000000000e+09
6.643609280748515630e+03 1.625068348000000000e+09
6.627279850082264602e+03 2.295852188000000000e+09
6.658283227815140890e+03 3.179800388000000000e+09
6.651114378985279473e+03 1.812846070000000000e+08
6.647700989224178556e+03 3.126327641000000000e+09
6.661981181680514055e+03 1.358851745000000000e+09
6.654394815643308903e+03 1.379734206000000000e+09
6.674465808076343819e+03 2.967167720000000000e+09
6.661887595028740179e+03 9.542328170000000000e+08
6.645132246114313602e+03 6.076506210000000000e+08
6.624961377515592176e+03 7.785067170000000000e+08
6.636110623795109859e+03 2.833261047000000000e+09
6.639702070093745533e+03 3.063797340000000000e+08
6.640198542020718378e+03 2.032681448000000000e+09
6.672597183942065385e+03 2.102197340000000000e+09
6.615050196941973809e+03 1.362741609000000000e+09
6.634940534557126739e+03 1.324490331000000000e+09
6.637460408222108526e+03 3.588928866000000000e+09
6.629704155542267472e+03 2.446171020000000000e+09
6.644639781450503506e+03 2.338677503000000000e+09
6.654826185131048987e+03 5.947600250000000000e+08
6.667824505569798930e+03 3.243598279000000000e+09
6.664526470010390767e+03 5.211511060000000000e+08
6.634087440284399236e+03 4.207583027000000000e+09
6.638709742970875595e+03 3.335753272000000000e+09
6.651271070688918371e+03 9.592785400000000000e+08
6.632990246870190276e+03 9.916437150000000000e+08
6.664969888375685514e+03 2.752958333000000000e+09
6.630639983828528784e+03 2.538761530000000000e+08
6.650810015210952770e+03 1.693419747000000000e+09
6.656849661523602663e+03 7.602396870000000000e+08
6.657707677740289910e+03 1.278736441000000000e+09
6.668688488146764030e+03 2.460404249000000000e+09
6.647043602884335996e+03 2.916337368000000000e+09
6.641910152008059413e+03 8.104236720000000000e+08
6.659828903446454206e+03 2.592866955000000000e+09
6.666896509557742320e+03 3.809950164000000000e+09
6.628877857681091882e+03 3.875366298000000000e+09
6.648317190115348239e+03 4.077219390000000000e+09
6.640733085388139443e+03 2.472628505000000000e+09
6.635144643804888801e+03 9.408072900000000000e+08
6.633215520315365211e+03 4.242474933000000000e+09
6.657172433048406674e+03 3.541008595000000000e+09
6.670747034793017519e+03 2.184237585000000000e+09
6.643857344269429632e+03 2.734965556000000000e+09
6.647755215049335675e+03 4.069383744000000000e+09
6.651630207248395891e+03 8.937518800000000000e+08
6.641606113563403596e+03 4.096109864000000000e+09
6.650199487643178145e+03 2.989012300000000000e+07
6.647586921898677247e+03 4.166745750000000000e+09
6.652048766062553113e+03 1.875094893000000000e+09
