# Lens_likelihood 	 seed
5.683155858393070048e+03 4.189469773000000000e+09
5.744157011591222727e+03 3.466914840000000000e+08
5.712676131808659193e+03 3.171938436000000000e+09
5.682223466934262433e+03 6.280947760000000000e+08
5.731697273701559425e+03 2.788200940000000000e+08
5.714357348834999357e+03 4.292017210000000000e+09
5.662319610460577678e+03 1.206862320000000000e+08
5.709022046396979931e+03 2.324590461000000000e+09
5.720973751794182135e+03 2.498221336000000000e+09
5.676494755712408733e+03 3.292190812000000000e+09
5.674926827853365467e+03 1.430108152000000000e+09
5.685596399647580256e+03 2.874504672000000000e+09
5.676158572211897990e+03 2.125220647000000000e+09
5.721917521667848632e+03 1.318596426000000000e+09
5.690576274922073026e+03 3.827202145000000000e+09
5.660278301528811426e+03 3.870703829000000000e+09
5.684039806851528738e+03 3.786444170000000000e+08
5.707523387859127979e+03 3.157810990000000000e+09
5.671328826409652720e+03 8.113767090000000000e+08
5.684634330942451925e+03 3.399499854000000000e+09
5.687662702528228692e+03 2.332321185000000000e+09
5.693169672599871774e+03 3.555582209000000000e+09
5.720318596206585426e+03 2.481785111000000000e+09
5.735199368237321323e+03 4.620330400000000000e+08
5.696445787389146972e+03 3.675492575000000000e+09
5.688131853315729131e+03 3.782619984000000000e+09
5.710097211991425866e+03 8.303506800000000000e+08
5.704216048913491250e+03 2.526290448000000000e+09
5.690529449282653331e+03 8.061040420000000000e+08
5.706836057326946502e+03 4.137735298000000000e+09
5.687779382878286015e+03 3.205464353000000000e+09
5.682049007783034540e+03 2.667789383000000000e+09
5.703604464196885601e+03 4.094373616000000000e+09
5.695575527092409175e+03 3.764670846000000000e+09
5.709575195023238848e+03 3.303490898000000000e+09
5.704565202435501305e+03 3.598616137000000000e+09
5.700476500029791168e+03 1.904802092000000000e+09
5.723022660539275421e+03 5.491843720000000000e+08
5.702170894534971012e+03 1.179415320000000000e+09
5.688939521527658144e+03 6.980730660000000000e+08
5.710707631235828558e+03 5.074015900000000000e+07
5.688267112081703999e+03 3.509685728000000000e+09
5.684503394156914510e+03 4.050716960000000000e+09
5.679270247319223017e+03 9.680491240000000000e+08
5.674896139048061741e+03 3.122954090000000000e+09
5.689580874366629359e+03 2.900161037000000000e+09
5.677038969813617769e+03 1.814821010000000000e+09
5.716637086947795069e+03 4.089721890000000000e+08
5.689960746330911206e+03 1.865135757000000000e+09
5.698310139757239995e+03 2.634737257000000000e+09
5.679593883378501232e+03 3.141613847000000000e+09
5.695995695464122036e+03 9.050956110000000000e+08
5.693131997898155532e+03 3.125781665000000000e+09
5.707908224246025384e+03 2.578490575000000000e+09
5.703856152811319589e+03 1.028079137000000000e+09
5.686449017726834427e+03 1.499126175000000000e+09
5.703231032132322071e+03 1.239642250000000000e+09
5.673758205320476918e+03 1.435336052000000000e+09
5.656968945778035959e+03 3.550351255000000000e+09
5.694151676175814828e+03 3.389362072000000000e+09
5.717256534319021739e+03 1.269651861000000000e+09
5.698901601421693158e+03 2.144324800000000000e+09
5.689994301982848810e+03 3.447388971000000000e+09
5.693370195813915416e+03 1.406882350000000000e+08
5.668880415793608336e+03 2.394861058000000000e+09
5.675270219891675879e+03 6.663770820000000000e+08
5.707677691910264002e+03 3.570295302000000000e+09
5.722990020088030178e+03 3.591254294000000000e+09
5.683300751117115396e+03 1.891524328000000000e+09
5.652343300839671429e+03 4.105714597000000000e+09
5.684091413812623614e+03 4.261746800000000000e+08
5.676867804010888904e+03 1.065994588000000000e+09
5.701306584632770864e+03 1.232044203000000000e+09
5.714804386015875025e+03 3.632715860000000000e+08
5.676105857081714930e+03 1.896712469000000000e+09
5.686326581506692492e+03 3.014706427000000000e+09
5.697056728445096269e+03 1.107577690000000000e+08
5.683383940439868638e+03 1.025032212000000000e+09
5.701305696533671835e+03 4.102527179000000000e+09
5.721048673436653189e+03 1.261907865000000000e+09
5.696913264550237727e+03 3.759449986000000000e+09
5.664063123377194643e+03 2.690349611000000000e+09
5.677334992841722851e+03 3.239608726000000000e+09
5.708733713484560212e+03 1.572366447000000000e+09
5.677476627151324465e+03 3.557834649000000000e+09
5.680972479935445335e+03 3.709930328000000000e+09
5.744198220754288741e+03 1.444685089000000000e+09
5.673607204731922138e+03 2.108849441000000000e+09
5.677553471776880542e+03 1.522239830000000000e+08
5.709637255841533261e+03 1.750110745000000000e+09
5.732076604592725744e+03 1.683119514000000000e+09
5.676519705667045855e+03 9.893627500000000000e+08
5.683106542904148228e+03 3.841140202000000000e+09
5.711705053345097440e+03 2.919290236000000000e+09
5.690632903800797067e+03 3.547450910000000000e+09
5.679067699982060731e+03 2.428857617000000000e+09
5.702695877224638934e+03 1.103139686000000000e+09
5.719393577439151159e+03 1.160655280000000000e+08
5.692289245748005669e+03 8.332508500000000000e+08
5.709613770123520226e+03 3.745010971000000000e+09
5.683737427830415982e+03 1.487878015000000000e+09
5.700901860320891501e+03 2.695970460000000000e+09
5.704317247965798742e+03 2.640185387000000000e+09
5.685190466548530821e+03 2.612929705000000000e+09
5.715053892535812338e+03 9.968409030000000000e+08
5.667708113701110051e+03 4.218813805000000000e+09
5.693754927591045998e+03 1.311243338000000000e+09
5.677597384866921857e+03 3.959022440000000000e+08
5.705568487628012008e+03 3.915221536000000000e+09
5.651172753406044649e+03 2.484665344000000000e+09
5.698370391992674740e+03 2.190025822000000000e+09
5.675434116435861142e+03 4.257258028000000000e+09
5.656442718823433097e+03 2.057492493000000000e+09
5.696449664462234978e+03 2.218249147000000000e+09
5.683542812539324586e+03 2.554268680000000000e+09
5.683800968643409760e+03 1.686999956000000000e+09
5.676357265040983293e+03 1.238084986000000000e+09
5.682232577801323714e+03 1.114146735000000000e+09
5.716544626836001044e+03 3.406687073000000000e+09
5.696169200119961715e+03 1.120230938000000000e+09
5.704096125394425144e+03 1.098006663000000000e+09
5.679189593904082358e+03 3.067190167000000000e+09
5.678167942921812937e+03 3.084882165000000000e+09
5.707648643386828553e+03 9.913323640000000000e+08
5.690666793583063736e+03 4.002968038000000000e+09
5.684503317552796943e+03 2.635292311000000000e+09
5.686449206811736076e+03 2.790019496000000000e+09
5.759093451774769164e+03 4.027359261000000000e+09
5.713190517753902895e+03 2.117556400000000000e+08
5.690028831551177973e+03 2.373370105000000000e+09
5.676627051882371234e+03 1.042340589000000000e+09
5.692860642723961064e+03 1.852428887000000000e+09
5.696040169379843064e+03 5.643951230000000000e+08
5.723032079003723084e+03 2.009589399000000000e+09
5.710564682049377552e+03 1.301238782000000000e+09
5.707565959047868091e+03 3.497031162000000000e+09
5.712026079666102305e+03 2.799593014000000000e+09
5.722366399699443718e+03 2.404892728000000000e+09
5.706011646365272100e+03 3.801841165000000000e+09
5.715455495983413130e+03 3.301193351000000000e+09
5.712546771050442658e+03 1.175430217000000000e+09
5.710428856796312175e+03 4.043558308000000000e+09
5.748710879228627164e+03 2.765840465000000000e+09
5.652761759495325350e+03 3.669300406000000000e+09
5.698913401830972361e+03 1.136195757000000000e+09
5.716252990652397784e+03 3.008785640000000000e+09
5.699302573048755221e+03 1.715890343000000000e+09
5.709257334706367146e+03 3.801987988000000000e+09
5.703618940745434884e+03 4.101929066000000000e+09
5.702571440416016230e+03 1.741378193000000000e+09
5.714976328716890748e+03 5.414488860000000000e+08
5.691830826728200918e+03 6.028648890000000000e+08
5.686228196230674257e+03 4.922536870000000000e+08
5.693974557788824313e+03 5.117665030000000000e+08
5.677384706923682643e+03 3.918922918000000000e+09
5.698493547046086860e+03 4.224901685000000000e+09
5.704836148745837818e+03 2.950498964000000000e+09
5.708742518395750267e+03 2.575850243000000000e+09
5.669931784787147080e+03 2.943471217000000000e+09
5.689765113917708732e+03 3.703895619000000000e+09
5.657585929376156855e+03 3.813551441000000000e+09
5.711851099078521656e+03 1.924396266000000000e+09
5.722555996691307882e+03 2.402542389000000000e+09
5.676502034897287558e+03 8.359906550000000000e+08
5.708622488677132424e+03 7.912254740000000000e+08
5.675288896346733054e+03 2.082100453000000000e+09
5.696347046460431557e+03 2.466425283000000000e+09
5.687848677899988616e+03 2.579467447000000000e+09
5.694707514248682855e+03 3.035111212000000000e+09
5.725772282914510470e+03 1.700121389000000000e+09
5.688362689562345622e+03 2.861860226000000000e+09
5.704420575292200738e+03 3.698440014000000000e+09
5.678948955177029347e+03 3.728956542000000000e+09
5.725991913541612121e+03 4.186758104000000000e+09
5.680935311655903206e+03 3.150879398000000000e+09
5.676021980309355058e+03 2.055297976000000000e+09
5.676294568123592398e+03 4.029357296000000000e+09
5.687448844424427080e+03 4.132605798000000000e+09
5.727933376365665026e+03 2.756418819000000000e+09
5.717193980059110800e+03 2.754460573000000000e+09
5.703121952383704411e+03 4.098847258000000000e+09
5.699860844922405704e+03 2.105844177000000000e+09
5.680744474470119712e+03 1.219022093000000000e+09
5.702554485566084622e+03 3.008973172000000000e+09
5.679381044798537914e+03 1.376094716000000000e+09
5.707739150982233696e+03 2.257383339000000000e+09
5.707898403340437653e+03 3.110463337000000000e+09
5.683775181814313328e+03 2.668337607000000000e+09
5.672708219866254694e+03 1.740130764000000000e+09
5.731185331500548273e+03 4.207712347000000000e+09
5.704042385884945361e+03 1.704881991000000000e+09
5.692633166542695108e+03 3.639514068000000000e+09
5.692964826214283676e+03 4.088563623000000000e+09
5.671712133733262817e+03 1.787183979000000000e+09
5.695394344402970091e+03 3.398200711000000000e+09
5.682995618852965890e+03 2.746434288000000000e+09
5.712114588821881625e+03 3.148962325000000000e+09
5.684411369478648339e+03 1.546573902000000000e+09
5.690392232423065252e+03 3.657732079000000000e+09
5.695507029700703242e+03 1.230486359000000000e+09
5.674018313074975595e+03 4.041918740000000000e+09
5.696598358066119545e+03 3.798747429000000000e+09
5.724061888792877653e+03 9.452145310000000000e+08
5.701562304312426932e+03 2.323150187000000000e+09
5.680886105761987892e+03 4.170466887000000000e+09
5.710034392740841213e+03 5.930441540000000000e+08
5.696784387462395898e+03 3.002031255000000000e+09
5.690079398638014936e+03 3.557098000000000000e+07
5.683572202659311188e+03 3.397056940000000000e+08
5.690868892821819827e+03 1.720349971000000000e+09
5.674921677889775310e+03 3.627797796000000000e+09
5.683219184955888522e+03 2.505531223000000000e+09
5.695618176649495581e+03 2.431594584000000000e+09
5.705547627805904085e+03 3.524543790000000000e+09
5.717653627076067096e+03 2.420229718000000000e+09
5.705062333607643268e+03 3.872201549000000000e+09
5.702435724069923708e+03 1.052871049000000000e+09
5.700159476790397093e+03 2.384066688000000000e+09
5.731861553042011110e+03 2.505178846000000000e+09
5.716682625986635685e+03 2.557584951000000000e+09
5.659380556984259783e+03 4.138262727000000000e+09
5.684370140854383862e+03 2.794205625000000000e+09
5.674520529376810373e+03 4.267159395000000000e+09
5.696529697783230404e+03 2.979970456000000000e+09
5.684368180294978629e+03 3.021013000000000000e+07
5.683412794997934725e+03 1.113449415000000000e+09
5.671653251287646526e+03 2.237152295000000000e+09
5.679272257246595473e+03 1.409217772000000000e+09
5.701751978721156775e+03 5.561380310000000000e+08
5.677423978080734742e+03 2.712122182000000000e+09
5.687381072141366531e+03 2.308853033000000000e+09
5.681908777838455535e+03 1.184466950000000000e+08
5.684461073007925734e+03 3.847163460000000000e+09
5.699431910938122201e+03 3.640045425000000000e+09
5.745925194344668853e+03 3.073337495000000000e+09
5.708266943719199844e+03 3.520511069000000000e+09
5.664208692232014982e+03 1.966872260000000000e+09
5.685645917707706758e+03 2.247893451000000000e+09
5.675059754601759778e+03 1.622211211000000000e+09
5.710452690322344097e+03 8.706612110000000000e+08
5.713616313520607036e+03 1.155930855000000000e+09
5.693275161446757011e+03 2.372984717000000000e+09
5.688521803729895510e+03 1.047288737000000000e+09
5.687365653652854235e+03 1.072677105000000000e+09
5.718488405686890474e+03 2.591814281000000000e+09
5.707032116675040015e+03 2.537569333000000000e+09
5.664477288913372831e+03 1.930845258000000000e+09
5.635729528959717754e+03 1.962348326000000000e+09
5.665039634016759010e+03 2.213667902000000000e+09
5.688272076192773966e+03 2.127852529000000000e+09
5.661197387225903185e+03 1.318624854000000000e+09
5.707030055285207709e+03 1.073532447000000000e+09
5.682153040316759871e+03 3.327208190000000000e+09
5.708402954566917288e+03 1.014707700000000000e+09
5.713263975766602925e+03 2.313770700000000000e+07
5.698870697102524900e+03 1.199027503000000000e+09
5.704196265426271566e+03 1.903784741000000000e+09
5.677422514418162791e+03 4.034382489000000000e+09
5.678229909554715960e+03 2.289004643000000000e+09
5.679760938216284558e+03 2.263057410000000000e+09
5.698606053837476793e+03 2.534934255000000000e+09
5.711102685569347159e+03 3.387805756000000000e+09
5.677893234913911328e+03 1.691913146000000000e+09
5.700691672022159764e+03 2.958050373000000000e+09
5.691018806247740031e+03 3.317752215000000000e+09
5.686468391130843884e+03 2.024830891000000000e+09
5.692037265337365170e+03 3.123635860000000000e+08
5.684705516321269897e+03 1.849758614000000000e+09
5.668529087652085764e+03 3.732852473000000000e+09
5.722927994109553765e+03 1.646175042000000000e+09
5.710500128345845042e+03 3.640379190000000000e+09
5.742163748746916099e+03 2.661563176000000000e+09
5.684977802541972778e+03 1.072605084000000000e+09
5.669666761641831727e+03 1.803407279000000000e+09
5.653581052384652139e+03 2.022262198000000000e+09
5.706257053863933834e+03 4.186019413000000000e+09
5.694855474982146916e+03 2.726485404000000000e+09
5.697227626991225407e+03 1.665918560000000000e+09
5.729723572952118957e+03 7.829251220000000000e+08
5.745961039487830931e+03 4.814059260000000000e+08
5.683860126603747631e+03 4.261439667000000000e+09
5.694436655564769353e+03 3.283312672000000000e+09
5.684598360769117789e+03 2.569661530000000000e+09
5.690519893049138773e+03 5.063422410000000000e+08
5.698940438139649814e+03 3.483983817000000000e+09
5.691528183757699480e+03 3.962181738000000000e+09
5.702605369778389104e+03 1.690239628000000000e+09
5.715976770748174204e+03 1.477786799000000000e+09
5.697671856549611221e+03 3.493933491000000000e+09
5.681263575476963524e+03 1.777355612000000000e+09
5.716059608002306049e+03 6.244095890000000000e+08
5.674672746541144988e+03 4.170941681000000000e+09
5.659843002190045809e+03 5.517232450000000000e+08
5.682304188340980545e+03 3.126609076000000000e+09
5.660441361290373607e+03 1.925704695000000000e+09
5.708606509200764776e+03 4.163976656000000000e+09
5.678348183499760125e+03 1.689646956000000000e+09
5.682840029721998690e+03 1.646567060000000000e+09
5.718983489484278834e+03 3.021165295000000000e+09
5.695078238515121484e+03 1.430426233000000000e+09
5.667737788164309677e+03 1.608603783000000000e+09
5.709489398991871894e+03 1.924753899000000000e+09
5.695944035833181260e+03 1.635607722000000000e+09
5.708456488874920979e+03 1.735549878000000000e+09
5.701005055372659626e+03 2.022009893000000000e+09
5.699420487516300454e+03 2.615914831000000000e+09
5.670113459341848284e+03 3.985679011000000000e+09
5.690931886678623414e+03 3.443158234000000000e+09
5.690558386927203173e+03 2.820118659000000000e+09
5.712133094932044514e+03 3.567836387000000000e+09
5.683008070097993368e+03 4.279923192000000000e+09
5.685982596995775566e+03 1.097288020000000000e+08
5.715856721163580005e+03 8.435526220000000000e+08
5.686093153355501272e+03 1.129863275000000000e+09
5.680762173047408396e+03 2.484166478000000000e+09
5.653172679018029157e+03 1.286380624000000000e+09
5.694206354685832594e+03 3.849343340000000000e+09
5.687133280516774903e+03 3.075091720000000000e+09
5.698049292291530946e+03 1.204119215000000000e+09
5.682120896782773343e+03 3.915810239000000000e+09
5.672266445237328298e+03 1.875440749000000000e+09
5.656055002826497002e+03 1.155077742000000000e+09
5.707650785515585994e+03 1.832315695000000000e+09
5.713467231624847955e+03 2.484204081000000000e+09
5.671389005828535119e+03 1.652048926000000000e+09
5.723739990927989311e+03 1.312880318000000000e+09
5.695193441062899183e+03 8.100659200000000000e+07
5.713582678821901936e+03 2.665862858000000000e+09
5.724656519275562459e+03 8.195150170000000000e+08
5.686013094947556965e+03 3.500779506000000000e+09
5.707138642237568092e+03 1.040303123000000000e+09
5.676454712275967722e+03 3.294612868000000000e+09
5.697758279095342004e+03 2.410799619000000000e+09
5.666963453421501981e+03 9.983340240000000000e+08
5.728393497230947105e+03 7.406144100000000000e+07
5.697284369080382021e+03 3.330340882000000000e+09
5.679611743831169406e+03 2.711171191000000000e+09
5.726447451379804988e+03 2.667963200000000000e+08
5.717190525030462595e+03 1.022175795000000000e+09
5.697455156608823927e+03 2.358894960000000000e+09
5.690733631531613355e+03 1.710122889000000000e+09
5.680363499269742533e+03 1.960059636000000000e+09
5.721572127444403122e+03 7.917179410000000000e+08
5.703509920070727276e+03 1.981684799000000000e+09
5.701414106439488933e+03 1.804470208000000000e+09
5.696643807855979503e+03 1.696033999000000000e+09
5.675506870482424347e+03 1.360676689000000000e+09
5.681294594146896998e+03 3.904857672000000000e+09
5.717528568879928571e+03 1.117547194000000000e+09
5.702117859775291436e+03 5.877623330000000000e+08
