# Lens_likelihood 	 seed
6.171175949819884408e+03 2.497391881000000000e+09
6.162456129819839589e+03 1.347583000000000000e+09
6.152785732597702008e+03 2.302212010000000000e+08
6.179647585059336052e+03 7.147073090000000000e+08
6.159496266266567545e+03 3.312283840000000000e+08
6.142002947675825453e+03 1.818970763000000000e+09
6.133942351434184275e+03 3.780119688000000000e+09
6.168761949816621382e+03 2.047199330000000000e+08
6.154078120041383954e+03 1.062318930000000000e+09
6.163219368976544501e+03 1.148098594000000000e+09
6.138854528646760627e+03 2.477145311000000000e+09
6.200366201096847362e+03 1.269944319000000000e+09
6.129631373097515279e+03 2.812389835000000000e+09
6.161656915909579766e+03 3.774482823000000000e+09
6.181574829373934335e+03 1.852243997000000000e+09
6.152629471762593312e+03 2.431054272000000000e+09
6.166356864043931637e+03 2.832335356000000000e+09
6.149205578326200339e+03 2.918420226000000000e+09
6.164746712030214439e+03 1.017206338000000000e+09
6.148550296615176194e+03 4.452164560000000000e+08
6.154623701755809634e+03 5.208600800000000000e+07
6.160630828816400026e+03 5.277967190000000000e+08
6.175820301284491507e+03 3.176258436000000000e+09
6.148011127305430819e+03 2.714313673000000000e+09
6.154950510145527005e+03 3.652416669000000000e+09
6.163753259996207817e+03 3.222114902000000000e+09
6.141882976893778505e+03 3.382654390000000000e+08
6.194286019954139192e+03 2.205573485000000000e+09
6.151445135331221536e+03 6.384938310000000000e+08
6.193668980033956359e+03 1.070171534000000000e+09
6.166756500420347038e+03 1.413988617000000000e+09
6.161797191091589411e+03 1.019254861000000000e+09
6.140878069338472415e+03 3.427591779000000000e+09
6.174283814059685028e+03 7.267376560000000000e+08
6.165443999533670649e+03 9.334760550000000000e+08
6.135779238277527838e+03 1.624713829000000000e+09
6.172086465574156136e+03 3.693482032000000000e+09
6.164386400362112909e+03 6.501245220000000000e+08
6.175119892770821025e+03 1.950508863000000000e+09
6.167171189656307433e+03 2.943320510000000000e+08
6.124445163532901461e+03 1.535461702000000000e+09
6.146711029006988610e+03 8.714569210000000000e+08
6.169427098014953117e+03 1.597885694000000000e+09
6.168989113855282994e+03 2.954737837000000000e+09
6.144215348019909470e+03 2.231462737000000000e+09
6.142221428212606043e+03 2.801968199000000000e+09
6.160225711084807699e+03 3.783639749000000000e+09
6.158178378570780296e+03 2.795855473000000000e+09
6.170017085826229959e+03 7.219818250000000000e+08
6.138369658439499290e+03 2.025500108000000000e+09
6.179201250447593338e+03 2.994002980000000000e+08
6.144096454235647798e+03 1.672683830000000000e+09
6.155234705134020260e+03 1.042461404000000000e+09
6.172819255982220056e+03 6.194555960000000000e+08
6.160606771052107433e+03 1.278928565000000000e+09
6.175172463487693676e+03 2.032896119000000000e+09
6.169001146586724644e+03 2.308018100000000000e+09
6.158537806633275977e+03 3.873388149000000000e+09
6.159262476606216296e+03 3.012266340000000000e+08
6.196770702579491626e+03 5.754890670000000000e+08
6.170192630062676471e+03 6.253484120000000000e+08
6.153528706919476463e+03 9.861571100000000000e+07
6.158387747557374496e+03 3.021742410000000000e+08
6.136269831532536045e+03 2.399318269000000000e+09
6.141273086164958841e+03 4.097213850000000000e+09
6.143510015442388976e+03 3.284597893000000000e+09
6.176392263452549741e+03 7.456713870000000000e+08
6.173291782304246226e+03 9.420618000000000000e+07
6.160086622555330905e+03 1.931794830000000000e+09
6.176992494824743517e+03 2.605553324000000000e+09
6.172279029788088337e+03 2.368945708000000000e+09
6.154826002035416423e+03 2.455933964000000000e+09
6.141722697597254410e+03 1.945374470000000000e+09
6.145366608705845465e+03 3.464280493000000000e+09
6.124347379697303040e+03 2.365234287000000000e+09
6.159345502478174240e+03 2.334830592000000000e+09
6.166392451631481890e+03 2.138567743000000000e+09
6.149940686283396644e+03 1.768887280000000000e+09
6.145209980068127152e+03 2.068287792000000000e+09
6.152336057409296700e+03 5.188022490000000000e+08
6.138442945482357572e+03 5.539197000000000000e+08
6.146681734955907814e+03 3.106096700000000000e+09
6.134267562955932590e+03 1.773155775000000000e+09
6.133613306734386242e+03 3.986266095000000000e+09
6.174877572110361143e+03 3.627689102000000000e+09
6.126641507305561390e+03 2.691057400000000000e+08
6.177778197268994518e+03 3.928726622000000000e+09
6.162092293028982567e+03 7.008841720000000000e+08
6.186266295484943839e+03 1.312121493000000000e+09
6.143046248396563897e+03 5.419607630000000000e+08
6.163666282686846898e+03 3.274943715000000000e+09
6.186658686384383145e+03 4.232592788000000000e+09
6.178218556070714840e+03 4.221927745000000000e+09
6.169792600757004038e+03 1.988378858000000000e+09
6.119912115959726179e+03 1.138513107000000000e+09
6.151943697446617989e+03 3.480045886000000000e+09
6.172552577779142666e+03 1.237870567000000000e+09
6.146109379452036592e+03 3.876614411000000000e+09
6.164520056466333699e+03 1.437667499000000000e+09
6.134495637140469626e+03 4.092106442000000000e+09
6.159013633591268444e+03 3.392282814000000000e+09
6.162612612186603656e+03 2.068029636000000000e+09
6.161895655786866882e+03 8.201038370000000000e+08
6.145271357913618886e+03 2.015506329000000000e+09
6.158438716025604663e+03 5.307620350000000000e+08
6.168602020368581179e+03 1.990164421000000000e+09
6.161378922581332517e+03 3.331317630000000000e+08
6.183366903047694905e+03 3.055184240000000000e+08
6.171530825576450297e+03 3.726932101000000000e+09
6.169700050143175758e+03 3.584633357000000000e+09
6.190406173622295682e+03 7.032730440000000000e+08
6.138439086425366440e+03 2.675118609000000000e+09
6.145232381519766932e+03 4.135045948000000000e+09
6.159499287610080501e+03 1.865114037000000000e+09
6.157296608641081548e+03 2.332683572000000000e+09
6.156724675282245698e+03 1.594643510000000000e+09
6.127235272682581126e+03 4.146467451000000000e+09
6.165508544798984076e+03 2.191503476000000000e+09
6.166337561281113267e+03 3.652535120000000000e+08
6.159689994896426469e+03 3.921544430000000000e+09
6.165238962185354467e+03 6.340259320000000000e+08
6.151489388722732656e+03 3.814950207000000000e+09
6.159662055455492009e+03 7.131035920000000000e+08
6.186781858318880040e+03 2.475247176000000000e+09
6.121312997114220707e+03 3.459235819000000000e+09
6.173910963964826806e+03 9.954981310000000000e+08
6.142895665766340244e+03 8.586136230000000000e+08
6.139218544490831846e+03 3.031537683000000000e+09
6.183621162336874477e+03 2.923117639000000000e+09
6.183622232195052675e+03 2.625564556000000000e+09
6.187604771763508325e+03 2.142037990000000000e+09
6.158062894029568270e+03 3.908353832000000000e+09
6.156377773085808258e+03 2.932394604000000000e+09
6.149911441679868403e+03 1.435594412000000000e+09
6.172427478070785583e+03 2.183033710000000000e+09
6.159157698249136047e+03 2.204662734000000000e+09
6.156071576957800971e+03 6.445215110000000000e+08
6.164029498748292099e+03 1.323014555000000000e+09
6.159094886448930993e+03 1.618158397000000000e+09
6.156634122741552346e+03 3.393335699000000000e+09
6.158072956622396305e+03 2.888102947000000000e+09
6.202769250182794167e+03 2.253306942000000000e+09
6.172845201803934287e+03 3.433018079000000000e+09
6.184288666712627673e+03 2.337270661000000000e+09
6.185067712261244196e+03 2.107092468000000000e+09
6.188018837371577320e+03 3.411477466000000000e+09
6.157242766695278988e+03 1.995939114000000000e+09
6.180960787173922654e+03 4.223491298000000000e+09
6.178020506963285698e+03 8.184638500000000000e+07
6.148729901931455061e+03 1.788315494000000000e+09
6.167481637664068330e+03 4.540721420000000000e+08
6.138158795361705415e+03 5.288932600000000000e+08
6.142912364486944170e+03 2.794265664000000000e+09
6.143449852630607893e+03 4.105511375000000000e+09
6.154780529737317920e+03 2.467356990000000000e+08
6.137993383396211357e+03 1.251744374000000000e+09
6.143018528302739469e+03 1.189122573000000000e+09
6.181718266996126658e+03 2.924789776000000000e+09
6.134398480269281208e+03 2.786025653000000000e+09
6.111176330387817870e+03 2.100870150000000000e+08
6.139652969999517154e+03 1.305341222000000000e+09
6.172579503350046252e+03 2.169692725000000000e+09
6.134364630590644083e+03 3.674345014000000000e+09
6.167896013761072027e+03 2.636003730000000000e+08
6.146197001808633104e+03 2.805590058000000000e+09
6.149479425446067580e+03 3.135224153000000000e+09
6.159919943119351956e+03 6.274715920000000000e+08
6.178550694421037406e+03 4.609547190000000000e+08
6.157031860322008470e+03 3.651708308000000000e+09
6.117924577758058149e+03 4.008624177000000000e+09
6.156208043746824842e+03 7.977894040000000000e+08
6.146383564050096538e+03 3.620477205000000000e+09
6.164781953027923919e+03 3.393567450000000000e+08
6.174134106727597100e+03 2.880725974000000000e+09
6.161325735416493444e+03 3.610899518000000000e+09
6.150306888418615927e+03 2.132533866000000000e+09
6.164062867573050426e+03 4.152355871000000000e+09
6.153093935389806575e+03 3.609617758000000000e+09
6.166451918939234019e+03 1.243999330000000000e+08
6.179556767672811475e+03 8.799304490000000000e+08
6.173684892120279073e+03 3.194712227000000000e+09
6.175490554986730785e+03 3.443624953000000000e+09
6.154718179812197377e+03 4.286301215000000000e+09
6.154210839301091255e+03 3.003814988000000000e+09
6.164585646353265474e+03 4.081329280000000000e+09
6.136470825783948385e+03 2.656207180000000000e+08
6.171364344015622009e+03 2.502484826000000000e+09
6.152405651308502456e+03 2.461553863000000000e+09
6.136400295397337686e+03 2.653954181000000000e+09
6.144832991042546382e+03 1.301637489000000000e+09
6.180913289739179163e+03 4.144052290000000000e+08
6.181740122489374698e+03 2.152690131000000000e+09
6.170142707381823129e+03 2.452243974000000000e+09
6.144843563740045283e+03 2.985588346000000000e+09
6.165811096502965484e+03 2.325875114000000000e+09
6.172767150155489617e+03 1.456668668000000000e+09
6.184366624686463183e+03 4.016395643000000000e+09
6.168103556615243178e+03 3.674448923000000000e+09
6.161049260611357568e+03 1.544688353000000000e+09
6.171758333541855791e+03 4.817922970000000000e+08
6.170521475603802173e+03 2.502582308000000000e+09
6.144787670777726817e+03 5.444739470000000000e+08
6.148206073268496766e+03 2.235276826000000000e+09
6.152327143736037215e+03 2.259522630000000000e+08
6.156052413448799598e+03 2.837500540000000000e+08
6.152023025241273899e+03 1.742262502000000000e+09
6.152981512476344506e+03 4.259718749000000000e+09
6.153643645881846169e+03 3.220069042000000000e+09
6.149923834793883543e+03 1.819532023000000000e+09
6.147510108985448824e+03 1.641736202000000000e+09
6.144145686284657131e+03 3.978705776000000000e+09
6.144890773244766933e+03 1.105240760000000000e+09
6.128603284243203234e+03 5.808302450000000000e+08
6.158434675502616301e+03 3.420807833000000000e+09
6.164098448067541540e+03 1.778070410000000000e+09
6.162207023107268469e+03 9.259291170000000000e+08
6.134700316290366573e+03 1.776575029000000000e+09
6.149081477283570166e+03 3.899812123000000000e+09
6.175125412124739341e+03 2.470033970000000000e+09
6.125616185968919126e+03 1.245539666000000000e+09
6.160824028419481692e+03 2.271312066000000000e+09
6.152714972328250951e+03 4.189022233000000000e+09
6.113057557789244129e+03 2.510954436000000000e+09
6.165217322109033375e+03 2.751981280000000000e+09
6.179804855981738910e+03 3.663935788000000000e+09
6.168667487139991863e+03 8.907559900000000000e+08
6.186469944604525153e+03 4.214520483000000000e+09
6.162756688639410640e+03 9.309945900000000000e+08
6.148439885237959061e+03 3.950404679000000000e+09
6.181398408479170939e+03 9.831141620000000000e+08
6.156939357877387920e+03 1.333817440000000000e+08
6.146205913261470414e+03 7.173987060000000000e+08
6.183734886128066137e+03 3.844014010000000000e+09
6.191761288244824755e+03 2.724708416000000000e+09
6.142734096782967754e+03 4.048261064000000000e+09
6.147327716339647850e+03 4.103297070000000000e+09
6.177142709452258714e+03 2.605682030000000000e+08
6.149949377359831487e+03 6.923957820000000000e+08
6.151800670201248067e+03 1.725571251000000000e+09
6.184727971922062352e+03 1.909094082000000000e+09
6.148620170359398799e+03 1.940221905000000000e+09
6.157334827480996864e+03 3.491551773000000000e+09
6.127444294505919061e+03 3.873228477000000000e+09
6.159440760980609411e+03 1.820331588000000000e+09
6.161996476069151868e+03 4.235817594000000000e+09
6.147205218748385050e+03 2.757356317000000000e+09
6.154180326865290226e+03 1.216773554000000000e+09
6.137546415980013080e+03 3.068043211000000000e+09
6.141536692777099233e+03 1.360412020000000000e+09
6.155106314146878503e+03 2.909585454000000000e+09
6.156914054360060618e+03 2.042776620000000000e+08
6.135462113509531264e+03 3.238150375000000000e+09
6.160397288210613624e+03 3.848324260000000000e+08
6.141917183020177617e+03 1.367310415000000000e+09
6.125577534218005894e+03 2.078700903000000000e+09
6.159953195665189014e+03 4.231878438000000000e+09
6.178755898968277506e+03 3.798246830000000000e+08
6.179356799293687800e+03 2.439486617000000000e+09
6.179287916247472822e+03 4.037494018000000000e+09
6.140691755836105585e+03 4.278984570000000000e+08
6.170664329319782155e+03 1.472658000000000000e+09
6.158985506612782046e+03 2.503514028000000000e+09
6.151238970056826474e+03 9.008299580000000000e+08
6.156649248985995655e+03 7.634543200000000000e+08
6.178337602629020694e+03 1.745023120000000000e+09
6.161688517320443680e+03 1.686317916000000000e+09
6.117582409792477847e+03 6.233306610000000000e+08
6.146987280837539402e+03 2.427628518000000000e+09
6.136129818381996301e+03 2.802457951000000000e+09
6.147831015189625759e+03 6.554411620000000000e+08
6.146919013375132636e+03 3.837628160000000000e+08
6.128010093364965542e+03 3.505379990000000000e+08
6.155799585611954171e+03 3.485293435000000000e+09
6.154273664673271924e+03 4.155412908000000000e+09
6.154308904155851451e+03 8.578513550000000000e+08
6.169627967043871649e+03 1.007561661000000000e+09
6.144218411890295101e+03 4.162578038000000000e+09
6.130799387570015824e+03 2.546444245000000000e+09
6.135988305179002055e+03 1.608588619000000000e+09
6.151755284154436595e+03 1.927473162000000000e+09
6.172203190654855462e+03 3.064862143000000000e+09
6.142887415885820701e+03 1.626892822000000000e+09
6.144069424083245394e+03 3.746978341000000000e+09
6.177592731608178838e+03 1.490959204000000000e+09
6.185178640310396077e+03 1.299348052000000000e+09
6.211348997565615718e+03 3.979186234000000000e+09
6.163447184683394880e+03 9.245820730000000000e+08
6.146917464564045986e+03 1.978797534000000000e+09
6.178018448536803589e+03 5.772389370000000000e+08
6.147915534673677939e+03 1.722630670000000000e+08
6.112525411572491066e+03 9.635547560000000000e+08
6.172400432055759666e+03 1.302586175000000000e+09
6.161496005056104877e+03 3.819583130000000000e+09
6.151622032038780162e+03 3.267307756000000000e+09
6.177343376343409545e+03 3.689112506000000000e+09
6.110179881485937585e+03 3.727328835000000000e+09
6.152723298860222712e+03 1.748809497000000000e+09
6.144883225625932027e+03 3.776366749000000000e+09
6.154401226498333017e+03 1.452438387000000000e+09
6.164724866052746620e+03 1.194953843000000000e+09
6.128750671555744702e+03 2.177057500000000000e+09
6.192299688126239744e+03 5.230519550000000000e+08
6.137262094992757739e+03 3.277272301000000000e+09
6.175498242545441826e+03 1.549214278000000000e+09
6.160619636975531648e+03 3.193893208000000000e+09
6.153594926924067295e+03 2.123081016000000000e+09
6.138043046045231677e+03 3.522473724000000000e+09
6.183653509247778857e+03 2.121666217000000000e+09
6.126847530836907936e+03 2.504238889000000000e+09
6.135773710429764833e+03 4.242292754000000000e+09
6.140988945189747028e+03 1.298510266000000000e+09
6.170399376558347285e+03 1.569221115000000000e+09
6.142853163699639481e+03 3.067452827000000000e+09
6.195461608054651151e+03 3.421953519000000000e+09
6.193725594316338174e+03 2.479619984000000000e+09
6.138861392526587224e+03 3.037277083000000000e+09
6.175878596354204092e+03 3.375640940000000000e+08
6.150140879313688856e+03 4.388254170000000000e+08
6.163294003196816448e+03 3.820620557000000000e+09
6.155659566716001791e+03 3.677998981000000000e+09
6.132079976187405919e+03 2.331251860000000000e+08
6.156945501903262084e+03 1.358167768000000000e+09
6.147138206548353082e+03 2.628486865000000000e+09
6.157636404984191358e+03 7.840550340000000000e+08
6.134238696186785091e+03 1.918232720000000000e+08
6.137887329272449279e+03 2.028143520000000000e+08
6.158882016888574071e+03 1.666042936000000000e+09
6.175533240901863792e+03 1.069396001000000000e+09
6.168220132857018143e+03 2.962650382000000000e+09
6.140182598892674832e+03 1.877807823000000000e+09
6.142487456172521888e+03 2.524758382000000000e+09
6.175713505251917013e+03 2.830567369000000000e+09
6.191040132702679330e+03 2.788247014000000000e+09
6.172501590967489392e+03 2.807432535000000000e+09
6.144582410743237233e+03 2.528783466000000000e+09
6.155344794807308062e+03 2.673922492000000000e+09
6.150590363711335158e+03 4.097216070000000000e+08
6.132946438121203755e+03 3.632642599000000000e+09
6.135556828311984646e+03 1.209603549000000000e+09
6.173946895826918990e+03 2.089035216000000000e+09
6.158435407984280573e+03 3.492236000000000000e+06
6.144547478511301961e+03 4.092690972000000000e+09
6.192946266263668804e+03 2.351321310000000000e+08
6.129640414458549458e+03 1.364569468000000000e+09
6.164158082396983446e+03 2.657165688000000000e+09
6.157142594694302716e+03 3.221766400000000000e+08
6.167365423817685951e+03 3.029381747000000000e+09
6.151131193631701535e+03 3.575006250000000000e+09
6.158789289799498874e+03 3.880223950000000000e+09
6.162884249648232071e+03 3.344197082000000000e+09
