# Lens_likelihood 	 seed
1.600357109435057282e+03 7.760698450000000000e+08
3.847752475496345141e+03 2.173303484000000000e+09
4.814445161897477192e+03 1.427183194000000000e+09
4.695020605163004802e+03 2.245755975000000000e+09
2.294150295655944319e+03 3.594906865000000000e+09
4.497195145998517546e+03 1.569305265000000000e+09
4.489870023766698068e+03 2.552095196000000000e+09
2.981983384628279964e+03 1.992604310000000000e+08
4.667949689184311865e+03 2.166988083000000000e+09
1.930427681016780298e+03 1.027976807000000000e+09
4.368652070098189142e+03 2.031561417000000000e+09
4.333166498173928630e+03 3.097347158000000000e+09
3.378495377108785760e+03 1.774163501000000000e+09
5.029260455493948939e+03 2.089260250000000000e+08
2.851174307287718875e+03 2.535551310000000000e+08
3.650705833831788368e+03 1.873704899000000000e+09
2.858213617211797100e+03 2.615777518000000000e+09
2.679634997412829762e+03 2.559560621000000000e+09
5.538623565086807503e+03 1.565821200000000000e+08
4.795476196171220181e+03 4.151101462000000000e+09
2.906145326025749455e+03 4.111197090000000000e+09
1.962531625025236281e+03 2.585173050000000000e+08
4.283530508187289342e+03 1.540814785000000000e+09
4.035032120519129421e+03 3.183034636000000000e+09
4.499846909618262544e+03 1.079903188000000000e+09
5.079782459716036101e+03 1.957557002000000000e+09
3.380674541284576662e+03 1.876891471000000000e+09
4.016435797572666161e+03 3.981143685000000000e+09
2.200084751977557062e+03 3.144037049000000000e+09
4.440248588723354260e+03 3.362593808000000000e+09
4.247868191888384899e+03 7.420700560000000000e+08
2.626648895807631561e+03 1.743359941000000000e+09
2.592185154569199767e+03 1.993005164000000000e+09
2.820599173909074125e+03 2.896319932000000000e+09
1.803307707702623702e+03 2.063975554000000000e+09
3.701212447890877229e+03 1.267051772000000000e+09
2.816047721377503876e+03 1.924531790000000000e+08
4.572635972303333801e+03 1.772784626000000000e+09
2.417785329209110387e+03 1.266776446000000000e+09
5.256733534273688747e+03 3.051486056000000000e+09
1.556818258323752161e+03 4.115084770000000000e+09
4.505774640519382046e+03 2.546988058000000000e+09
1.076011657323676445e+03 3.364902520000000000e+09
3.662853933243070060e+03 6.500207350000000000e+08
5.209646296894479747e+03 1.282975452000000000e+09
4.447224450489496121e+03 3.049633546000000000e+09
4.564690811021762784e+03 1.728335112000000000e+09
3.405848900608661097e+03 3.348961816000000000e+09
3.183589902827599872e+03 1.284637672000000000e+09
5.334876212080889673e+03 4.600458900000000000e+08
4.957633252511395767e+03 7.753154290000000000e+08
3.278015344241912317e+03 1.555785546000000000e+09
4.038076639863324090e+03 3.249298524000000000e+09
3.750132459032231964e+03 1.503387040000000000e+08
3.189768585830844131e+03 2.539697539000000000e+09
2.736006899109438564e+03 1.561928610000000000e+09
2.857148054734009747e+03 8.297715900000000000e+08
3.861289504347425463e+03 3.215102140000000000e+08
3.810435332830852531e+03 1.827400501000000000e+09
2.860712668781196953e+03 1.695071539000000000e+09
2.635849728955204228e+03 4.233892378000000000e+09
2.732351394237533896e+03 3.762978433000000000e+09
3.912593055490538973e+03 2.530254604000000000e+09
3.014994209816816692e+03 3.982780190000000000e+09
3.127038541239186998e+03 1.814474567000000000e+09
4.491144101113652141e+03 3.925231961000000000e+09
2.695845382177679312e+03 1.344270214000000000e+09
3.884414993132489144e+03 2.836095080000000000e+08
5.306928290272984668e+03 3.029144894000000000e+09
4.434410419117469246e+03 3.768466556000000000e+09
4.736820960151115287e+03 2.448352286000000000e+09
3.478660321062927324e+03 2.322944930000000000e+09
2.335423479814756320e+03 4.286983657000000000e+09
3.966709755859995312e+03 3.992498579000000000e+09
4.692622954093061708e+03 3.632169511000000000e+09
1.245312655760862981e+03 2.286930523000000000e+09
2.065347083689406645e+03 2.114193789000000000e+09
3.567045897111281192e+03 3.737429348000000000e+09
4.520067822955168594e+03 1.238872612000000000e+09
3.741416197592023309e+03 3.684660174000000000e+09
3.038909626463886525e+03 3.293981024000000000e+09
2.056428666195321966e+03 3.370224170000000000e+09
3.688191765160592695e+03 4.668964750000000000e+08
4.059504540025041024e+03 1.966816127000000000e+09
2.626693748337661418e+03 2.989124549000000000e+09
2.491651727448760539e+03 1.431521444000000000e+09
5.427739976874154308e+03 4.255160740000000000e+09
3.849657360799149501e+03 3.644877725000000000e+09
2.304367725533617886e+03 1.324953779000000000e+09
4.717877891046851801e+03 2.486204783000000000e+09
3.188416598524312576e+03 1.542460019000000000e+09
4.215130944150562755e+03 1.190089592000000000e+09
2.127725776044807390e+03 3.393163797000000000e+09
4.065016619527707917e+03 3.964119840000000000e+08
4.515838667911335506e+03 1.849900710000000000e+09
4.416244757786115770e+03 5.381502180000000000e+08
2.414168090771008792e+03 3.781444000000000000e+09
1.444081792612561003e+03 1.440247130000000000e+09
3.930607935742404152e+03 3.808881273000000000e+09
5.139625799307876150e+03 3.992946327000000000e+09
4.514566746931452144e+03 3.563434768000000000e+09
4.645325186580292211e+03 3.951695032000000000e+09
2.920331324272089660e+03 1.111836177000000000e+09
3.746576252802109593e+03 1.934252190000000000e+09
2.399040139509364963e+03 8.413173550000000000e+08
4.808567274200601787e+03 4.255387128000000000e+09
4.728032764649793535e+03 3.745612042000000000e+09
4.386759770990079232e+03 4.491484510000000000e+08
4.788130493210212080e+03 3.692513900000000000e+08
2.477687068272776742e+03 2.069834600000000000e+07
4.116060722307995093e+03 3.869367566000000000e+09
3.518114657559710395e+03 3.140026746000000000e+09
2.023496584347877615e+03 8.436224460000000000e+08
2.345206263981312986e+03 1.458623778000000000e+09
2.933746422572679876e+03 4.234813221000000000e+09
3.800290065110368232e+03 2.514594075000000000e+09
4.019163864703373292e+03 7.896802070000000000e+08
2.320178910873912173e+03 3.741271816000000000e+09
3.376404876363393669e+03 1.329491525000000000e+09
3.379277561817239985e+03 4.054490906000000000e+09
3.611630351035377316e+03 3.388860126000000000e+09
2.487714406484756182e+03 1.235271890000000000e+09
3.145607756037044055e+03 9.217681640000000000e+08
4.449310160328353959e+03 3.183136072000000000e+09
3.023600535002029574e+03 1.717201160000000000e+09
4.585992741387487513e+03 2.978303300000000000e+09
3.734345368100642190e+03 6.689220940000000000e+08
3.024352677680728448e+03 3.233949395000000000e+09
4.401852832958422368e+03 1.228218210000000000e+08
2.588383114193523397e+03 4.073623240000000000e+09
4.778423221941881820e+03 3.987752550000000000e+08
1.859421690837403730e+03 3.956574150000000000e+09
3.744726086764708270e+03 1.126245736000000000e+09
2.844734428548763390e+03 2.857909498000000000e+09
4.080640316434439228e+03 1.604252342000000000e+09
2.208291432389366491e+03 1.395842673000000000e+09
3.001461632242770975e+03 2.542497140000000000e+08
2.960962234936815548e+03 6.569115410000000000e+08
4.642553233311718031e+03 2.079280710000000000e+08
2.321003224293872336e+03 6.166947790000000000e+08
3.036041912663666153e+03 6.892341000000000000e+07
3.298125550708130504e+03 1.149837087000000000e+09
2.903298712553523728e+03 8.442872610000000000e+08
2.019166192376005711e+03 2.105557821000000000e+09
2.589625166044411344e+03 4.119382880000000000e+08
4.055240608758682356e+03 1.949119109000000000e+09
3.312505494494451341e+03 3.338281285000000000e+09
2.316662497513924791e+03 3.318317423000000000e+09
4.721175212836052197e+03 3.842886808000000000e+09
3.309868506581641668e+03 1.055738916000000000e+09
3.269253313459525089e+03 1.753913541000000000e+09
4.485957876863039928e+03 2.009971104000000000e+09
4.349922828486111939e+03 6.617735960000000000e+08
4.938731529922461959e+03 1.611614457000000000e+09
4.094973879710988513e+03 6.552660560000000000e+08
2.796044676596639874e+03 2.325070702000000000e+09
3.630206685791776181e+03 7.638883960000000000e+08
2.183081684460887118e+03 3.585508492000000000e+09
4.196980755791923002e+03 1.738415247000000000e+09
4.005411477406458289e+03 1.654158209000000000e+09
2.886318102899729638e+03 1.761246854000000000e+09
3.396183297856136960e+03 3.353796050000000000e+08
4.305140079980257724e+03 2.746331945000000000e+09
4.504534067757462253e+03 2.480578039000000000e+09
4.114192559875101324e+03 2.828265221000000000e+09
2.803424633910113698e+03 1.609639704000000000e+09
4.249045007036078459e+03 1.662941259000000000e+09
2.560253944404181311e+03 6.635224320000000000e+08
4.278506410887755010e+03 2.420671710000000000e+09
3.164349137167390836e+03 2.599124513000000000e+09
2.692313199143035490e+03 3.427880655000000000e+09
3.439816110618618040e+03 2.208112078000000000e+09
2.012015589694424307e+03 2.447397564000000000e+09
2.921858934922537628e+03 1.309022130000000000e+08
2.843710053664740371e+03 5.472003880000000000e+08
3.112779147614544854e+03 1.370719803000000000e+09
4.693689986204793058e+03 5.725558420000000000e+08
2.785846196671623147e+03 1.460124030000000000e+08
3.902880664806184541e+03 3.777851411000000000e+09
1.113844417158577926e+03 6.160565590000000000e+08
4.590813200502067048e+03 4.172748864000000000e+09
4.379297771619582818e+03 2.317642605000000000e+09
4.357191481084736552e+03 3.487312322000000000e+09
3.254581518091855287e+03 3.039508061000000000e+09
2.799909522306209510e+03 2.975479600000000000e+07
3.769479274901413191e+03 9.732728910000000000e+08
2.342801826212565175e+03 3.594778827000000000e+09
4.047152630597242023e+03 3.333130677000000000e+09
1.632034094478866791e+03 1.579764681000000000e+09
1.971098544950810719e+03 2.960045925000000000e+09
3.992030070635604716e+03 2.398469958000000000e+09
3.776056184991382906e+03 1.267479193000000000e+09
1.268607666980279646e+03 1.432699743000000000e+09
4.725386246824592490e+03 3.326376520000000000e+09
3.916769719597005860e+03 1.608542247000000000e+09
3.312410144632669471e+03 1.492471906000000000e+09
2.434895006740521239e+03 2.679097262000000000e+09
2.861314026850638584e+03 9.379543900000000000e+08
3.808804755503129854e+03 3.143039948000000000e+09
4.147723236998732318e+03 9.217993500000000000e+07
2.839454880611573572e+03 1.496588369000000000e+09
2.189644452063334029e+03 2.321920867000000000e+09
3.654716995855785171e+03 1.229862360000000000e+09
3.940764747798476492e+03 9.766356900000000000e+07
1.479957487212755950e+03 5.158295230000000000e+08
1.345380818179351991e+03 1.377202880000000000e+09
4.510776534094147792e+03 2.710841169000000000e+09
2.449929811322266687e+03 8.414091900000000000e+07
4.273696428185079640e+03 9.120432200000000000e+07
3.523587186760669283e+03 2.903263414000000000e+09
2.629557341893889316e+03 3.649479782000000000e+09
5.009151047751385704e+03 3.825027279000000000e+09
2.038469059171131448e+03 3.499784990000000000e+08
3.583791258323394686e+03 1.147911326000000000e+09
4.335005136306293934e+03 3.518412599000000000e+09
3.133098390207350349e+03 3.682275393000000000e+09
2.529083654808337087e+03 3.980333838000000000e+09
4.659680006549800964e+03 3.983238699000000000e+09
4.435991409288079922e+03 1.505127845000000000e+09
4.136693054184778703e+03 2.487398396000000000e+09
4.552816289707564465e+03 8.147590120000000000e+08
4.697432407103548030e+03 1.258341957000000000e+09
4.047004399978722176e+03 1.534139666000000000e+09
4.542384275881225221e+03 1.028314910000000000e+09
2.571021294881815265e+03 1.833058373000000000e+09
4.401895479772687395e+03 1.610556240000000000e+09
3.718167488022841098e+03 1.928739198000000000e+09
3.021357179995057777e+03 9.365487630000000000e+08
3.945040761859338090e+03 2.744677334000000000e+09
5.011965758643017580e+03 3.951170733000000000e+09
3.585107289442256842e+03 2.712044690000000000e+08
4.125560242182144975e+03 1.338688500000000000e+09
2.794964568504880845e+03 1.177877456000000000e+09
4.100698125572973368e+03 2.108155387000000000e+09
4.288910301974966387e+03 7.658852600000000000e+08
1.484900818229719334e+03 1.096412613000000000e+09
1.571738768923460157e+03 7.591400790000000000e+08
1.758155812417429843e+03 3.379830435000000000e+09
4.119364923804233513e+03 1.259964391000000000e+09
3.804294868042854432e+03 2.201671910000000000e+08
1.962800602727919795e+03 3.468777577000000000e+09
4.908193129958355712e+03 3.160723480000000000e+09
4.178359065454600568e+03 3.343355096000000000e+09
4.307757835326905479e+03 3.686570179000000000e+09
2.436663619895494776e+03 2.110564628000000000e+09
2.978098090200418483e+03 1.762883254000000000e+09
1.995725748944566476e+03 2.827097803000000000e+09
4.513645807292432437e+03 2.592114091000000000e+09
2.885297800972104596e+03 1.443999500000000000e+07
2.705402905816153179e+03 1.667244361000000000e+09
4.122714437547236230e+03 2.498928357000000000e+09
3.886083620789275301e+03 1.776347780000000000e+09
3.705574261605743231e+03 3.860070400000000000e+09
3.026351169641973684e+03 3.834308273000000000e+09
2.186762526475441518e+03 5.691731660000000000e+08
4.418242911251112673e+03 2.922082962000000000e+09
3.161387725860423416e+03 2.054534659000000000e+09
1.440959401100923060e+03 2.081790610000000000e+09
4.689503809803742115e+03 1.273634167000000000e+09
1.656164659743741140e+03 9.703126860000000000e+08
5.250322025494124318e+03 3.630821297000000000e+09
3.574604358447474624e+03 1.304439287000000000e+09
5.161171979182495306e+03 3.206492410000000000e+08
4.439080421733249750e+03 3.813385683000000000e+09
4.837074650475395174e+03 1.688347302000000000e+09
4.334492467208468952e+03 1.259914141000000000e+09
3.294781852804695518e+03 1.298967591000000000e+09
4.975309154078571737e+03 3.092767522000000000e+09
2.717057373178176022e+03 3.351623285000000000e+09
4.974206605459497951e+03 1.433642318000000000e+09
2.811758120404801048e+03 3.735351414000000000e+09
3.084487512256983791e+03 3.464556048000000000e+09
3.082462744906741136e+03 1.457732250000000000e+09
2.196372382121377086e+03 2.434272248000000000e+09
2.514593581644716323e+03 2.238547016000000000e+09
2.777586823985384399e+03 3.645144090000000000e+09
3.138500653404279547e+03 2.735954288000000000e+09
5.094480881432000388e+03 2.273519750000000000e+09
3.703808093987812754e+03 4.071896085000000000e+09
2.511633395241012295e+03 2.985993241000000000e+09
3.242020676662338701e+03 4.096673802000000000e+09
4.744235958342911545e+03 3.856321123000000000e+09
1.871919724228921041e+03 2.082884608000000000e+09
1.904890561931123557e+03 2.804410643000000000e+09
3.838517378971233484e+03 3.836705655000000000e+09
4.071002552761739025e+03 3.619013625000000000e+09
3.646297842479732026e+03 3.218773261000000000e+09
2.102078835881373379e+03 1.258817972000000000e+09
3.311182148356434482e+03 2.425978630000000000e+09
4.618254018030906082e+03 7.087657250000000000e+08
3.353457620779239733e+03 1.447175240000000000e+08
3.111335466286557676e+03 3.476930434000000000e+09
2.822994289129827848e+03 3.840964780000000000e+08
3.919440822994349219e+03 8.976708090000000000e+08
3.784989950513051554e+03 1.467306026000000000e+09
4.215564281283677701e+03 4.191135406000000000e+09
1.577180718875885759e+03 2.624344340000000000e+09
1.686618238840183039e+03 2.333204971000000000e+09
1.605328602364982544e+03 1.266910544000000000e+09
3.639937505176124432e+03 3.722688312000000000e+09
3.485150191123668264e+03 2.534021591000000000e+09
2.523740780938225726e+03 4.114139409000000000e+09
2.808690339955823219e+03 5.113109250000000000e+08
2.473820982283525154e+03 1.045225365000000000e+09
3.109634627699994780e+03 2.738190902000000000e+09
2.652258120126821268e+03 1.165520060000000000e+09
2.268692640969187778e+03 2.328302507000000000e+09
3.425539470334488215e+03 3.882218442000000000e+09
3.966580609097678462e+03 2.371406150000000000e+09
4.701198285936910906e+03 1.797904222000000000e+09
3.068899963958426270e+03 1.768914968000000000e+09
3.158277482136982144e+03 8.804664430000000000e+08
3.652402557776365029e+03 2.163681264000000000e+09
4.270946561235946319e+03 1.568264387000000000e+09
4.819591894606336609e+03 1.841090680000000000e+08
4.841547568942070939e+03 1.587352055000000000e+09
3.091471557428414599e+03 2.874983289000000000e+09
2.526114293812347569e+03 4.561114850000000000e+08
4.525570072009609248e+03 2.252412695000000000e+09
4.460514959683217967e+03 6.109382730000000000e+08
4.930789227053904142e+03 2.114028612000000000e+09
4.561124069471366965e+03 3.238459531000000000e+09
3.122098194806821994e+03 9.832856610000000000e+08
3.492794235632387426e+03 1.265321982000000000e+09
2.838570448754805511e+03 1.941683700000000000e+09
4.076486116075954669e+03 3.230606092000000000e+09
4.526330326873731792e+03 1.973239188000000000e+09
3.312833436318147506e+03 2.780865850000000000e+08
1.980629738969490973e+03 3.414670313000000000e+09
2.135426544220700634e+03 3.410090910000000000e+08
4.817426272227112349e+03 2.619165256000000000e+09
3.699970932803797041e+03 3.868307358000000000e+09
4.194109678610855553e+03 3.577541846000000000e+09
4.098828730208300840e+03 3.644820245000000000e+09
1.027469114946578884e+03 2.775426689000000000e+09
4.844716900799847281e+03 3.047962231000000000e+09
4.200940587637760473e+03 3.498747896000000000e+09
5.119180962374039154e+03 7.466633490000000000e+08
4.132943891444749170e+03 2.133717446000000000e+09
3.085197853176956414e+03 7.482757070000000000e+08
2.826053698226367487e+03 3.109173659000000000e+09
2.748973976890101767e+03 1.807206288000000000e+09
2.170542116395089579e+03 6.772873470000000000e+08
1.730787615983298565e+03 1.758891521000000000e+09
4.714164389250132444e+03 5.465660190000000000e+08
4.489218407187473531e+03 1.130697312000000000e+09
1.522255649758913023e+03 3.562920900000000000e+07
2.398645498564495028e+03 3.993645576000000000e+09
4.937026026569285023e+03 8.906718530000000000e+08
3.544864192320254006e+03 4.014706189000000000e+09
