# Lens_likelihood 	 seed
3.954095222778133120e+03 3.888600688000000000e+09
3.940054326278798726e+03 8.128080900000000000e+07
4.009112265976011258e+03 2.171591686000000000e+09
3.865078722715711592e+03 3.685725494000000000e+09
3.567940684034226251e+03 4.180670508000000000e+09
3.451110917939247884e+03 1.961466533000000000e+09
3.767263030691490712e+03 2.803355570000000000e+09
4.019961804045161443e+03 1.239740430000000000e+08
3.841713883503512079e+03 3.548048818000000000e+09
3.839923506477039155e+03 2.335960940000000000e+09
4.140393611781985783e+03 3.955881988000000000e+09
3.498497637836548620e+03 4.138291025000000000e+09
3.962991077515604502e+03 2.693579617000000000e+09
3.713849049821723384e+03 3.153879207000000000e+09
3.566056019271601144e+03 3.576001547000000000e+09
3.888746377919622319e+03 3.831442575000000000e+09
3.732143093093038715e+03 1.646954872000000000e+09
3.961041394915708224e+03 5.941112900000000000e+07
3.682370339106002575e+03 1.239512018000000000e+09
4.026700971383815158e+03 2.184289180000000000e+09
3.796650352117878811e+03 3.894768425000000000e+09
3.886095572706562052e+03 1.296162404000000000e+09
3.666459955901540525e+03 3.704525120000000000e+09
3.752833431164650392e+03 3.359709969000000000e+09
3.887404523979509122e+03 3.989482245000000000e+09
3.543604733528663928e+03 2.067831100000000000e+09
3.835030143076793138e+03 7.414615440000000000e+08
3.932052773103785512e+03 4.000780267000000000e+09
3.673185490203185509e+03 1.916475660000000000e+09
3.766388176201350234e+03 2.887519577000000000e+09
3.630578008801450324e+03 4.117138711000000000e+09
4.006532717104424137e+03 3.753595650000000000e+09
3.934562931246401604e+03 2.901272466000000000e+09
3.673796861640893894e+03 2.812484247000000000e+09
3.886660436576843495e+03 4.036486790000000000e+08
3.855318729061478280e+03 3.758899640000000000e+09
3.538168582497258285e+03 2.548729716000000000e+09
3.803660477064881889e+03 4.855504960000000000e+08
3.678850342482362976e+03 2.516014017000000000e+09
3.939362288793029165e+03 2.003596540000000000e+09
4.114019239855369960e+03 3.266094963000000000e+09
3.763017702176061448e+03 3.105269631000000000e+09
3.721661655558898474e+03 1.058582420000000000e+08
3.765300838772899624e+03 6.411823760000000000e+08
3.717321088159676037e+03 4.282333080000000000e+09
3.909957580702154701e+03 7.283230040000000000e+08
3.597044582561346033e+03 1.418327615000000000e+09
3.781330866078670169e+03 4.249847212000000000e+09
3.904254042436963118e+03 4.195360940000000000e+08
3.857146748231796664e+03 4.027814778000000000e+09
3.744123621913961870e+03 3.231862898000000000e+09
3.659007931252576782e+03 3.136615380000000000e+08
3.861325427596187637e+03 2.084018198000000000e+09
3.788200130332199024e+03 2.407509920000000000e+08
3.906189174397781244e+03 4.012393266000000000e+09
3.988666369497272626e+03 1.095853389000000000e+09
3.604194329349080363e+03 1.032401154000000000e+09
3.803587430290626344e+03 1.442141488000000000e+09
3.938715958839537507e+03 1.346183320000000000e+09
3.821365258031914436e+03 2.586962768000000000e+09
3.838136323028985316e+03 1.393116875000000000e+09
4.088947968857394699e+03 7.081756090000000000e+08
4.134065838970363984e+03 5.992225250000000000e+08
3.875983476084885751e+03 3.513072454000000000e+09
3.707668033070217007e+03 1.943934878000000000e+09
3.979300306076392189e+03 2.881529930000000000e+09
4.135872147565047271e+03 3.178666326000000000e+09
3.932209410830276738e+03 3.847957281000000000e+09
3.621953432201497890e+03 3.643117736000000000e+09
3.896623287762130531e+03 3.579169823000000000e+09
3.574344104679117663e+03 9.493406570000000000e+08
3.970951971477988536e+03 1.710031148000000000e+09
3.670950978540262895e+03 1.848315590000000000e+08
3.895298033334363026e+03 3.044292615000000000e+09
4.097033114011965154e+03 1.372562390000000000e+08
3.601746958745006850e+03 2.127426962000000000e+09
3.760348450566336851e+03 3.581678717000000000e+09
3.955761958928382683e+03 3.946374214000000000e+09
3.928083477891652365e+03 4.275702704000000000e+09
3.649869238230549399e+03 2.327324349000000000e+09
3.748168138117567651e+03 1.737515162000000000e+09
3.798402495427577378e+03 4.967255920000000000e+08
3.759272079794238834e+03 3.073477106000000000e+09
3.818462980179935130e+03 3.036895000000000000e+07
3.881900704306538046e+03 2.326090155000000000e+09
3.580633100383010060e+03 3.499423820000000000e+09
3.938474329984991073e+03 2.128663244000000000e+09
3.822093961608123664e+03 3.327184004000000000e+09
3.740237168695612581e+03 4.267148266000000000e+09
3.851338672949333613e+03 3.024931679000000000e+09
3.670119320990367214e+03 3.932674978000000000e+09
3.811614824353692711e+03 1.830993195000000000e+09
3.786967529273017135e+03 1.757108869000000000e+09
3.889133594913776051e+03 1.597374640000000000e+08
3.821109548488630480e+03 2.295056693000000000e+09
4.146381197892724231e+03 4.285775856000000000e+09
3.776300991046461149e+03 1.769280442000000000e+09
3.731801594261645732e+03 2.690159736000000000e+09
3.649482977511018817e+03 3.748968759000000000e+09
3.913356568650721329e+03 9.760699000000000000e+06
3.654857107013890982e+03 2.770011533000000000e+09
3.780757668640446354e+03 1.283088735000000000e+09
4.070676004605126764e+03 2.688009962000000000e+09
4.124467191381979319e+03 1.998728854000000000e+09
3.854099459303844924e+03 3.842815200000000000e+08
3.774480451494120189e+03 1.060824879000000000e+09
3.820793020689863624e+03 2.863401693000000000e+09
3.800461845434595944e+03 6.953705430000000000e+08
3.947825719277600911e+03 2.738631610000000000e+09
3.895786861489408693e+03 2.340503246000000000e+09
4.020523227164512264e+03 3.725957458000000000e+09
3.575082273651838022e+03 2.026444150000000000e+09
3.873739329560845363e+03 2.693038889000000000e+09
3.736958598372194047e+03 3.973491390000000000e+08
3.923555029046427535e+03 1.810364185000000000e+09
3.760602182469377567e+03 1.191673055000000000e+09
3.762243376412265206e+03 2.626280630000000000e+09
4.074391192821144614e+03 2.676018692000000000e+09
4.151050434147746273e+03 4.112966744000000000e+09
3.943977963936355081e+03 8.113449800000000000e+07
4.130255980583167002e+03 1.112976550000000000e+08
3.753573174766323518e+03 1.189244410000000000e+09
3.965620919195629995e+03 4.897907680000000000e+08
4.121426876008285035e+03 3.530307599000000000e+09
3.849150850387335140e+03 3.310538910000000000e+08
3.851177284819187662e+03 1.578363075000000000e+09
3.594172947641746305e+03 1.640558149000000000e+09
4.005701783138860264e+03 1.638596063000000000e+09
3.659130903300677801e+03 4.131014888000000000e+09
3.808008094987554614e+03 1.959791907000000000e+09
3.942040569104303813e+03 1.612936702000000000e+09
3.963917154875400229e+03 2.354724817000000000e+09
3.567007030499021766e+03 3.282550132000000000e+09
3.919433954207853276e+03 2.889107346000000000e+09
3.980915128783709861e+03 2.468187266000000000e+09
3.917219398692893719e+03 1.880444524000000000e+09
3.754382956348456446e+03 3.696254790000000000e+08
3.768956880154029932e+03 5.890025220000000000e+08
3.937313686931721804e+03 2.116322929000000000e+09
3.503885502480001833e+03 3.944281369000000000e+09
3.850808864564822215e+03 2.804888221000000000e+09
3.837863410842537178e+03 3.339573443000000000e+09
3.651411972619394874e+03 2.347689479000000000e+09
3.991039686265150067e+03 1.211577435000000000e+09
3.534904706029969020e+03 3.201170683000000000e+09
3.769420487021598547e+03 2.166986129000000000e+09
3.771917620767745575e+03 3.104273439000000000e+09
3.762714698409338325e+03 9.294455230000000000e+08
4.062180744859801962e+03 3.159086386000000000e+09
3.645404498043517378e+03 1.718014370000000000e+09
3.886488679854054681e+03 2.486620780000000000e+08
3.699932695340010923e+03 1.909050037000000000e+09
3.929481830117205391e+03 2.130333956000000000e+09
3.658779386090807748e+03 3.389586045000000000e+09
3.736599273372147763e+03 4.036131230000000000e+08
3.811338063629189037e+03 2.108907767000000000e+09
3.829260460433155004e+03 3.751452553000000000e+09
3.880746094014004939e+03 7.978084100000000000e+08
3.981638974471210076e+03 2.780690453000000000e+09
3.588711523036739891e+03 6.917278470000000000e+08
4.064168091152676880e+03 3.067218958000000000e+09
4.035134984368149617e+03 3.740265784000000000e+09
4.017363439038556407e+03 6.349136030000000000e+08
4.217207733257406289e+03 2.915281631000000000e+09
3.593607957988867383e+03 1.351907035000000000e+09
3.659030665679566027e+03 6.764105910000000000e+08
3.762123365162859955e+03 3.103052460000000000e+09
3.674221958036098385e+03 1.179834658000000000e+09
3.731239614411832463e+03 2.782298290000000000e+08
3.670867961700913838e+03 3.176550799000000000e+09
3.807701825048962746e+03 1.607326058000000000e+09
3.861281396820118971e+03 3.277313460000000000e+09
4.043029146384519208e+03 3.819861351000000000e+09
3.573781834978924508e+03 1.814321261000000000e+09
3.802860378359357128e+03 2.435042607000000000e+09
3.913598323149864427e+03 3.539266754000000000e+09
3.846334761938004704e+03 3.194961527000000000e+09
3.672735444445057510e+03 3.736145309000000000e+09
3.713935418018297241e+03 2.239888599000000000e+09
4.008302376405621089e+03 3.074277368000000000e+09
3.813392467835767093e+03 1.023819053000000000e+09
3.964900971109523653e+03 2.602572722000000000e+09
3.533660848227036695e+03 3.773642177000000000e+09
3.603612912445222264e+03 2.231979701000000000e+09
4.117112982585216741e+03 2.995000082000000000e+09
3.569573920816452301e+03 4.961554630000000000e+08
4.099227127872800338e+03 2.954920670000000000e+09
3.723512771262900969e+03 1.572946734000000000e+09
3.773471175483295156e+03 2.334460008000000000e+09
4.017217445059421607e+03 3.827070699000000000e+09
3.914810156323972024e+03 7.925325320000000000e+08
4.053230332788245505e+03 2.511868151000000000e+09
3.941606783005340731e+03 3.193631893000000000e+09
3.579146663445107606e+03 2.256820639000000000e+09
4.265144008728571862e+03 3.379134751000000000e+09
3.762260430457308757e+03 8.745653050000000000e+08
3.644608297512918853e+03 3.744451442000000000e+09
3.880884323683398634e+03 2.318478546000000000e+09
3.812554021904828460e+03 3.997935300000000000e+09
3.690183149840853275e+03 4.072992075000000000e+09
3.775860634254238903e+03 4.149085151000000000e+09
3.789226565067050160e+03 2.314657669000000000e+09
3.680037792387671743e+03 2.347187794000000000e+09
3.670620486664958207e+03 3.377386668000000000e+09
3.825678517288028161e+03 4.191080959000000000e+09
3.870726101934470535e+03 2.512733135000000000e+09
3.899917642051698294e+03 2.511799141000000000e+09
3.690965171573339376e+03 3.142998225000000000e+09
3.868048917675538632e+03 2.848456540000000000e+08
3.816810205389469957e+03 1.281760232000000000e+09
3.744698449825575153e+03 7.824386760000000000e+08
3.784961060311290112e+03 2.803125480000000000e+09
3.866596165001442387e+03 2.054447307000000000e+09
3.949467527698557205e+03 1.839329769000000000e+09
3.456272391106557734e+03 1.950866038000000000e+09
3.852851673026907974e+03 3.014270719000000000e+09
3.605923330846116642e+03 3.356578376000000000e+09
3.822060369792828169e+03 4.111482550000000000e+09
3.905614194674200007e+03 3.075063004000000000e+09
4.005291469436006537e+03 3.167789380000000000e+08
3.833061755258661378e+03 3.762217133000000000e+09
3.757403574604006735e+03 1.980425326000000000e+09
3.935320123932144725e+03 2.914221972000000000e+09
3.997257634657118615e+03 2.515343358000000000e+09
3.789537300332261566e+03 8.205554220000000000e+08
3.952940620304090316e+03 1.128122452000000000e+09
3.729966352562568773e+03 1.798374868000000000e+09
3.727318201665358174e+03 1.032499538000000000e+09
3.938672835986831160e+03 3.185732562000000000e+09
3.880048415178333471e+03 8.838788330000000000e+08
4.018151622633911302e+03 1.812783607000000000e+09
3.729651589118288939e+03 2.106077150000000000e+08
3.747174315507086249e+03 2.459851952000000000e+09
3.633830390962558340e+03 1.541868209000000000e+09
3.693044459667136380e+03 1.021463343000000000e+09
3.651979302805985753e+03 1.402304568000000000e+09
3.954196866531640353e+03 4.113323172000000000e+09
3.872615610863154416e+03 3.603423177000000000e+09
3.934305850855563222e+03 2.765285676000000000e+09
3.800312762843185283e+03 1.526135810000000000e+08
3.697541250785919601e+03 2.994051610000000000e+09
3.786501630423908409e+03 3.434987903000000000e+09
3.832597869253534100e+03 2.166317848000000000e+09
4.080698352098532723e+03 1.845115064000000000e+09
4.001722690895469896e+03 1.692457390000000000e+08
3.885028208137625825e+03 1.649743380000000000e+08
4.108863649361552234e+03 2.970110276000000000e+09
3.663652830776073642e+03 1.734068623000000000e+09
3.927367082910852332e+03 3.515461632000000000e+09
3.967649116337212035e+03 9.790899040000000000e+08
3.627202685552489584e+03 2.123132668000000000e+09
3.933276874557664996e+03 4.704459660000000000e+08
3.805703856458478640e+03 2.829834653000000000e+09
4.015829669397855469e+03 4.141750464000000000e+09
3.623854195989720210e+03 2.496853200000000000e+08
3.532400295424173692e+03 5.630634800000000000e+07
4.077626070974838512e+03 4.111673318000000000e+09
3.467394198476070414e+03 3.005197407000000000e+09
3.943675131304914885e+03 1.101870586000000000e+09
3.814606078706348853e+03 4.339542490000000000e+08
4.047083415052772580e+03 2.044997155000000000e+09
3.782131926230545560e+03 2.227371135000000000e+09
3.669872503355515619e+03 3.328571683000000000e+09
3.837235182319771411e+03 2.304938365000000000e+09
3.782760132241312476e+03 2.236868375000000000e+09
3.391994757657661467e+03 1.751988793000000000e+09
3.779946224864190299e+03 1.385596782000000000e+09
3.634306763877328649e+03 3.264310740000000000e+09
3.933281112220694013e+03 3.186509961000000000e+09
3.873502952692300369e+03 4.475281580000000000e+08
4.123417679540350946e+03 3.148787533000000000e+09
3.609123114224633355e+03 1.316489180000000000e+08
3.961762267047844944e+03 6.853325400000000000e+07
3.796722078597304062e+03 2.140964176000000000e+09
3.896445193808368003e+03 2.334058384000000000e+09
3.713845958558670191e+03 4.256817452000000000e+09
3.865896148314823222e+03 4.208642750000000000e+08
3.551514940032785944e+03 3.545076326000000000e+09
3.934604675405693342e+03 2.167062994000000000e+09
3.850113901851840637e+03 5.780184400000000000e+08
3.605159737653824322e+03 1.569230602000000000e+09
3.722286861288663658e+03 1.044590840000000000e+08
3.837082599657015635e+03 2.158817594000000000e+09
4.030100498139116553e+03 2.879723700000000000e+09
3.632362195035504556e+03 1.876095409000000000e+09
3.622926671838037237e+03 3.701521837000000000e+09
3.671912987192823948e+03 4.541016170000000000e+08
4.173700737560504422e+03 3.166998057000000000e+09
3.665197641695237053e+03 4.967176730000000000e+08
3.640571368286754023e+03 2.668357260000000000e+09
3.452325190942140125e+03 4.423657000000000000e+06
4.131931886271606345e+03 3.721442014000000000e+09
3.836036424990066735e+03 2.989528682000000000e+09
3.608441729567053699e+03 9.346586950000000000e+08
3.843789701384220734e+03 3.536410752000000000e+09
3.978248003460053951e+03 1.199288944000000000e+09
3.819924690502323301e+03 2.172680025000000000e+09
4.001548629597293257e+03 5.517504560000000000e+08
3.679081718713668124e+03 4.073104918000000000e+09
3.668597726258030434e+03 2.509208469000000000e+09
3.837076234355122779e+03 2.149606876000000000e+09
3.846567251440410018e+03 1.055056896000000000e+09
3.767175340502132258e+03 6.857594110000000000e+08
3.803317420002862036e+03 2.475687054000000000e+09
3.622416720661956788e+03 3.667159614000000000e+09
3.754893593091611820e+03 2.234480905000000000e+09
3.953162405165781365e+03 3.875960741000000000e+09
3.588049230211999202e+03 4.215937401000000000e+09
3.663595852722157360e+03 1.520677580000000000e+09
3.949262147250723046e+03 1.813025651000000000e+09
3.808341891045705324e+03 4.840752100000000000e+08
3.899079339917539073e+03 4.245501070000000000e+08
3.479015814697727365e+03 4.147970650000000000e+08
3.904686135153968735e+03 3.228643584000000000e+09
3.709478306587084717e+03 4.209563266000000000e+09
3.712354905048659475e+03 1.794511865000000000e+09
3.742032654429365721e+03 1.966442026000000000e+09
3.773323406164420703e+03 1.784150481000000000e+09
3.607767514403052246e+03 1.189738348000000000e+09
3.593977071095176143e+03 9.833003760000000000e+08
3.698693143353965752e+03 8.845108760000000000e+08
3.931562786492985651e+03 3.290951693000000000e+09
3.611691552782081544e+03 2.610521522000000000e+09
3.869392696957970657e+03 1.952520688000000000e+09
3.541597068694903555e+03 2.695261015000000000e+09
3.986545945578317969e+03 3.664966428000000000e+09
3.970096495375318682e+03 4.220893173000000000e+09
3.769192911263899077e+03 3.687959808000000000e+09
3.758329407873617129e+03 2.746971498000000000e+09
3.839088001800470010e+03 2.881333804000000000e+09
3.904199448742839195e+03 3.998865104000000000e+09
4.232640454129941645e+03 2.919469805000000000e+09
3.862960475330248755e+03 6.109216230000000000e+08
3.961585863544450604e+03 3.429246437000000000e+09
3.771840814388519448e+03 1.728473977000000000e+09
3.978820783622520139e+03 2.044754600000000000e+08
3.599773965891121861e+03 3.950766260000000000e+08
4.054272713666771779e+03 1.518417642000000000e+09
3.873240274647426759e+03 2.976826500000000000e+08
3.720733574234828666e+03 3.321905669000000000e+09
3.763714667145084150e+03 3.134036996000000000e+09
3.825978030687401770e+03 2.364565985000000000e+09
3.878754697487513567e+03 2.292745845000000000e+09
3.647175278245549180e+03 2.688942055000000000e+09
3.680175485052945533e+03 1.230533163000000000e+09
3.440669053483497919e+03 1.438697998000000000e+09
3.870194135002275289e+03 3.637619451000000000e+09
3.743712959147606398e+03 1.779618874000000000e+09
3.936666562388096736e+03 3.258445959000000000e+09
3.813042784200476490e+03 2.628007613000000000e+09
