# Lens_likelihood 	 seed
5.712494913101043494e+03 3.479880431000000000e+09
5.674399739507198319e+03 1.584572281000000000e+09
5.724263006828314246e+03 7.636529690000000000e+08
5.722253785901609263e+03 4.036815926000000000e+09
5.717032003072858060e+03 5.511945810000000000e+08
5.712095829532790958e+03 3.880076317000000000e+09
5.691737943088288375e+03 1.420801865000000000e+09
5.706245249747988055e+03 2.880330013000000000e+09
5.646900042917957762e+03 2.558997050000000000e+09
5.728350805197362206e+03 3.886065894000000000e+09
5.711440556696839849e+03 3.604994670000000000e+08
5.669323223626579420e+03 2.563974114000000000e+09
5.687459207714661716e+03 2.873851908000000000e+09
5.690117316162382849e+03 1.690617040000000000e+09
5.640133583957506744e+03 1.217707211000000000e+09
5.716223273431766756e+03 2.551521650000000000e+08
5.675321747696591046e+03 2.235036161000000000e+09
5.710179589124632002e+03 3.601747225000000000e+09
5.672259396572702826e+03 9.870718710000000000e+08
5.672334853928624398e+03 6.492658530000000000e+08
5.672466570415977003e+03 2.594336740000000000e+08
5.689652715081464521e+03 3.707590403000000000e+09
5.703347632050707944e+03 7.813361070000000000e+08
5.692029387313132247e+03 4.153428919000000000e+09
5.720554045041466452e+03 4.033484631000000000e+09
5.694972061631035103e+03 2.964274351000000000e+09
5.697681399595357107e+03 2.030520019000000000e+09
5.681076623657794698e+03 7.898678160000000000e+08
5.685226401066152903e+03 4.313354780000000000e+08
5.697481382673652661e+03 3.239736481000000000e+09
5.673131155152021165e+03 1.340343687000000000e+09
5.694316667897113803e+03 5.627498110000000000e+08
5.679393676784703530e+03 1.679095468000000000e+09
5.697491924303578344e+03 4.142466898000000000e+09
5.698457092475825448e+03 2.452718239000000000e+09
5.692699012961290464e+03 2.067793550000000000e+09
5.646917629615016267e+03 4.036837092000000000e+09
5.665889577948209990e+03 3.975177180000000000e+08
5.665689496634562602e+03 1.616758817000000000e+09
5.653003492685224955e+03 1.160166457000000000e+09
5.659512590152405210e+03 7.774063890000000000e+08
5.683500923350201447e+03 3.922047578000000000e+09
5.741249577892604066e+03 1.633426877000000000e+09
5.719752121945333784e+03 2.026908879000000000e+09
5.669465278263065557e+03 1.464828032000000000e+09
5.685233707473041250e+03 1.209057361000000000e+09
5.689606240689281549e+03 3.350632334000000000e+09
5.718379798744363143e+03 1.158628467000000000e+09
5.634966496795503190e+03 3.773548874000000000e+09
5.648006930902333806e+03 3.705989055000000000e+09
5.689101282232670201e+03 1.522740856000000000e+09
5.692058009568771922e+03 3.292474097000000000e+09
5.713063533549575368e+03 2.867789890000000000e+09
5.705227995615051441e+03 3.725395783000000000e+09
5.726480261094752677e+03 2.187944773000000000e+09
5.670961913443368758e+03 1.147920750000000000e+08
5.672959492342390149e+03 2.593807100000000000e+08
5.713822013153202533e+03 1.841107249000000000e+09
5.685448989900734887e+03 2.500286512000000000e+09
5.709145674285243331e+03 4.069608233000000000e+09
5.641726648506282800e+03 2.280858340000000000e+09
5.639433966006531591e+03 1.400450220000000000e+09
5.684683912104737828e+03 3.185766291000000000e+09
5.670697390403273857e+03 3.654423412000000000e+09
5.659933604151700820e+03 1.989145530000000000e+09
5.723238942097861582e+03 4.849220150000000000e+08
5.733538465980585897e+03 3.697016502000000000e+09
5.649666599466146181e+03 3.377327123000000000e+09
5.706314668166553020e+03 3.195718194000000000e+09
5.647113467547929758e+03 2.912562132000000000e+09
5.671625848182157824e+03 2.910076696000000000e+09
5.695003624095311352e+03 3.120404346000000000e+09
5.670447387878450172e+03 2.176066775000000000e+09
5.714597290796828020e+03 2.433936296000000000e+09
5.658623294690316470e+03 4.060640789000000000e+09
5.712030403123744691e+03 1.397477875000000000e+09
5.699173054749142466e+03 3.489906874000000000e+09
5.669165682317519895e+03 3.642756438000000000e+09
5.714849494260399297e+03 5.748505930000000000e+08
5.669826004215551620e+03 3.596114411000000000e+09
5.700530764708909373e+03 1.395641507000000000e+09
5.644625957678330451e+03 5.633630930000000000e+08
5.667044006759265358e+03 4.788521110000000000e+08
5.684319459667213778e+03 8.148231270000000000e+08
5.693411768894117813e+03 3.856078023000000000e+09
5.703013748983548794e+03 3.016707055000000000e+09
5.695868517570250333e+03 3.769692917000000000e+09
5.714787039291924884e+03 3.664311284000000000e+09
5.680019133443086503e+03 4.254549317000000000e+09
5.657584729182942283e+03 7.146002190000000000e+08
5.675051102017810990e+03 3.828895010000000000e+08
5.701665691709920793e+03 1.333426380000000000e+09
5.716764937899100005e+03 2.057344470000000000e+08
5.714690560284165258e+03 2.969544081000000000e+09
5.684075590806221953e+03 2.722506168000000000e+09
5.670541246751968174e+03 2.012238210000000000e+09
5.670104805491328079e+03 2.515223420000000000e+08
5.716082243656085666e+03 1.774328405000000000e+09
5.705644537241350008e+03 2.745159252000000000e+09
5.671316486694025116e+03 2.627778863000000000e+09
5.661203502948123969e+03 3.836413720000000000e+09
5.634422990322513215e+03 4.634965120000000000e+08
5.708015182863249720e+03 2.054270463000000000e+09
5.646047635543369324e+03 2.454210070000000000e+08
5.672406029768771987e+03 3.260247071000000000e+09
5.676596715002291603e+03 4.313211660000000000e+08
5.696703975384589285e+03 1.260872618000000000e+09
5.705194302560908909e+03 1.052739679000000000e+09
5.738509418336953786e+03 3.059062362000000000e+09
5.693192840756371879e+03 2.370453370000000000e+09
5.716750074555271567e+03 2.863421030000000000e+09
5.652749561020223155e+03 3.039368125000000000e+09
5.701059055229128717e+03 3.417433144000000000e+09
5.643179444942728878e+03 1.117010445000000000e+09
5.696529829886078005e+03 1.987355891000000000e+09
5.707645334269304840e+03 1.383858114000000000e+09
5.682123907024342770e+03 1.085550059000000000e+09
5.699367561647366529e+03 4.262206848000000000e+09
5.685973579224157220e+03 3.561890209000000000e+09
5.659388823605286234e+03 2.815962582000000000e+09
5.715351435004178711e+03 4.159759080000000000e+08
5.722030574194473047e+03 3.276055952000000000e+09
5.644336385131071438e+03 1.617735749000000000e+09
5.648388790222245916e+03 1.051680180000000000e+09
5.677092775949812676e+03 5.882740890000000000e+08
5.645956136119455550e+03 3.253327006000000000e+09
5.655047284861159824e+03 3.860750016000000000e+09
5.708308267746560887e+03 7.015169430000000000e+08
5.667989309438455166e+03 3.785310148000000000e+09
5.664491234936675937e+03 3.169392460000000000e+09
5.641584402881957431e+03 3.304522041000000000e+09
5.723615249357349967e+03 1.694031612000000000e+09
5.733015266791291651e+03 4.029184510000000000e+09
5.627764100821578722e+03 3.403057361000000000e+09
5.642789389178995407e+03 3.281276333000000000e+09
5.676639722273432199e+03 6.462921000000000000e+07
5.698728690244514837e+03 2.769550176000000000e+09
5.654610437190733137e+03 1.648109917000000000e+09
5.664092335752547115e+03 1.857999987000000000e+09
5.697712359315434696e+03 8.479339460000000000e+08
5.672024178181733078e+03 3.708030170000000000e+08
5.699195065430819341e+03 6.228012760000000000e+08
5.691131714327204463e+03 2.681692490000000000e+08
5.639787686021635636e+03 1.979939335000000000e+09
5.703961015659338955e+03 2.716602834000000000e+09
5.712826768758772232e+03 4.438300450000000000e+08
5.719130435520790343e+03 3.252351475000000000e+09
5.715844975607386004e+03 1.028753920000000000e+08
5.695880304369828082e+03 2.534326045000000000e+09
5.684960813342410802e+03 3.620987550000000000e+08
5.716864009183815142e+03 2.145844477000000000e+09
5.679173932123228042e+03 9.519557660000000000e+08
5.682183191522492052e+03 1.033665048000000000e+09
5.673846487516646448e+03 6.207609490000000000e+08
5.719760629070810865e+03 6.261197530000000000e+08
5.685169262390601943e+03 2.102261594000000000e+09
5.646219381970889117e+03 4.108447769000000000e+09
5.686239783419336163e+03 2.459518118000000000e+09
5.691738475634476345e+03 1.225715991000000000e+09
5.674025919592589162e+03 2.583541130000000000e+09
5.640089247665075163e+03 3.852636640000000000e+09
5.659358196422716901e+03 1.017359744000000000e+09
5.658539211844714373e+03 2.809812983000000000e+09
5.670478996214911604e+03 6.634721940000000000e+08
5.686471035453319018e+03 1.430583392000000000e+09
5.691084442832599962e+03 3.123032248000000000e+09
5.706524482358716341e+03 4.155771823000000000e+09
5.688914408333253959e+03 4.729580950000000000e+08
5.702365267863247936e+03 1.481664014000000000e+09
5.673948847516383466e+03 3.135025567000000000e+09
5.679627688176888114e+03 2.792478700000000000e+07
5.709985580670490890e+03 2.252186030000000000e+08
5.705892915272948812e+03 3.689785480000000000e+08
5.716250118765709885e+03 5.763719840000000000e+08
5.702648990209232579e+03 3.971330144000000000e+09
5.710847662205667802e+03 2.513610066000000000e+09
5.669473179898894159e+03 2.683217086000000000e+09
5.696462526658002389e+03 2.176202830000000000e+09
5.658064940332792503e+03 3.328383630000000000e+09
5.690585594196603779e+03 1.255633610000000000e+09
5.668007111502824046e+03 2.746300666000000000e+09
5.688884542540670736e+03 4.028172484000000000e+09
5.734936294434821320e+03 1.053679176000000000e+09
5.674709871624783773e+03 1.859279160000000000e+09
5.640104504866832940e+03 2.215574152000000000e+09
5.651787711049491918e+03 4.244499026000000000e+09
5.697492328148001434e+03 3.134752140000000000e+08
5.628454662410598758e+03 4.140562583000000000e+09
5.697054128302349454e+03 4.176796198000000000e+09
5.634014696168055707e+03 3.915781094000000000e+09
5.673933749874395289e+03 8.828487390000000000e+08
5.639296243600309026e+03 3.917050887000000000e+09
5.659628090246746069e+03 1.608078080000000000e+08
5.698250594513488068e+03 2.180678428000000000e+09
5.714188291235763245e+03 3.408134958000000000e+09
5.704618567185419124e+03 7.192341000000000000e+08
5.666523144652024712e+03 3.553311723000000000e+09
5.687090192149769791e+03 2.197671101000000000e+09
5.711447219974990730e+03 3.135156526000000000e+09
5.661006416904794605e+03 3.237470612000000000e+09
5.715340625072070907e+03 2.258625024000000000e+09
5.686655501179712701e+03 2.499912658000000000e+09
5.687220594325721322e+03 3.777872795000000000e+09
5.666896957730734357e+03 4.863759710000000000e+08
5.656534646321269975e+03 2.203278459000000000e+09
5.652657314881110324e+03 8.328268340000000000e+08
5.710847582874814179e+03 2.527314615000000000e+09
5.650918208789733399e+03 4.023648981000000000e+09
5.661409347445356616e+03 3.492708618000000000e+09
5.715385065085734823e+03 1.195379123000000000e+09
5.716587921885365176e+03 2.404870295000000000e+09
5.660576415979249759e+03 3.226689964000000000e+09
5.672012260487055755e+03 1.575422990000000000e+09
5.737747169739192941e+03 6.813706170000000000e+08
5.687485452978809917e+03 1.773919940000000000e+09
5.700463143602986747e+03 2.830988024000000000e+09
5.685831808598361931e+03 3.726709744000000000e+09
5.695577898105264467e+03 2.520285832000000000e+09
5.678110072116329320e+03 3.993543410000000000e+08
5.679056512943216148e+03 1.806951948000000000e+09
5.718350162426971110e+03 3.094240113000000000e+09
5.687833701705019848e+03 3.548022218000000000e+09
5.721349054707976393e+03 9.791850180000000000e+08
5.707965562760091416e+03 2.535836749000000000e+09
5.715007891412920799e+03 2.404232250000000000e+09
5.684967179900726478e+03 4.229590755000000000e+09
5.709619563725844273e+03 3.946177870000000000e+09
5.696016163673631127e+03 1.383776802000000000e+09
5.708243531738587990e+03 3.109431179000000000e+09
5.696909332646866460e+03 1.387493111000000000e+09
5.634789645541430218e+03 3.685491635000000000e+09
5.660872313924173795e+03 1.695528469000000000e+09
5.712487678244444396e+03 3.978935980000000000e+09
5.700970674590475937e+03 1.815428303000000000e+09
5.708715846870494715e+03 2.872644463000000000e+09
5.684929920776566178e+03 6.801596840000000000e+08
5.700808783025041521e+03 2.383654319000000000e+09
5.726837889160407030e+03 1.422708240000000000e+08
5.709747359519748898e+03 1.616201588000000000e+09
5.708045058430267090e+03 1.602180117000000000e+09
5.680850077789295028e+03 5.331944770000000000e+08
5.644389731465638761e+03 2.644901552000000000e+09
5.697237645055998655e+03 3.425586680000000000e+08
5.720548730221407823e+03 1.407622579000000000e+09
5.673011553379002180e+03 1.811478638000000000e+09
5.686865685614980976e+03 3.775896565000000000e+09
5.677260037625045697e+03 8.365112600000000000e+08
5.696453096602207552e+03 1.582869771000000000e+09
5.668333806772180651e+03 1.106444460000000000e+08
5.712213700617647191e+03 2.752081258000000000e+09
5.675752848705535143e+03 2.019762993000000000e+09
5.698666797383903940e+03 2.445612395000000000e+09
5.686252154775085728e+03 5.296874720000000000e+08
5.695590804759606726e+03 2.237472829000000000e+09
5.656609877760975905e+03 1.665003410000000000e+08
5.650338877123948805e+03 3.003240394000000000e+09
5.720514581034910407e+03 1.345154328000000000e+09
5.679674994803900518e+03 2.838165382000000000e+09
5.710469226839467410e+03 3.692919210000000000e+09
5.706129592956458509e+03 1.183222593000000000e+09
5.641825111408224075e+03 7.921053560000000000e+08
5.656541166056667862e+03 3.399152632000000000e+09
5.711249682643870983e+03 1.008444979000000000e+09
5.713134055014235855e+03 1.257796680000000000e+08
5.669039034624389387e+03 1.764367529000000000e+09
5.697185361042379554e+03 3.132157669000000000e+09
5.692508449345168628e+03 1.095081638000000000e+09
5.671938961118977204e+03 5.388460340000000000e+08
5.678747254361836895e+03 2.837153712000000000e+09
5.700543390966882725e+03 2.803293315000000000e+09
5.717386541321094228e+03 2.786361065000000000e+09
5.680818684666452100e+03 4.027915670000000000e+08
5.729481666602076075e+03 3.692220467000000000e+09
5.675890751855302369e+03 2.606531012000000000e+09
5.703057856059191181e+03 1.956049581000000000e+09
5.699543519515667867e+03 2.030637414000000000e+09
5.660276088781815815e+03 1.914393482000000000e+09
5.671798410741522275e+03 2.275438087000000000e+09
5.703670585453612148e+03 1.092134887000000000e+09
5.711449308906779152e+03 2.155438517000000000e+09
5.687073685456763087e+03 4.196517347000000000e+09
5.696283020398965164e+03 3.137020897000000000e+09
5.696845556741342079e+03 1.326852568000000000e+09
5.650755955610862657e+03 3.164331850000000000e+09
5.705974124684948038e+03 3.454603888000000000e+09
5.704049484312881759e+03 2.874602507000000000e+09
5.720366314750344827e+03 3.123002796000000000e+09
5.684470606055650023e+03 3.978253813000000000e+09
5.680680749431010554e+03 1.993336370000000000e+09
5.714546531519057680e+03 3.586312299000000000e+09
5.651983977947894346e+03 8.744530710000000000e+08
5.687372847038077452e+03 1.352440629000000000e+09
5.709693966629481110e+03 1.318145933000000000e+09
5.681411466289887358e+03 3.701622941000000000e+09
5.661561975034908755e+03 2.971674398000000000e+09
5.729788901016875570e+03 3.208571084000000000e+09
5.708273564749355501e+03 3.806002022000000000e+09
5.662591822354485885e+03 6.265918540000000000e+08
5.677890066600822138e+03 1.510526206000000000e+09
5.659750150510927597e+03 4.132938820000000000e+08
5.651126140816495536e+03 4.031593528000000000e+09
5.702785723823085391e+03 3.251669823000000000e+09
5.676099375352693642e+03 9.989969240000000000e+08
5.685157226343963885e+03 3.540172192000000000e+09
5.664160834837082803e+03 1.412227323000000000e+09
5.709045570107660751e+03 7.434157000000000000e+06
5.646072031931271340e+03 1.532748236000000000e+09
5.680380283143376801e+03 1.278836812000000000e+09
5.705322142203693147e+03 8.656785760000000000e+08
5.696223329160256981e+03 1.130932693000000000e+09
5.716559830200351826e+03 3.100558600000000000e+07
5.655656341850824901e+03 3.874775235000000000e+09
5.664488908685390925e+03 2.248866038000000000e+09
5.720554947179016381e+03 3.231042279000000000e+09
5.723741244914290291e+03 3.084318319000000000e+09
5.699328910387141150e+03 3.674898280000000000e+09
5.675001169903624032e+03 1.788140713000000000e+09
5.638570316731764251e+03 1.872580302000000000e+09
5.663260771705419756e+03 2.511261430000000000e+09
5.714021577227548732e+03 5.715856200000000000e+07
5.664821484464944660e+03 1.668613942000000000e+09
5.657323229585665104e+03 8.662196680000000000e+08
5.664988822716397408e+03 3.677770783000000000e+09
5.711119514329453523e+03 5.501311820000000000e+08
5.682006143882345896e+03 2.882322448000000000e+09
5.682728588702419984e+03 2.009629024000000000e+09
5.716235487864976676e+03 6.271523540000000000e+08
5.679527262316780252e+03 1.947414145000000000e+09
5.680703605772025185e+03 2.293918798000000000e+09
5.688067639928417520e+03 6.100698800000000000e+07
5.727051987865484989e+03 2.362381368000000000e+09
5.705845069301148214e+03 2.509451310000000000e+08
5.708047655259995736e+03 3.705837527000000000e+09
5.686404275197362949e+03 2.715242064000000000e+09
5.710577693728603663e+03 1.130461156000000000e+09
5.689117120329684440e+03 3.277678385000000000e+09
5.702262570260405482e+03 2.073363892000000000e+09
5.706454014107492185e+03 1.637735779000000000e+09
5.731890000083926680e+03 3.309670725000000000e+09
5.673988326678767407e+03 2.257609828000000000e+09
5.668266719034767448e+03 4.663321530000000000e+08
5.669647397834532057e+03 3.835259920000000000e+09
5.684699971211341108e+03 1.188006337000000000e+09
5.696284916076986519e+03 3.405474233000000000e+09
5.709531634737607419e+03 1.027440554000000000e+09
5.664084945018774306e+03 3.328162862000000000e+09
5.674361907093509217e+03 1.961304800000000000e+08
5.652505033703482695e+03 3.746966414000000000e+09
5.715125975364163423e+03 2.918349577000000000e+09
5.659219724931594101e+03 2.568658887000000000e+09
