# Lens_likelihood 	 seed
2.143798391282553894e+03 2.210941412000000000e+09
2.479260630806198606e+03 5.764055810000000000e+08
2.476744031140890911e+03 3.517115556000000000e+09
2.585998944543441212e+03 3.050070761000000000e+09
2.335732136804011134e+03 2.231687878000000000e+09
2.502550102032657378e+03 2.610649695000000000e+09
2.162368540909518742e+03 2.288723256000000000e+09
2.302998547523008710e+03 1.051260660000000000e+09
2.324282781128506031e+03 3.609967898000000000e+09
2.465628052678002859e+03 3.034680258000000000e+09
2.179637679294720328e+03 4.120108352000000000e+09
2.581696817986914539e+03 2.023485448000000000e+09
2.543355506766714825e+03 3.840132792000000000e+09
2.861340655119273833e+03 4.466087780000000000e+08
1.982901715533022070e+03 5.297309240000000000e+08
2.592040657861040927e+03 2.643250140000000000e+09
2.172155828123865831e+03 4.026418140000000000e+09
1.953619355255807022e+03 2.523551521000000000e+09
2.336068890468682184e+03 1.723538209000000000e+09
2.309701294410961054e+03 2.152645625000000000e+09
2.149382446989785421e+03 9.336165220000000000e+08
2.557756271649562223e+03 2.511655140000000000e+09
1.983568478841019896e+03 4.906673450000000000e+08
1.936439152211077271e+03 1.619997943000000000e+09
2.330684990756065417e+03 2.672551390000000000e+09
2.067349773519996234e+03 4.240357050000000000e+08
2.786373739324400049e+03 1.608550311000000000e+09
2.411219991822293196e+03 2.940054840000000000e+09
2.176734945916153265e+03 2.404698412000000000e+09
2.215934565802223005e+03 1.802537559000000000e+09
2.344611163274797946e+03 1.743903322000000000e+09
2.447718813023375333e+03 1.567884514000000000e+09
2.507911845370274023e+03 1.293097116000000000e+09
2.168050413434179063e+03 2.887675677000000000e+09
2.214322670713513617e+03 1.381773013000000000e+09
2.084520159087871434e+03 2.384633647000000000e+09
2.210537832912901649e+03 2.089339980000000000e+09
2.040767883199513562e+03 2.324796543000000000e+09
2.377145091074949960e+03 1.269737687000000000e+09
2.065494082039770547e+03 2.442682247000000000e+09
2.471270214298130668e+03 2.184705419000000000e+09
2.464863315907150536e+03 1.372376037000000000e+09
2.371837957453822128e+03 1.461742096000000000e+09
2.470340922019303434e+03 2.115745185000000000e+09
2.069484632962343312e+03 2.428200284000000000e+09
2.253749715986285992e+03 4.426974430000000000e+08
2.197841460792054932e+03 2.861659490000000000e+08
2.150901502735660870e+03 1.902131173000000000e+09
1.855937817573674693e+03 7.898142630000000000e+08
2.387502658151211108e+03 5.673124810000000000e+08
2.185519984642854070e+03 8.594990300000000000e+07
2.404147282872787400e+03 3.115326135000000000e+09
2.146775833860208877e+03 2.449509284000000000e+09
2.088823537058733564e+03 6.277368980000000000e+08
1.984104198322814227e+03 2.295230441000000000e+09
2.308008916173544094e+03 3.106135750000000000e+09
2.150026169375834797e+03 1.696706124000000000e+09
2.000128215878490664e+03 3.152053273000000000e+09
2.349681261726882440e+03 1.615311659000000000e+09
2.338703470227329490e+03 3.589981897000000000e+09
1.912610289668391488e+03 1.062894395000000000e+09
1.874671390086853535e+03 1.678816000000000000e+08
2.198181576598542051e+03 1.374042823000000000e+09
2.057963935738815053e+03 1.309992420000000000e+08
2.248317501525812077e+03 1.022556921000000000e+09
2.253746601092273522e+03 1.789041050000000000e+08
2.406434852977184164e+03 3.108220731000000000e+09
2.502638764643354989e+03 1.257213456000000000e+09
2.544121043452720187e+03 4.164815494000000000e+09
2.076053041579669298e+03 4.226244010000000000e+08
2.289733530203576265e+03 9.670283880000000000e+08
2.984893391108898868e+03 4.109651460000000000e+09
2.408159375331778392e+03 1.252312298000000000e+09
2.210311407764837895e+03 1.998491392000000000e+09
1.979983829240004525e+03 1.902795851000000000e+09
2.355808215471060066e+03 1.996272844000000000e+09
2.721998940061316716e+03 1.124240871000000000e+09
2.475856374125582079e+03 2.416822046000000000e+09
2.382526823341668205e+03 4.213736073000000000e+09
2.504611169578570298e+03 1.458705102000000000e+09
2.312206599500407719e+03 4.121135745000000000e+09
2.417823807738177493e+03 2.034694928000000000e+09
2.324514897264431966e+03 3.301525507000000000e+09
2.303872666979582391e+03 1.631072886000000000e+09
2.192111475745963617e+03 3.445923480000000000e+08
2.316368733429892018e+03 1.346287699000000000e+09
2.134283426072400289e+03 3.138831887000000000e+09
2.822628066412723456e+03 3.829044494000000000e+09
2.244081392574910751e+03 1.392976497000000000e+09
2.691059256137115881e+03 1.141351599000000000e+09
2.270869908165235756e+03 9.996347260000000000e+08
2.610972253360198010e+03 1.867254853000000000e+09
2.225038718437295756e+03 1.843154974000000000e+09
2.665361789503852378e+03 7.297479430000000000e+08
2.490952529026745651e+03 1.031213508000000000e+09
2.256304823379293339e+03 2.118437401000000000e+09
1.984054691586734407e+03 2.893512889000000000e+09
2.557586850006580789e+03 1.416116402000000000e+09
2.505973716310851160e+03 3.805239499000000000e+09
2.292907623777732624e+03 2.323699466000000000e+09
1.931915934810554063e+03 1.183185292000000000e+09
1.991533663649231130e+03 8.395308900000000000e+07
2.004029655001778337e+03 3.783595525000000000e+09
2.519383328507414262e+03 2.724333577000000000e+09
2.394465691050027090e+03 2.715596529000000000e+09
2.287404671669294657e+03 1.066085034000000000e+09
2.478398679664277552e+03 1.510806626000000000e+09
2.376024105445000714e+03 2.864942565000000000e+09
2.118668109447349707e+03 1.322010271000000000e+09
1.878139589995924325e+03 3.142646748000000000e+09
2.173713108822059439e+03 1.203435759000000000e+09
2.176844848750417441e+03 7.932877920000000000e+08
2.166526704748953307e+03 8.171577130000000000e+08
2.227313413177614166e+03 4.284283196000000000e+09
2.353627602580913845e+03 2.144043063000000000e+09
2.725746721678490758e+03 1.123689760000000000e+08
2.696191700440754175e+03 3.137734330000000000e+08
2.005203709094756050e+03 1.657195385000000000e+09
2.408889715635297762e+03 4.101854819000000000e+09
2.416313335197438391e+03 2.822608341000000000e+09
2.545133658128815114e+03 4.036663373000000000e+09
2.249611262678964522e+03 2.504517052000000000e+09
2.734413388502450289e+03 1.875593151000000000e+09
2.459139232716543120e+03 3.650123149000000000e+09
2.112559208218081949e+03 2.054243252000000000e+09
2.165768942366331430e+03 3.431422162000000000e+09
2.207357521058340353e+03 2.499994100000000000e+09
2.419980509245465328e+03 2.596668498000000000e+09
2.732221017476977067e+03 1.870178416000000000e+09
2.564398503195565354e+03 1.862543732000000000e+09
2.691137320630147769e+03 2.701152290000000000e+08
2.578769842311932734e+03 2.249671930000000000e+09
2.687226297208773758e+03 4.131545971000000000e+09
2.280447506560994043e+03 9.097508480000000000e+08
2.178038913559495995e+03 1.597939860000000000e+09
2.301203784192622152e+03 3.922646669000000000e+09
1.975689273322280314e+03 1.627065560000000000e+09
2.222205311634654208e+03 1.775341625000000000e+09
2.396772887770170200e+03 1.754843907000000000e+09
2.284737089959665354e+03 1.633848436000000000e+09
2.441073935569084824e+03 2.379482245000000000e+09
2.157772643144955509e+03 3.478960976000000000e+09
2.495946925933768398e+03 1.582108100000000000e+08
2.984248377345941662e+03 8.585989940000000000e+08
1.974564035018330287e+03 3.801387371000000000e+09
2.367161447649095862e+03 2.514571685000000000e+09
2.399885374227193097e+03 3.538230535000000000e+09
2.331484845779689749e+03 3.649509269000000000e+09
2.205460671365249254e+03 4.018917033000000000e+09
2.031768861090784412e+03 8.809915400000000000e+07
2.573971997823134188e+03 2.885492641000000000e+09
2.317874321662359762e+03 2.208465649000000000e+09
2.223441211236311574e+03 2.897611387000000000e+09
2.871250493754625495e+03 1.536249931000000000e+09
2.011306443791853781e+03 1.490411953000000000e+09
2.402477219631716252e+03 1.278716221000000000e+09
2.618657812194030157e+03 9.069341950000000000e+08
2.246190168315194569e+03 3.657988097000000000e+09
2.206258981236076579e+03 1.934690277000000000e+09
2.457582404831487111e+03 1.875339714000000000e+09
2.474876020617406539e+03 4.624039510000000000e+08
2.265870866508788822e+03 1.700452589000000000e+09
2.636803450966750461e+03 2.893012846000000000e+09
2.346282161874661142e+03 1.059504734000000000e+09
2.540514998875994934e+03 3.742973100000000000e+09
2.069531614954164979e+03 4.082268431000000000e+09
2.344285277066577692e+03 3.444181842000000000e+09
2.321382022514201708e+03 1.971178148000000000e+09
2.183722176927636610e+03 3.071089705000000000e+09
2.465246450541596460e+03 2.875327315000000000e+09
2.230030032980365831e+03 1.607097915000000000e+09
2.053916096013960669e+03 2.458139894000000000e+09
2.145779312270706214e+03 3.385618340000000000e+09
2.244506397393603947e+03 3.548718108000000000e+09
2.053730297214288839e+03 1.874431835000000000e+09
2.336946274276095210e+03 8.955276710000000000e+08
1.948490296476054937e+03 3.482312565000000000e+09
2.371583357244547187e+03 1.911555175000000000e+09
2.851662314379972486e+03 6.093457130000000000e+08
2.394601339969589390e+03 2.857110520000000000e+09
2.213855660545719729e+03 7.553894000000000000e+07
2.305945402277103312e+03 5.403838850000000000e+08
2.424717994543192617e+03 1.796770529000000000e+09
2.732104285314088884e+03 3.338310176000000000e+09
2.191323815111889417e+03 2.859547819000000000e+09
2.764198946975641775e+03 3.886081403000000000e+09
2.406882055980750920e+03 6.144141470000000000e+08
2.099092032917647884e+03 1.071503414000000000e+09
2.354967295848518916e+03 2.870162455000000000e+09
2.284011632269804068e+03 2.799099056000000000e+09
2.051542210664085360e+03 1.146390531000000000e+09
2.343457232379939342e+03 2.796786840000000000e+08
2.150995556823109837e+03 9.305528160000000000e+08
2.280077924407790306e+03 2.413867369000000000e+09
2.123182261146695055e+03 3.110453104000000000e+09
2.338853066631615548e+03 3.519705970000000000e+08
2.297020646364026106e+03 1.057877030000000000e+09
2.547976861877307783e+03 8.117531620000000000e+08
2.505268653337408978e+03 8.019453700000000000e+07
1.998584237457963354e+03 3.110487044000000000e+09
2.342560825680531707e+03 2.755302102000000000e+09
2.349168805921954117e+03 2.500356318000000000e+09
2.118112383257365764e+03 4.246049203000000000e+09
2.533225131109584254e+03 7.670724110000000000e+08
2.375664089451790460e+03 3.958555836000000000e+09
2.172876590291779394e+03 2.981470670000000000e+08
2.500713872389097560e+03 2.854168349000000000e+09
2.026280121805380077e+03 4.875737130000000000e+08
2.242442111921754986e+03 2.530177145000000000e+09
2.421314863649037761e+03 2.135007082000000000e+09
1.970819013266110233e+03 7.437775460000000000e+08
2.491035906064766095e+03 1.421738029000000000e+09
2.454697887318181529e+03 4.575299080000000000e+08
2.251439995558332157e+03 4.806585530000000000e+08
2.222806391101878035e+03 1.139184958000000000e+09
2.321742520899196279e+03 2.708302371000000000e+09
2.317878022423805305e+03 6.978609780000000000e+08
2.326807979501243608e+03 2.952804663000000000e+09
2.703893582581502415e+03 8.357307900000000000e+07
2.196829638612480267e+03 2.649782014000000000e+09
2.331996472908695978e+03 4.921935230000000000e+08
2.149137384425896926e+03 1.321678251000000000e+09
2.072166702007677486e+03 1.319387800000000000e+07
2.044833998076458556e+03 1.756337678000000000e+09
2.215748640608698224e+03 2.167805641000000000e+09
1.912061435832290954e+03 2.816480890000000000e+09
2.284716707952699835e+03 4.000961054000000000e+09
2.089257752366609566e+03 2.816646597000000000e+09
2.122741338858863855e+03 1.935331658000000000e+09
2.329385490348186067e+03 3.800864924000000000e+09
2.126999098398366186e+03 4.066410883000000000e+09
2.476421742516236009e+03 3.707482356000000000e+09
2.163666144833072394e+03 4.144031533000000000e+09
2.330520073382799637e+03 1.038580754000000000e+09
1.995915931698683380e+03 8.762454800000000000e+08
2.155900112149607594e+03 5.401950040000000000e+08
2.887771718650209550e+03 2.266918489000000000e+09
2.217118220090871546e+03 3.846759144000000000e+09
2.197304200410844714e+03 2.343879001000000000e+09
2.315551248906699584e+03 2.657503176000000000e+09
2.313511693336510689e+03 9.146635790000000000e+08
2.269942124440857697e+03 3.774060857000000000e+09
2.517624464652077222e+03 2.057093899000000000e+09
2.678748501491346360e+03 3.341980876000000000e+09
2.403020506286007731e+03 1.811536710000000000e+08
2.025165469594820934e+03 3.782259264000000000e+09
2.226805799696714530e+03 1.826011815000000000e+09
2.014037723665262092e+03 1.379799949000000000e+09
2.559850329239984603e+03 3.927689892000000000e+09
2.568497391044143114e+03 1.497471657000000000e+09
2.370285713529289751e+03 4.127304302000000000e+09
2.523121842276140342e+03 2.642311961000000000e+09
2.225115468964102547e+03 3.452079804000000000e+09
2.336950167330343902e+03 8.280496800000000000e+08
2.222186232029815983e+03 1.271650329000000000e+09
2.418145304201113504e+03 4.117401332000000000e+09
2.032107586183096828e+03 7.435330770000000000e+08
2.269512926271323522e+03 4.460239090000000000e+08
2.253471824047858718e+03 2.675051113000000000e+09
2.005480403684510748e+03 2.529985384000000000e+09
2.174932203775513699e+03 3.405020074000000000e+09
2.588850048376610175e+03 3.901393398000000000e+09
2.301211045909473796e+03 3.997292689000000000e+09
2.427171575708720411e+03 3.362643821000000000e+09
2.487160266772518298e+03 2.445155588000000000e+09
2.617238253256110511e+03 3.469470387000000000e+09
2.362004990333351998e+03 1.779606533000000000e+09
2.248143937963936878e+03 7.742538930000000000e+08
2.431360692187413406e+03 2.245630900000000000e+07
2.128474583861498104e+03 2.473289789000000000e+09
2.425219415613174533e+03 4.225035610000000000e+09
2.149222421320340800e+03 1.288740414000000000e+09
2.312753250094432588e+03 2.449494363000000000e+09
2.598783887805855557e+03 1.724541495000000000e+09
2.324592281120033476e+03 4.189973226000000000e+09
1.960455724078658022e+03 3.742535190000000000e+08
2.040217257345445432e+03 1.642647729000000000e+09
2.479871778766689204e+03 2.661200647000000000e+09
2.379485628680808986e+03 5.732795780000000000e+08
2.106772502014533529e+03 2.138583823000000000e+09
2.336438617748423894e+03 7.816511280000000000e+08
2.083080921644021146e+03 4.898979450000000000e+08
2.149500212589350667e+03 3.998751110000000000e+09
2.147722428653075440e+03 2.093689411000000000e+09
2.011688892704883074e+03 3.205845884000000000e+09
2.398511907901062841e+03 2.006538161000000000e+09
2.323467775145816631e+03 2.429020498000000000e+09
2.347562985496018882e+03 1.068591867000000000e+09
2.236311712225521660e+03 3.077170175000000000e+09
2.656321526117229951e+03 1.910623055000000000e+09
2.054108881858284803e+03 2.009156396000000000e+09
2.319120489481322693e+03 4.838431230000000000e+08
2.039265452892353096e+03 2.504334468000000000e+09
2.684712815321045127e+03 2.597028085000000000e+09
2.248016266339243884e+03 4.040898140000000000e+08
2.125325239482876896e+03 3.388689971000000000e+09
2.348763511198645574e+03 8.442594870000000000e+08
2.802615406272627297e+03 5.777080580000000000e+08
2.052904081786289680e+03 4.266268191000000000e+09
1.844947705590955593e+03 1.848857269000000000e+09
2.225640492892232942e+03 1.190356561000000000e+09
2.268704554444813766e+03 2.445633239000000000e+09
2.711519125350208924e+03 3.719074775000000000e+09
2.002402321965795636e+03 3.412670343000000000e+09
1.912352907176216831e+03 2.292468287000000000e+09
2.111481928282264562e+03 5.270932500000000000e+07
1.824881274936259615e+03 2.058144679000000000e+09
2.435154351581384617e+03 2.840490119000000000e+09
2.477499282894667886e+03 1.538401406000000000e+09
2.536080203357233586e+03 1.233472980000000000e+09
2.000453475216500010e+03 3.541879464000000000e+09
2.275198227507161391e+03 1.049030535000000000e+09
2.068740445006426853e+03 3.583712454000000000e+09
1.981651226985638459e+03 2.503885350000000000e+08
2.403626700096568129e+03 1.315117277000000000e+09
2.288035852782461916e+03 2.302870830000000000e+09
2.725103256490786407e+03 2.008795931000000000e+09
2.280709686233744833e+03 1.407483171000000000e+09
2.025028276934120186e+03 1.591795287000000000e+09
2.147046019096191230e+03 2.706415770000000000e+09
2.293660163563184142e+03 1.441804400000000000e+07
2.270758226520675635e+03 1.418509210000000000e+08
2.457810337321508996e+03 3.260831350000000000e+09
2.541590408912214116e+03 3.568703437000000000e+09
2.550385686505688682e+03 1.545227143000000000e+09
1.859476936401958483e+03 2.832109144000000000e+09
2.333919022749953001e+03 1.590803620000000000e+09
2.322934929887643193e+03 4.138091477000000000e+09
2.270112133915539744e+03 2.160306865000000000e+09
2.736151541410098616e+03 3.052758521000000000e+09
2.264324761024500731e+03 2.319362643000000000e+09
2.118999053232836559e+03 4.095841745000000000e+09
2.358952960035414435e+03 2.635723284000000000e+09
2.312745626764703957e+03 4.376562720000000000e+08
2.627685997050130027e+03 1.510913075000000000e+09
2.200246627723117854e+03 2.854715172000000000e+09
2.053412940939041619e+03 2.619535804000000000e+09
2.322429712148006729e+03 3.829639573000000000e+09
2.241857718869057862e+03 1.980013885000000000e+09
2.338488440456817443e+03 1.865055601000000000e+09
2.034158292258933216e+03 1.893608089000000000e+09
2.046443362010293640e+03 9.033873980000000000e+08
2.372660036573118305e+03 4.021377466000000000e+09
1.952149940415483798e+03 1.078525784000000000e+09
2.290674537292737114e+03 4.057175821000000000e+09
1.979193230633433814e+03 3.631618344000000000e+09
2.252873665734601673e+03 2.879020530000000000e+08
2.404160367902039980e+03 2.325506362000000000e+09
2.187378357471093295e+03 8.605072430000000000e+08
2.529363191539316176e+03 3.735696192000000000e+09
