# Lens_likelihood 	 seed
4.573594082419022925e+03 2.003278895000000000e+09
4.437140081159031070e+03 1.722622583000000000e+09
4.441597815281871590e+03 1.639277821000000000e+09
4.619936433552471499e+03 3.214286266000000000e+09
4.686902075078940470e+03 2.170609582000000000e+09
4.607591387081615721e+03 3.323387360000000000e+08
4.308493103600043469e+03 1.509354743000000000e+09
4.654908961247965635e+03 5.857311810000000000e+08
4.392039129263561335e+03 1.047498404000000000e+09
4.438591506922387453e+03 4.093955941000000000e+09
4.504660764261661825e+03 1.336985621000000000e+09
4.585990902264500619e+03 7.398259470000000000e+08
4.584904306789014299e+03 1.265577803000000000e+09
4.474483406667897725e+03 3.083375576000000000e+09
4.514321155141864438e+03 1.005975866000000000e+09
4.547144003405579497e+03 3.141686258000000000e+09
4.520141293579163175e+03 1.773510308000000000e+09
4.494370170813614095e+03 2.755774515000000000e+09
4.410147944207155888e+03 5.110792630000000000e+08
4.809199122744304987e+03 2.819945262000000000e+09
4.627856477622959574e+03 3.079001458000000000e+09
4.430143210870804978e+03 2.481724548000000000e+09
4.538188520526081447e+03 2.906983871000000000e+09
4.390537072794282722e+03 9.411045900000000000e+07
4.633841229271401062e+03 3.897739350000000000e+09
4.608729870579651106e+03 2.051614492000000000e+09
4.467856509668445142e+03 1.806311130000000000e+08
4.458184079684435346e+03 2.540190997000000000e+09
4.602634668876880824e+03 1.172306227000000000e+09
4.485982026644807775e+03 6.142877860000000000e+08
4.671672475962285716e+03 2.521553885000000000e+09
4.434171625645120002e+03 1.247429636000000000e+09
4.515629156500610407e+03 3.203945020000000000e+09
4.573522052764868022e+03 1.307668140000000000e+08
4.451111291176342093e+03 3.902952553000000000e+09
4.583547957021034563e+03 2.140217456000000000e+09
4.440344760728421534e+03 2.235090235000000000e+09
4.644188394457545655e+03 3.027178389000000000e+09
4.501936282289278097e+03 9.075929590000000000e+08
4.495235747495053147e+03 2.732199313000000000e+09
4.364204016888394108e+03 1.743072678000000000e+09
4.556693495132518365e+03 4.074389722000000000e+09
4.557848344633785018e+03 1.252941766000000000e+09
4.606960193259527841e+03 2.172343971000000000e+09
4.475887379432169837e+03 6.519942260000000000e+08
4.501385357691156059e+03 1.462275662000000000e+09
4.570302197466657162e+03 2.295317270000000000e+09
4.546485318162149269e+03 2.493996489000000000e+09
4.645884011173673571e+03 8.854446780000000000e+08
4.761692257723532748e+03 8.625820970000000000e+08
4.406216086930709025e+03 2.951313997000000000e+09
4.501187058524185886e+03 1.238580860000000000e+08
4.516539927491466187e+03 1.559911726000000000e+09
4.429941793094136301e+03 2.316589862000000000e+09
4.715992362287472133e+03 3.849837487000000000e+09
4.560054373347233195e+03 3.349284854000000000e+09
4.476636388419867217e+03 4.117521539000000000e+09
4.505321917040188055e+03 5.951473820000000000e+08
4.440261090278765550e+03 8.073271050000000000e+08
4.476344733107969660e+03 2.700871404000000000e+09
4.640178686691435360e+03 1.743050813000000000e+09
4.550528259286169487e+03 5.687063770000000000e+08
4.499192892691240559e+03 4.223551799000000000e+09
4.556969421978761602e+03 3.277221555000000000e+09
4.415513922333682785e+03 2.550621524000000000e+09
4.584261076668679380e+03 2.288376840000000000e+09
4.526908173447642184e+03 1.451783816000000000e+09
4.386693652619797831e+03 3.203414892000000000e+09
4.512817520833611525e+03 1.093951653000000000e+09
4.544939579616448100e+03 3.612221652000000000e+09
4.329298693887581067e+03 4.044961583000000000e+09
4.392286746588382812e+03 3.349387440000000000e+08
4.627070520552235394e+03 3.928474691000000000e+09
4.489062838758116413e+03 3.580816687000000000e+09
4.399937525526542231e+03 5.298028600000000000e+07
4.486535969883322650e+03 3.275183333000000000e+09
4.625288283980335109e+03 4.225564304000000000e+09
4.540087106876634607e+03 1.892771700000000000e+09
4.551224030153596686e+03 2.770352476000000000e+09
4.536842999581266668e+03 1.028007623000000000e+09
4.600233143476365512e+03 9.126716390000000000e+08
4.442783978662384470e+03 2.276900039000000000e+09
4.554772762960328691e+03 2.937566384000000000e+09
4.384119918233368480e+03 4.206353039000000000e+09
4.559547656709023613e+03 1.333406917000000000e+09
4.593531639586677557e+03 7.880380160000000000e+08
4.568022157594981763e+03 4.130343682000000000e+09
4.631900382267922396e+03 3.941594660000000000e+09
4.525168807771629872e+03 3.603679288000000000e+09
4.490877872619766094e+03 7.319777850000000000e+08
5.052511842789768707e+03 1.237851168000000000e+09
4.542397830351129414e+03 1.462416916000000000e+09
4.676894216215934648e+03 3.828585273000000000e+09
4.461521435360175019e+03 1.207389196000000000e+09
4.622600343741531105e+03 2.458082845000000000e+09
4.503915285371755090e+03 1.322342790000000000e+08
4.745580591215651111e+03 3.357899243000000000e+09
4.528705459452468858e+03 1.752993043000000000e+09
4.517247864055499122e+03 1.228117180000000000e+08
4.419705776591032190e+03 2.087440216000000000e+09
4.415053497051861086e+03 3.315258208000000000e+09
4.479886364592326572e+03 5.870764770000000000e+08
4.547365320129575593e+03 1.504832691000000000e+09
4.487485070090668160e+03 1.766309463000000000e+09
4.483772289952850770e+03 3.213645861000000000e+09
4.358759633597102948e+03 3.631504195000000000e+09
4.489859827335539194e+03 2.565916182000000000e+09
4.524307823574600661e+03 6.138221750000000000e+08
4.601805736968985002e+03 1.718433457000000000e+09
4.517098854850802127e+03 2.296208865000000000e+09
4.569064762278389935e+03 5.295486760000000000e+08
4.567370308875299088e+03 1.937296365000000000e+09
4.444576486579040647e+03 9.255408700000000000e+08
4.422155362563109520e+03 3.828223410000000000e+09
4.533049771187284932e+03 2.453891368000000000e+09
4.477751615070650587e+03 2.901894338000000000e+09
4.581896568374554590e+03 5.413681120000000000e+08
4.362335536781501105e+03 1.172516864000000000e+09
4.518338618243868041e+03 1.949666223000000000e+09
4.495791386445620446e+03 3.307488895000000000e+09
4.349229689358013275e+03 2.816010295000000000e+09
4.578900538794998283e+03 5.681867470000000000e+08
4.477280922866578294e+03 1.098537162000000000e+09
4.480227957061650159e+03 2.547889562000000000e+09
4.593089576715488874e+03 9.545383700000000000e+07
4.721986491912870406e+03 4.027621365000000000e+09
4.599715612393547417e+03 1.305906157000000000e+09
4.393852158995979153e+03 8.832633040000000000e+08
4.550432412229210968e+03 4.047274558000000000e+09
4.483546907059730074e+03 3.956766942000000000e+09
4.533160044595112595e+03 1.843891811000000000e+09
4.497351816912483628e+03 2.625515080000000000e+08
4.504157688893821614e+03 7.386414560000000000e+08
4.440900513639463497e+03 1.648080338000000000e+09
4.578506186969249029e+03 1.706695169000000000e+09
4.544043487609410477e+03 4.181404066000000000e+09
4.613682294118123536e+03 3.833974421000000000e+09
4.470031096257778700e+03 1.272393495000000000e+09
4.546241539419228502e+03 3.353641955000000000e+09
4.399613295009010471e+03 6.118513000000000000e+07
4.472706112326452967e+03 4.385986010000000000e+08
4.412336752433338916e+03 1.506920851000000000e+09
4.558661177037163725e+03 3.884055320000000000e+09
4.689293842333046996e+03 2.303248431000000000e+09
4.514946596748357479e+03 1.763796755000000000e+09
4.504706177193506846e+03 2.099686099000000000e+09
4.445350414798420388e+03 4.184989480000000000e+09
4.606550031908083838e+03 2.068598061000000000e+09
4.557922785262551770e+03 2.205664082000000000e+09
4.601646951356168756e+03 3.695128361000000000e+09
4.534146376337181209e+03 1.301805892000000000e+09
4.489050201654184093e+03 1.553233237000000000e+09
4.497579767767464546e+03 3.790692991000000000e+09
4.356326521873672391e+03 4.268321683000000000e+09
4.485744115395236804e+03 3.214641751000000000e+09
4.572493001367234683e+03 4.674382920000000000e+08
4.524874322332766496e+03 1.374724941000000000e+09
4.449578422718452202e+03 1.924060310000000000e+08
4.418379610015172148e+03 2.855700213000000000e+09
4.486749684315602281e+03 3.594314178000000000e+09
4.477856520789442584e+03 3.530437399000000000e+09
4.517224432256638465e+03 2.535708413000000000e+09
4.553465656008851511e+03 3.316613311000000000e+09
4.562842236396324552e+03 9.371188250000000000e+08
4.598407653620209203e+03 3.304822282000000000e+09
4.441046011358069336e+03 3.295682737000000000e+09
4.569872549289779272e+03 1.618286977000000000e+09
4.591902772418668974e+03 3.366464062000000000e+09
4.623447753451449898e+03 1.628223706000000000e+09
4.516186047386245264e+03 2.223114891000000000e+09
4.607861688956754733e+03 3.727390401000000000e+09
4.593830416222522217e+03 2.280704371000000000e+09
4.598894922970383050e+03 4.158156368000000000e+09
4.461423888668651671e+03 1.662302225000000000e+09
4.376443693639107551e+03 3.247682525000000000e+09
4.596067331382899283e+03 7.189840670000000000e+08
4.617687090384870316e+03 3.460839846000000000e+09
4.394314731612332253e+03 5.358629500000000000e+08
4.569820481274126905e+03 3.448228518000000000e+09
4.356206856032640644e+03 1.764128977000000000e+09
4.596617941607846660e+03 1.271020610000000000e+08
4.562763462739352690e+03 3.728488216000000000e+09
4.468846681926619567e+03 3.663680170000000000e+08
4.494042470812724787e+03 4.156102029000000000e+09
4.538565590965368756e+03 3.649837464000000000e+09
4.521957740040725184e+03 6.368871340000000000e+08
4.451924428405611252e+03 3.393995437000000000e+09
4.473898059533144988e+03 1.869008300000000000e+08
4.550223086487822002e+03 1.544718277000000000e+09
4.927049893760953637e+03 3.737560358000000000e+09
4.580604140305760666e+03 1.132284080000000000e+08
4.498403616621648325e+03 1.922933754000000000e+09
4.526534833039862860e+03 2.601481368000000000e+09
4.465813048521215023e+03 3.389304781000000000e+09
4.490080866382979366e+03 3.751033075000000000e+09
4.568683951125374733e+03 3.532376908000000000e+09
4.518520618852589905e+03 1.445627501000000000e+09
4.502980144301692235e+03 1.404678604000000000e+09
4.439322863982975832e+03 2.531685306000000000e+09
4.623160823413008984e+03 1.089493928000000000e+09
4.410666153895308526e+03 2.236263024000000000e+09
4.583385451833964908e+03 2.218344587000000000e+09
4.623078572712017376e+03 1.126696002000000000e+09
4.610433727228895805e+03 1.680461121000000000e+09
4.595748788860184504e+03 3.571419691000000000e+09
4.517250784107623076e+03 5.098248940000000000e+08
4.402387226914428538e+03 7.536284690000000000e+08
4.511661283401213950e+03 2.318222911000000000e+09
4.545408184817144502e+03 1.128169707000000000e+09
4.532515038412350805e+03 2.439673960000000000e+09
4.424459485914161633e+03 1.862585871000000000e+09
4.543960335680354547e+03 2.455811605000000000e+09
4.566362187760534653e+03 1.904106098000000000e+09
4.556989355122834240e+03 3.036991624000000000e+09
4.526540623345239510e+03 7.716510360000000000e+08
4.398041260370458986e+03 3.762837597000000000e+09
4.563323117305981214e+03 2.509246531000000000e+09
4.826623269432212510e+03 2.157630326000000000e+09
4.523834715033960492e+03 2.544220213000000000e+09
4.572939903391859843e+03 1.261673737000000000e+09
4.601982630449407225e+03 9.466613940000000000e+08
4.409709288084650325e+03 2.870790847000000000e+09
4.489035000483887416e+03 1.848998172000000000e+09
4.449646681807591449e+03 4.252935501000000000e+09
4.620310310716457025e+03 1.844082295000000000e+09
4.505332314258414954e+03 4.201052445000000000e+09
4.412655552428159353e+03 5.523878910000000000e+08
4.455868930403585182e+03 2.099435012000000000e+09
4.555958020254807707e+03 9.968232340000000000e+08
4.599889603586645535e+03 4.292707469000000000e+09
4.512119773606676972e+03 2.234382080000000000e+09
4.458658765031101211e+03 3.350327015000000000e+09
4.488079797678030445e+03 3.159320196000000000e+09
4.414059001897023336e+03 2.912975439000000000e+09
4.527273878364012489e+03 1.974539201000000000e+09
4.587578853797003831e+03 1.971844499000000000e+09
4.531841437517615304e+03 2.709221318000000000e+09
4.679130133111430041e+03 1.233498957000000000e+09
4.360631472388778093e+03 2.470486440000000000e+08
4.380690015711736123e+03 1.733872677000000000e+09
4.484280928041205698e+03 3.472836283000000000e+09
4.486674938528392886e+03 2.071212815000000000e+09
4.491377369996036578e+03 3.762234552000000000e+09
4.661934727065212428e+03 2.686652518000000000e+09
4.528764044571908016e+03 3.770651131000000000e+09
4.510130666075681802e+03 1.701075978000000000e+09
4.528859839622856271e+03 3.390658600000000000e+08
4.392731674702354212e+03 2.991724792000000000e+09
4.534133853432735123e+03 2.959766010000000000e+08
4.593346129525646575e+03 2.491000988000000000e+09
4.433893391706087641e+03 2.433628600000000000e+09
4.473802068621866056e+03 1.037134874000000000e+09
4.402326497526224557e+03 8.892351600000000000e+07
4.562858751853177637e+03 3.271060654000000000e+09
4.501296468838746478e+03 3.237940406000000000e+09
4.532591791930692125e+03 3.427830700000000000e+08
4.563956578749493929e+03 1.872694758000000000e+09
4.960455952074990819e+03 1.854483486000000000e+09
4.546588944897726833e+03 2.920364574000000000e+09
4.432196507861501232e+03 1.581236440000000000e+09
4.417517703855462969e+03 1.799680771000000000e+09
4.572940865696227775e+03 8.374219780000000000e+08
4.382425367895331874e+03 3.496915158000000000e+09
4.406173045099602859e+03 3.310808455000000000e+09
4.529568891295630237e+03 2.076642562000000000e+09
4.560414893651624880e+03 3.055761078000000000e+09
4.700968752950690032e+03 1.060287778000000000e+09
4.495969509195024330e+03 3.171926231000000000e+09
4.566392750052822521e+03 4.283120295000000000e+09
4.514681220144794679e+03 1.442624437000000000e+09
4.688988274883868144e+03 4.074753125000000000e+09
4.509149666408811754e+03 3.891238129000000000e+09
4.471647737956647688e+03 7.272562560000000000e+08
4.574660234624937402e+03 1.482236709000000000e+09
4.515857649589188441e+03 1.341481860000000000e+08
4.593254715242210295e+03 1.920521165000000000e+09
4.529833702662959695e+03 2.510155112000000000e+09
4.588524429164203866e+03 2.216371042000000000e+09
4.411092072620142062e+03 6.388557760000000000e+08
4.552892877761032651e+03 1.088237724000000000e+09
4.640272180625122928e+03 3.926204760000000000e+08
4.433970238230811447e+03 3.868378285000000000e+09
4.522107881821562842e+03 5.734271220000000000e+08
4.574156587739841598e+03 1.633504653000000000e+09
4.490665942916639324e+03 4.381476400000000000e+08
4.457842317153759723e+03 4.075748227000000000e+09
4.518811717644916826e+03 5.871661400000000000e+08
4.459460473587718297e+03 2.281699199000000000e+09
4.643994795746119053e+03 6.874402030000000000e+08
4.509518776083035846e+03 2.361459807000000000e+09
4.484402073102673967e+03 2.156602409000000000e+09
4.486626775674161763e+03 3.701888199000000000e+09
4.443737755088708582e+03 1.967701226000000000e+09
4.589161417314197024e+03 4.082026673000000000e+09
4.524300859047225458e+03 3.907044808000000000e+09
4.527373755083672222e+03 1.527638571000000000e+09
4.852904895726220275e+03 3.642242405000000000e+09
4.522593040532705345e+03 9.884117700000000000e+08
4.555287147656982597e+03 8.128402700000000000e+07
4.632930224274726243e+03 1.756075014000000000e+09
4.384249991830783983e+03 3.662624880000000000e+09
4.605050491097642407e+03 1.410259033000000000e+09
4.736851811887259828e+03 2.020992041000000000e+09
4.492121070535090439e+03 2.306988991000000000e+09
4.483588900888031276e+03 3.773677115000000000e+09
4.440243648458696043e+03 2.672642150000000000e+08
4.579570336541791221e+03 1.971722227000000000e+09
4.485773392830966259e+03 3.033820108000000000e+09
4.468651332713649026e+03 2.868157897000000000e+09
4.557892059426231754e+03 3.323516398000000000e+09
4.399021374781026680e+03 1.613155496000000000e+09
4.593571170041934238e+03 4.932567220000000000e+08
4.549036737438049386e+03 3.675518084000000000e+09
4.582470089038004517e+03 3.426199642000000000e+09
4.611352797472143720e+03 2.289012908000000000e+09
4.529582937030770154e+03 3.839794985000000000e+09
4.591009743638964210e+03 2.330282288000000000e+09
4.531046425031875515e+03 2.673030287000000000e+09
4.498350153711224266e+03 4.140750375000000000e+09
4.502350872427869035e+03 5.414113320000000000e+08
4.635440232144210313e+03 2.446139302000000000e+09
4.481465486022507321e+03 2.849374178000000000e+09
4.486959671512820933e+03 3.587601152000000000e+09
4.532703070092704365e+03 2.370065669000000000e+09
4.619126190289311126e+03 2.169906957000000000e+09
4.446706654547973812e+03 3.947017606000000000e+09
4.592915996361267389e+03 3.883663148000000000e+09
4.449814429288944666e+03 1.262873719000000000e+09
4.475571929141596229e+03 3.840754360000000000e+09
4.382047088732820157e+03 4.496887790000000000e+08
4.595087688262208758e+03 7.821992790000000000e+08
4.481313270032513174e+03 2.674125786000000000e+09
4.463325294298139852e+03 1.942379766000000000e+09
4.479430770814904463e+03 4.774616320000000000e+08
4.570889974829775383e+03 2.035511387000000000e+09
4.597587157851465236e+03 2.719042626000000000e+09
4.531588661725865677e+03 3.536805960000000000e+08
4.474023565462360239e+03 4.495607240000000000e+08
4.556444695830890851e+03 2.888109639000000000e+09
4.500415156068678698e+03 7.510860500000000000e+08
4.828243518685774688e+03 3.332914142000000000e+09
4.370993341143775979e+03 3.535065894000000000e+09
4.445896508227997401e+03 3.936929810000000000e+09
4.456996915147828986e+03 1.415974087000000000e+09
4.442231448781395557e+03 1.418339130000000000e+08
4.450911591824153220e+03 1.096039821000000000e+09
4.598530700337398230e+03 3.690304084000000000e+09
4.529675023734167553e+03 4.234906734000000000e+09
4.592562745266210186e+03 2.952228155000000000e+09
4.586425761388216415e+03 3.978180844000000000e+09
