# Lens_likelihood 	 seed
6.817391461233911286e+03 3.217059253000000000e+09
6.809627385757406955e+03 1.870520148000000000e+09
6.817393782358115459e+03 1.303056436000000000e+09
6.824483078280169138e+03 1.484891743000000000e+09
6.836205494571176132e+03 4.133397366000000000e+09
6.816763243950103060e+03 2.572175111000000000e+09
6.818785248483018222e+03 1.027112439000000000e+09
6.812540781505871564e+03 2.279186080000000000e+08
6.818768276444535331e+03 4.254534035000000000e+09
6.820014639218226876e+03 1.249344180000000000e+08
6.825695917084734901e+03 1.837312088000000000e+09
6.827014108739438598e+03 5.123775300000000000e+07
6.813347875979859964e+03 3.043668450000000000e+09
6.824119346391467843e+03 4.019618925000000000e+09
6.817552124079184068e+03 3.616699494000000000e+09
6.820436063429151545e+03 8.646661050000000000e+08
6.816415934794106761e+03 3.864422399000000000e+09
6.822049851772058901e+03 1.221605902000000000e+09
6.817391596526278590e+03 7.960657200000000000e+08
6.826384079732551982e+03 3.876535338000000000e+09
6.812664370225151288e+03 2.177213025000000000e+09
6.814844423309956255e+03 1.299392713000000000e+09
6.814844423319555062e+03 3.377456366000000000e+09
6.806987540230044033e+03 4.247161192000000000e+09
6.816815857547708219e+03 2.396231764000000000e+09
6.816815857579511430e+03 3.363727694000000000e+09
6.823270648706260545e+03 6.779624280000000000e+08
6.820436063416951583e+03 2.599500050000000000e+08
6.812022569885941266e+03 1.286673648000000000e+09
6.822480350233000536e+03 1.313482992000000000e+09
6.824884707403680295e+03 1.458632525000000000e+09
6.823915023347467468e+03 2.803176637000000000e+09
6.826531767443389981e+03 3.807528607000000000e+09
6.812069971228414033e+03 3.457099651000000000e+09
6.821475823375159052e+03 2.070354838000000000e+09
6.832273090412430975e+03 9.627803690000000000e+08
6.824046303068770612e+03 2.397089080000000000e+09
6.817764063708362301e+03 3.076198445000000000e+09
6.817697133739053243e+03 3.057754376000000000e+09
6.810320704297691009e+03 1.639869041000000000e+09
6.821990966139862394e+03 3.721786507000000000e+09
6.813376351839640847e+03 1.792225999000000000e+09
6.831709501140894645e+03 3.564330568000000000e+09
6.820436184943647277e+03 3.154615160000000000e+08
6.820571428633953474e+03 1.255309809000000000e+09
6.822044688963316730e+03 6.154261330000000000e+08
6.817393917714447525e+03 3.586706200000000000e+07
6.820459330712701558e+03 3.280729671000000000e+09
6.827704726022558134e+03 3.766320389000000000e+09
6.813073653001459206e+03 3.947480632000000000e+09
6.813509061279609341e+03 5.082549320000000000e+08
6.821834650102729029e+03 1.125310632000000000e+09
6.818325037439920379e+03 2.095848729000000000e+09
6.814272896580826455e+03 2.429396793000000000e+09
6.819340095479835327e+03 8.812923600000000000e+08
6.818889872521767757e+03 3.101949600000000000e+09
6.821458224027656797e+03 1.565324457000000000e+09
6.824493826085468754e+03 2.570743852000000000e+09
6.822502439035062707e+03 1.750932919000000000e+09
6.826704356917994119e+03 1.996491546000000000e+09
6.820436184936766040e+03 1.624000706000000000e+09
6.820436184978052552e+03 4.275382404000000000e+09
6.819908266293476117e+03 1.017845300000000000e+08
6.815814051305733301e+03 2.865796402000000000e+09
6.820959189551893360e+03 3.794948567000000000e+09
6.821458223991342493e+03 3.852578774000000000e+09
6.822478864149587025e+03 3.128644199000000000e+09
6.822049977872109594e+03 4.007850713000000000e+09
6.820750560002798011e+03 1.228091293000000000e+09
6.831768984063761309e+03 2.347105183000000000e+09
6.820568429012243541e+03 2.435069318000000000e+09
6.821919234022603632e+03 1.082062590000000000e+08
6.841078646070657669e+03 2.096003543000000000e+09
6.818785248455349574e+03 1.577948225000000000e+09
6.817974444831594155e+03 2.350652700000000000e+09
6.825563049223628695e+03 2.471434958000000000e+09
6.821079898524261807e+03 3.638749900000000000e+08
6.818761902508889762e+03 1.946307117000000000e+09
6.821471426690884073e+03 2.997944265000000000e+09
6.821099581292587573e+03 4.057279936000000000e+09
6.810150924710478648e+03 3.305133860000000000e+08
6.816777875169316758e+03 3.412828050000000000e+08
6.820094882847785811e+03 9.429103730000000000e+08
6.820014502985277431e+03 1.753014072000000000e+09
6.821580102895948585e+03 4.222640714000000000e+09
6.810813390336533303e+03 3.313096963000000000e+09
6.804576457108051727e+03 2.848567803000000000e+09
6.824046303067614645e+03 3.469282536000000000e+09
6.811060319879249619e+03 1.526017368000000000e+09
6.825151923487777822e+03 8.746833260000000000e+08
6.829971744127135025e+03 4.129703684000000000e+09
6.815893714595720667e+03 3.462266897000000000e+09
6.821600263211489619e+03 3.706404775000000000e+09
6.822886218948549867e+03 6.734357610000000000e+08
6.815713191270617244e+03 2.951048892000000000e+09
6.822028315271524662e+03 3.869271578000000000e+09
6.812360845629489631e+03 3.557837190000000000e+08
6.825151923563412311e+03 2.434921529000000000e+09
6.822003467690701655e+03 2.172933600000000000e+09
6.812886459056579042e+03 1.107803414000000000e+09
6.823466029597400848e+03 9.543752860000000000e+08
6.810704396813328458e+03 9.308059310000000000e+08
6.824046303107051244e+03 2.461243267000000000e+09
6.831954907119776180e+03 3.813112600000000000e+09
6.810150924721263436e+03 1.708304107000000000e+09
6.818761902547978934e+03 4.014965701000000000e+09
6.820436063418917001e+03 1.913984606000000000e+09
6.819313708159406815e+03 7.359001100000000000e+07
6.812013340891994631e+03 3.526653387000000000e+09
6.822049977875000877e+03 2.954926037000000000e+09
6.811569728307822515e+03 2.680427146000000000e+09
6.822047493785870756e+03 4.084761288000000000e+09
6.821233967965723423e+03 4.748222930000000000e+08
6.823247798793121547e+03 1.526146357000000000e+09
6.813792288959691177e+03 2.745322572000000000e+09
6.830057950770184107e+03 3.449688012000000000e+09
6.814814940923420181e+03 2.225879531000000000e+09
6.813126300458874539e+03 2.939041742000000000e+09
6.807251597330111508e+03 3.692596142000000000e+09
6.820025241985173125e+03 1.949301679000000000e+09
6.820252261225673465e+03 2.819838816000000000e+09
6.827129148293613980e+03 2.376763588000000000e+09
6.817393782373381327e+03 2.958109484000000000e+09
6.822044688997028970e+03 4.249747637000000000e+09
6.820392636497288549e+03 2.097064248000000000e+09
6.818873225711656232e+03 6.554572190000000000e+08
6.820436184941449028e+03 1.451009173000000000e+09
6.814170205907224044e+03 1.612730737000000000e+09
6.818298523920931075e+03 2.486899097000000000e+09
6.813305698132759971e+03 9.627990810000000000e+08
6.828925013728862723e+03 3.755118205000000000e+09
6.815720015498549401e+03 1.562234110000000000e+09
6.811569728318809211e+03 8.756630200000000000e+07
6.826683755627023857e+03 2.589144630000000000e+09
6.813886328846796459e+03 5.864311400000000000e+07
6.820433752771472427e+03 2.181632978000000000e+09
6.813812856186960744e+03 9.822393500000000000e+08
6.810599407821879140e+03 3.071457900000000000e+08
6.810665615793741381e+03 2.980790282000000000e+09
6.825119602532109639e+03 4.153189066000000000e+09
6.820429279718062389e+03 1.854172403000000000e+09
6.818317073993095619e+03 3.652491122000000000e+09
6.822481255472440353e+03 2.306396609000000000e+09
6.823270648703832194e+03 2.514057492000000000e+09
6.821275079671980166e+03 3.829645317000000000e+09
6.821774521202434698e+03 1.676339154000000000e+09
6.820459330728082932e+03 2.073682998000000000e+09
6.826704356915681274e+03 3.784258868000000000e+09
6.826153974205159102e+03 2.766420834000000000e+09
6.818325037466866888e+03 4.141474311000000000e+09
6.822028315286559518e+03 8.963543320000000000e+08
6.817393782368754728e+03 1.865717512000000000e+09
6.821476716989723172e+03 2.948653640000000000e+08
6.826343802526715990e+03 4.212866207000000000e+09
6.817373813727573179e+03 4.058147575000000000e+09
6.820429279775887153e+03 3.146145624000000000e+09
6.836027653936045681e+03 2.936669719000000000e+09
6.816715550903079020e+03 3.491409388000000000e+09
6.825046822264426737e+03 3.240548380000000000e+08
6.818204575480955100e+03 2.854952001000000000e+09
6.816832484838572782e+03 9.860964580000000000e+08
6.821099468891015022e+03 2.337880490000000000e+09
6.808335703071307762e+03 3.639076907000000000e+09
6.827954287464197478e+03 7.606107550000000000e+08
6.822044688972337099e+03 3.039700334000000000e+09
6.805321687967823891e+03 2.229255390000000000e+08
6.819023985551435544e+03 1.029681649000000000e+09
6.831667693667068306e+03 4.090026405000000000e+09
6.821809022377596193e+03 3.096137048000000000e+09
6.828029380584949649e+03 2.902026192000000000e+09
6.827777648181438963e+03 1.083186820000000000e+08
6.816725937321517449e+03 8.735606590000000000e+08
6.809474597626605828e+03 1.317007910000000000e+09
6.821192253548853841e+03 3.259722689000000000e+09
6.826479552373923070e+03 4.189157922000000000e+09
6.821850534440062802e+03 2.336384078000000000e+09
6.824046303081955557e+03 2.960142033000000000e+09
6.820307194218275981e+03 7.890251930000000000e+08
6.820570978634691528e+03 2.432630790000000000e+08
6.825694578762979290e+03 3.470213920000000000e+09
6.822783128160474007e+03 2.505431003000000000e+09
6.820436184984413558e+03 9.231213190000000000e+08
6.822044688993963973e+03 2.741218441000000000e+09
6.817326279670629447e+03 3.128688645000000000e+09
6.817009070965343199e+03 2.418355410000000000e+08
6.817391596512747128e+03 1.945457108000000000e+09
6.804552361823659339e+03 2.390665246000000000e+09
6.825051999995319420e+03 6.458529600000000000e+07
6.822397202964234566e+03 4.158205071000000000e+09
6.824046303067962072e+03 3.450175051000000000e+09
6.817236995207454129e+03 2.193686273000000000e+09
6.816719834034271116e+03 3.482827438000000000e+09
6.823466029515405353e+03 1.788415847000000000e+09
6.818347902605766649e+03 9.789581330000000000e+08
6.803454103087418844e+03 1.808471473000000000e+09
6.820429279743736515e+03 1.928820904000000000e+09
6.811832958945862629e+03 6.142633910000000000e+08
6.815888422074673144e+03 8.035202720000000000e+08
6.825737732995845363e+03 3.934322602000000000e+09
6.813405410989787924e+03 6.719766930000000000e+08
6.820571428618803111e+03 2.849706044000000000e+09
6.823626468448995183e+03 4.063300080000000000e+08
6.821458224039568449e+03 1.985534864000000000e+09
6.815770520341366137e+03 6.045078680000000000e+08
6.820080404214998453e+03 4.074738592000000000e+09
6.816493640794016756e+03 1.252206627000000000e+09
6.809677191272331584e+03 3.138750766000000000e+09
6.813636131238390590e+03 4.217447162000000000e+09
6.819427541507536262e+03 3.641575722000000000e+09
6.813073652946294715e+03 1.472310495000000000e+09
6.823466029449601592e+03 1.719946421000000000e+09
6.820025242025622902e+03 1.494811384000000000e+09
6.814922507390669125e+03 1.339436107000000000e+09
6.809038580818780247e+03 2.456401040000000000e+09
6.820430558895621289e+03 4.175048982000000000e+09
6.817373813744226936e+03 2.914009953000000000e+09
6.811569728315223983e+03 8.125287900000000000e+08
6.826777361971910977e+03 1.905902057000000000e+09
6.811968632279098529e+03 3.576536515000000000e+09
6.811569728286312056e+03 3.836455899000000000e+09
6.827209137799795826e+03 7.398717480000000000e+08
6.815481360827197932e+03 3.973424330000000000e+09
6.811832837253365142e+03 2.369412923000000000e+09
6.821905888472149854e+03 3.442352123000000000e+09
6.834774786695971670e+03 1.843337051000000000e+09
6.826398355986339993e+03 1.158922245000000000e+09
6.815481360817946552e+03 1.768141220000000000e+08
6.822439028737654553e+03 2.515866068000000000e+09
6.822044688997433695e+03 3.065846416000000000e+09
6.818050238091534084e+03 1.917135532000000000e+09
6.822049977860891886e+03 3.697465879000000000e+09
6.822044689017325254e+03 1.926461331000000000e+09
6.827490347255176857e+03 3.185348930000000000e+08
6.817697133733618102e+03 4.982787300000000000e+07
6.817515858448120525e+03 4.109050267000000000e+09
6.816817357281758632e+03 2.076633245000000000e+09
6.822752903130617597e+03 3.323327651000000000e+09
6.827740274462985326e+03 3.955565400000000000e+07
6.825907794335077597e+03 8.116523900000000000e+07
6.822968611054620851e+03 8.120205380000000000e+08
6.819805073845439438e+03 3.681075932000000000e+09
6.809474735638787024e+03 1.913920505000000000e+09
6.823338533018790258e+03 4.144856191000000000e+09
6.825046822261650959e+03 2.627804550000000000e+09
6.810057841323439789e+03 3.758258630000000000e+08
6.813496610460625561e+03 4.140563976000000000e+09
6.819637240191173987e+03 3.181176651000000000e+09
6.829384662854727139e+03 1.956637452000000000e+09
6.811426521592929930e+03 2.382821658000000000e+09
6.817792980577902199e+03 8.334022550000000000e+08
6.825107515970717941e+03 4.252408017000000000e+09
6.819418655203061462e+03 2.751647418000000000e+09
6.823466029486724437e+03 8.486650410000000000e+08
6.815720015464085009e+03 3.294376657000000000e+09
6.821215976598062298e+03 1.959880288000000000e+09
6.815888421986664980e+03 2.529167221000000000e+09
6.824795294024615032e+03 1.514365420000000000e+08
6.826777361931664927e+03 4.165133843000000000e+09
6.823851789436839681e+03 2.329177168000000000e+09
6.820436184980480903e+03 1.521150475000000000e+09
6.818761902525659025e+03 9.937227740000000000e+08
6.819524835611886374e+03 2.101770243000000000e+09
6.822049851783393024e+03 2.501747217000000000e+09
6.831180759592414688e+03 4.384450400000000000e+08
6.815720015500513910e+03 3.799762075000000000e+09
6.826341300986669921e+03 4.226245430000000000e+09
6.823428836000963202e+03 4.213604466000000000e+09
6.823292406188569657e+03 2.480796245000000000e+09
6.816740445951936636e+03 6.233957890000000000e+08
6.824820923482063336e+03 1.005846069000000000e+09
6.821283555844063812e+03 2.264905333000000000e+09
6.819287862199351366e+03 2.913727503000000000e+09
6.828173507113572668e+03 4.234757545000000000e+09
6.834106383252275918e+03 2.448340812000000000e+09
6.823947006210977634e+03 9.406548740000000000e+08
6.820874776302224745e+03 2.382388574000000000e+09
6.818565079840775979e+03 4.058290045000000000e+09
6.822775996508888056e+03 2.066281277000000000e+09
6.822044688968752780e+03 2.955808781000000000e+09
6.828671644392279632e+03 4.220151215000000000e+09
6.822397202988405297e+03 1.267125548000000000e+09
6.828026291201182175e+03 1.483994041000000000e+09
6.828265790960886079e+03 2.715554812000000000e+09
6.816438905248698575e+03 2.122157205000000000e+09
6.834205767298029969e+03 1.446003247000000000e+09
6.820459330738953213e+03 5.357859410000000000e+08
6.810405391018760383e+03 8.041005920000000000e+08
6.819016778550767413e+03 2.760287914000000000e+09
6.808335703081137581e+03 3.394679838000000000e+09
6.813611186114141674e+03 2.695900445000000000e+09
6.813126300458325204e+03 1.966503279000000000e+09
6.820286475196586252e+03 1.943120029000000000e+09
6.828094556562781690e+03 3.907459870000000000e+08
6.820436063468183420e+03 4.164029178000000000e+09
6.820014502941909086e+03 1.667041300000000000e+08
6.813607802816966796e+03 5.786043660000000000e+08
6.823270526098324808e+03 9.609986450000000000e+08
6.828367425589957747e+03 2.202911970000000000e+09
6.820452351681360597e+03 3.914228611000000000e+09
6.817393917689698355e+03 4.003521837000000000e+09
6.832696677985073620e+03 1.300949762000000000e+09
6.816877865530897907e+03 3.315098640000000000e+09
6.822424114198218376e+03 1.664678639000000000e+09
6.819586332371615754e+03 3.196974185000000000e+09
6.820585968905706068e+03 2.651171949000000000e+09
6.809491813366121278e+03 5.530132380000000000e+08
6.820436063466218002e+03 7.739492720000000000e+08
6.848485594969984959e+03 3.219175832000000000e+09
6.829557606319289334e+03 3.364820530000000000e+09
6.815720015455295652e+03 3.126771254000000000e+09
6.831667693665391198e+03 4.117643280000000000e+08
6.822044688973724988e+03 3.155247278000000000e+09
6.824645789315273760e+03 7.289972680000000000e+08
6.807087988641833363e+03 4.620724200000000000e+07
6.822044688960078929e+03 3.623851510000000000e+08
6.811832958927417167e+03 3.741593427000000000e+09
6.802017955709823582e+03 3.278085623000000000e+09
6.818761902512474990e+03 2.898958436000000000e+09
6.832918045070246080e+03 3.846785194000000000e+09
6.815071122578101495e+03 2.027017793000000000e+09
6.825377605627994853e+03 7.081969920000000000e+08
6.816257828507425074e+03 2.525461345000000000e+09
6.834635069710866446e+03 1.693236944000000000e+09
6.820571428639330406e+03 4.258240830000000000e+09
6.832680716469518302e+03 3.035366151000000000e+09
6.823395250914938515e+03 1.760930102000000000e+09
6.826704356922504303e+03 3.974633245000000000e+09
6.831710369100297612e+03 3.728167602000000000e+09
6.827108132724120878e+03 1.408704771000000000e+09
6.822044688992518786e+03 9.348725710000000000e+08
6.823466029524888654e+03 3.237905814000000000e+09
6.816592110031509947e+03 4.037643524000000000e+09
6.820014502971052025e+03 2.949641860000000000e+09
6.822044688978236081e+03 1.735019723000000000e+09
6.816054032220593399e+03 1.489532285000000000e+09
6.813636131255969303e+03 4.223108625000000000e+09
6.813405449358634542e+03 2.436140050000000000e+09
6.816719721556329205e+03 3.308493170000000000e+08
6.817236995170445880e+03 2.889523997000000000e+09
6.805461080025934280e+03 2.682593007000000000e+09
6.822049977878470600e+03 3.735636025000000000e+09
6.810057841326910420e+03 2.526452122000000000e+09
6.811227613360347277e+03 3.823629848000000000e+09
6.817236995190684866e+03 1.216046221000000000e+09
6.817715946481692299e+03 1.568981216000000000e+09
6.825716000274072940e+03 9.915710720000000000e+08
6.821306427151363096e+03 4.165041538000000000e+09
6.816815857554415743e+03 4.016018573000000000e+09
6.820014747264494872e+03 1.442215375000000000e+09
6.826704356919034581e+03 5.819621870000000000e+08
