# Lens_likelihood 	 seed
5.672008704342056262e+03 2.064584280000000000e+09
5.673122839848992044e+03 1.107648380000000000e+09
5.628834449157830932e+03 1.116722625000000000e+09
5.643283288141360572e+03 7.200282230000000000e+08
5.690324512534195492e+03 1.127849380000000000e+08
5.656973549782052032e+03 3.662387616000000000e+09
5.639665668122395800e+03 2.962244816000000000e+09
5.658241474445423592e+03 3.135057971000000000e+09
5.661702011641953504e+03 2.348953249000000000e+09
5.643013406631840553e+03 4.195976733000000000e+09
5.655724902588112855e+03 1.579696668000000000e+09
5.634430716545971336e+03 3.581718650000000000e+09
5.650102913943157546e+03 2.642769924000000000e+09
5.663129988749222321e+03 1.049532852000000000e+09
5.690600827732096150e+03 2.514948179000000000e+09
5.672297564475786203e+03 1.322465345000000000e+09
5.652766225078169555e+03 4.217925499000000000e+09
5.656343837809605247e+03 1.014295083000000000e+09
5.637582150731609545e+03 3.353270904000000000e+09
5.615953900285462623e+03 2.760273850000000000e+08
5.649363948487365633e+03 3.661678897000000000e+09
5.636377958508992378e+03 3.517895121000000000e+09
5.673079000951568560e+03 8.792720220000000000e+08
5.669342955186094514e+03 1.669690033000000000e+09
5.637255102013787109e+03 3.186894029000000000e+09
5.659954671390032672e+03 4.025834947000000000e+09
5.667273907164048069e+03 1.167110996000000000e+09
5.681964272669300044e+03 3.277611213000000000e+09
5.651723600899484154e+03 3.003741806000000000e+09
5.664447100757881344e+03 3.539676139000000000e+09
5.681301682096150216e+03 9.724360370000000000e+08
5.700539512151565759e+03 3.668114801000000000e+09
5.671620121911642855e+03 3.718017819000000000e+09
5.660930159272726996e+03 1.273074747000000000e+09
5.616139648007989308e+03 4.212551122000000000e+09
5.665822167337825704e+03 2.591717494000000000e+09
5.654994985896761136e+03 7.888668520000000000e+08
5.634151704111417530e+03 5.697711740000000000e+08
5.651968572741814569e+03 2.452663404000000000e+09
5.680393141567776183e+03 3.612815014000000000e+09
5.644400358396542288e+03 1.953077375000000000e+09
5.651148165065569628e+03 1.897663532000000000e+09
5.654293263767403914e+03 2.628690214000000000e+09
5.689018934055461614e+03 4.001903867000000000e+09
5.640732317110064287e+03 1.035952434000000000e+09
5.635516131274282998e+03 1.009040682000000000e+09
5.625685063326565796e+03 2.767968834000000000e+09
5.673529879715159950e+03 3.128016257000000000e+09
5.665339894072705647e+03 3.399355000000000000e+07
5.599108415170470835e+03 2.489853360000000000e+08
5.649663179571278306e+03 2.956676570000000000e+08
5.637676816070884342e+03 2.995611417000000000e+09
5.649823246160607596e+03 3.388366154000000000e+09
5.617962282958357719e+03 1.435141227000000000e+09
5.630522230429271076e+03 3.276023124000000000e+09
5.660637811373058867e+03 1.703584309000000000e+09
5.648956198756237427e+03 3.394119382000000000e+09
5.612776005259966041e+03 1.937509555000000000e+09
5.667390747129650663e+03 1.295475242000000000e+09
5.637671167422564395e+03 2.806800147000000000e+09
5.690772858801615257e+03 2.528838724000000000e+09
5.650644601805510320e+03 8.799477810000000000e+08
5.634298472155860509e+03 3.257045032000000000e+09
5.664732371998952658e+03 3.472646310000000000e+08
5.644155754376469304e+03 2.974891527000000000e+09
5.672119844264318999e+03 3.907074307000000000e+09
5.660260051474982902e+03 7.147307610000000000e+08
5.631966251707877746e+03 4.072725653000000000e+09
5.674207290619321611e+03 7.461348430000000000e+08
5.663204888681664670e+03 1.809755500000000000e+07
5.632511240436053413e+03 3.142730113000000000e+09
5.634873857336466244e+03 1.109538901000000000e+09
5.672310296677192127e+03 3.298623312000000000e+09
5.649663878998549990e+03 1.871410296000000000e+09
5.631328330759251912e+03 2.511599520000000000e+08
5.671934519612426811e+03 3.993026496000000000e+09
5.646438679501290608e+03 3.484269765000000000e+09
5.667384259543835469e+03 6.536612000000000000e+06
5.651275558682678820e+03 2.583180735000000000e+09
5.663143397310195724e+03 2.930441460000000000e+09
5.675226762051872356e+03 5.016939790000000000e+08
5.638295927469959679e+03 4.022507205000000000e+09
5.661745354287479131e+03 3.465034837000000000e+09
5.657160459698467093e+03 8.736771310000000000e+08
5.664546030742059884e+03 1.834714487000000000e+09
5.621601641634663793e+03 2.893124633000000000e+09
5.625353187190440622e+03 1.821148581000000000e+09
5.661224370700078907e+03 1.019249607000000000e+09
5.686325736703227449e+03 2.848927018000000000e+09
5.661784762370551107e+03 6.107989460000000000e+08
5.619192329068775507e+03 4.081702958000000000e+09
5.645899011239005631e+03 2.235780826000000000e+09
5.662330994621797799e+03 2.298245080000000000e+09
5.658797482284223406e+03 3.101050910000000000e+08
5.652991927415967439e+03 4.090894698000000000e+09
5.664631248119084376e+03 3.958111401000000000e+09
5.655145652452910326e+03 1.482614457000000000e+09
5.613069356583215267e+03 1.619686868000000000e+09
5.649508629107556771e+03 8.479381620000000000e+08
5.622684990282408762e+03 4.119684289000000000e+09
5.645942646426949068e+03 3.876289772000000000e+09
5.647729754302121364e+03 2.338825328000000000e+09
5.651283856917292724e+03 2.090828964000000000e+09
5.679760162472638513e+03 2.722106675000000000e+09
5.627490689193624348e+03 8.043226240000000000e+08
5.652654124816395779e+03 4.020033589000000000e+09
5.621672208311261784e+03 3.262423622000000000e+09
5.672205067230206623e+03 8.068847430000000000e+08
5.654565172846514542e+03 8.223997410000000000e+08
5.652823650468735650e+03 2.307771894000000000e+09
5.616312706883713872e+03 4.721908350000000000e+08
5.675537056290042528e+03 2.480129807000000000e+09
5.644889079205351663e+03 3.025348027000000000e+09
5.646884764066759999e+03 2.570740671000000000e+09
5.606891927308239246e+03 2.008542962000000000e+09
5.652103272611509965e+03 3.677039208000000000e+09
5.646134923260779942e+03 3.333538258000000000e+09
5.625444839105833125e+03 3.293208609000000000e+09
5.644276297813958990e+03 1.691284290000000000e+09
5.668112075691908103e+03 2.225662668000000000e+09
5.660473729584637113e+03 2.103318821000000000e+09
5.625098347624302733e+03 4.181314093000000000e+09
5.672226368336077940e+03 1.840559988000000000e+09
5.655956915311105149e+03 1.095538160000000000e+08
5.645110475127497921e+03 2.990028952000000000e+09
5.622003932833971703e+03 1.780753707000000000e+09
5.634471908331193845e+03 2.975684653000000000e+09
5.654017595944043023e+03 5.137464800000000000e+07
5.639792804244885701e+03 2.193459093000000000e+09
5.637930736174507729e+03 2.678982308000000000e+09
5.611645273564959098e+03 3.017868359000000000e+09
5.656678001850719738e+03 1.375172908000000000e+09
5.596179107416623992e+03 3.212904269000000000e+09
5.656040772660845505e+03 6.435173030000000000e+08
5.629652815540758638e+03 3.843989700000000000e+09
5.652504018624904347e+03 6.305353710000000000e+08
5.668896639369522745e+03 1.950829848000000000e+09
5.637857168296050077e+03 2.211034413000000000e+09
5.622670330373004617e+03 1.817874119000000000e+09
5.640267238533329873e+03 3.899241120000000000e+09
5.619122927956230342e+03 3.478075445000000000e+09
5.654391787296165603e+03 3.787787668000000000e+09
5.635067952551382405e+03 1.350152644000000000e+09
5.645571719820094586e+03 3.263055366000000000e+09
5.672124800736632096e+03 1.785545345000000000e+09
5.643339673389370546e+03 3.158643330000000000e+09
5.630770147323401034e+03 1.055952902000000000e+09
5.633376090588958505e+03 1.145799252000000000e+09
5.645788653698190501e+03 3.105733260000000000e+09
5.653390917761232231e+03 4.230700385000000000e+09
5.644995821441514636e+03 1.930993854000000000e+09
5.655159363261520411e+03 1.098066920000000000e+08
5.657829384265542103e+03 2.312520978000000000e+09
5.603107621284952984e+03 1.754542570000000000e+09
5.647835238069501429e+03 2.893040335000000000e+09
5.682918908817984629e+03 2.711991911000000000e+09
5.654259398506770594e+03 1.119860588000000000e+09
5.666289783829644875e+03 2.959605264000000000e+09
5.647670901176272309e+03 4.262676229000000000e+09
5.646057483688196953e+03 3.581135644000000000e+09
5.599565490180280904e+03 2.784595563000000000e+09
5.661730930542640635e+03 1.704292856000000000e+09
5.626125828576240565e+03 6.463834840000000000e+08
5.638329531459849932e+03 2.118186107000000000e+09
5.639644251865186561e+03 2.193939268000000000e+09
5.644752789834055875e+03 2.290840093000000000e+09
5.656019484470849420e+03 1.108995083000000000e+09
5.601864680366643370e+03 4.148090798000000000e+09
5.651743376639470625e+03 1.229863561000000000e+09
5.660219591691522510e+03 1.753400314000000000e+09
5.592886434234354965e+03 1.361740422000000000e+09
5.645181280171234903e+03 1.282801951000000000e+09
5.661079571550978471e+03 2.450253212000000000e+09
5.675403170644867714e+03 6.600730360000000000e+08
5.624056291392200364e+03 2.629249920000000000e+08
5.634411705946080474e+03 3.583471016000000000e+09
5.625529065193316455e+03 2.950681515000000000e+09
5.619238815744831300e+03 2.132688274000000000e+09
5.631121104429652405e+03 1.760906881000000000e+09
5.638434932434474831e+03 4.928497620000000000e+08
5.625129115607250242e+03 1.903219148000000000e+09
5.650582130061979115e+03 2.565139558000000000e+09
5.642036230801268175e+03 4.148500521000000000e+09
5.641822639893232918e+03 5.467032260000000000e+08
5.633209886488983102e+03 3.303287537000000000e+09
5.660174340680758178e+03 1.391062800000000000e+08
5.654809596872466500e+03 1.323712158000000000e+09
5.647907953898089545e+03 4.704949800000000000e+07
5.610880527085727408e+03 2.407596779000000000e+09
5.649390847926850256e+03 2.187599320000000000e+08
5.628583300949580007e+03 2.097914888000000000e+09
5.671541880542894432e+03 9.603477700000000000e+08
5.656769677883539771e+03 1.753881565000000000e+09
5.667078582084877780e+03 1.944390819000000000e+09
5.691937970603439680e+03 2.196448343000000000e+09
5.647152653766350340e+03 6.698928950000000000e+08
5.633739457323743409e+03 1.059696220000000000e+08
5.633892836783717030e+03 1.086512570000000000e+09
5.615256286170821113e+03 1.446696282000000000e+09
5.661963779831220563e+03 4.144370480000000000e+09
5.640980603243649966e+03 3.786816213000000000e+09
5.689345327393466505e+03 8.512821190000000000e+08
5.650662303414937014e+03 3.399130430000000000e+08
5.621964707078106585e+03 3.339103905000000000e+09
5.662626438928820789e+03 3.042737144000000000e+09
5.647471604649749679e+03 5.875600060000000000e+08
5.618120007863693900e+03 3.273815545000000000e+09
5.646289431171738215e+03 2.932693339000000000e+09
5.678681605003885124e+03 2.586349179000000000e+09
5.681375800473109848e+03 2.574194469000000000e+09
5.624284122595329791e+03 3.446965425000000000e+09
5.641807902916089915e+03 1.331289361000000000e+09
5.666985789770325027e+03 2.043474220000000000e+08
5.592294654794084636e+03 2.138399144000000000e+09
5.613719526189515818e+03 1.774410499000000000e+09
5.665028910827419168e+03 2.694219507000000000e+09
5.661493377168626466e+03 3.290227344000000000e+09
5.647580372299973533e+03 4.209978508000000000e+09
5.640404490106140656e+03 3.500147664000000000e+09
5.650405643266150946e+03 3.802010932000000000e+09
5.610855729374039583e+03 1.852237938000000000e+09
5.630073222709918809e+03 4.433600330000000000e+08
5.662920246035440869e+03 3.678100815000000000e+09
5.631563571505827895e+03 3.363579275000000000e+09
5.608082313798057839e+03 2.636464088000000000e+09
5.673813980867567807e+03 1.188217293000000000e+09
5.640679899967786696e+03 8.687709670000000000e+08
5.647803012878494883e+03 6.720859970000000000e+08
5.629192704457995205e+03 3.571960100000000000e+07
5.641904178826425778e+03 3.078824675000000000e+09
5.633612056425022274e+03 2.942507318000000000e+09
5.653324385905081726e+03 4.117711414000000000e+09
5.655313715889931700e+03 2.852752612000000000e+09
5.661695364749289183e+03 3.258884697000000000e+09
5.670304059359640632e+03 1.273325049000000000e+09
5.617422157593129668e+03 3.974143511000000000e+09
5.625994472866563228e+03 4.274494632000000000e+09
5.646145271525294447e+03 1.948386660000000000e+08
5.654887267799938854e+03 3.228718276000000000e+09
5.658825015601043560e+03 2.458863237000000000e+09
5.662550908738135149e+03 4.114080991000000000e+09
5.658064527912245467e+03 1.501546836000000000e+09
5.632343960330933442e+03 4.121424170000000000e+09
5.642243742073274007e+03 1.962508408000000000e+09
5.628496353347743025e+03 3.862675739000000000e+09
5.668227695176267844e+03 1.948927281000000000e+09
5.622292197614550787e+03 1.871874920000000000e+09
5.638779493288344383e+03 1.821962351000000000e+09
5.629123007268207402e+03 4.229610340000000000e+08
5.634177051912261959e+03 3.370115990000000000e+08
5.642304974659140498e+03 3.397161704000000000e+09
5.677170606097014570e+03 1.702720523000000000e+09
5.642346899298457174e+03 2.208790961000000000e+09
5.670855172164649957e+03 2.615420480000000000e+09
5.669355514292854423e+03 9.497138940000000000e+08
5.638047043822261912e+03 3.980508695000000000e+09
5.611011497250636239e+03 1.724839564000000000e+09
5.636334494104851728e+03 2.535676605000000000e+09
5.655437723978870054e+03 1.546034744000000000e+09
5.638837140111505505e+03 2.145105243000000000e+09
5.661197604242026500e+03 3.475085093000000000e+09
5.647086699956248594e+03 1.070399232000000000e+09
5.619610014235990093e+03 1.225592822000000000e+09
5.659736491788847161e+03 3.966455930000000000e+08
5.623878588801022488e+03 9.069010910000000000e+08
5.630183705026349344e+03 9.542709800000000000e+07
5.640458989867317541e+03 3.619347565000000000e+09
5.662810492924151731e+03 6.235647830000000000e+08
5.669996891096958279e+03 2.022084097000000000e+09
5.649564419008906043e+03 2.926399007000000000e+09
5.642573997972893267e+03 3.281585886000000000e+09
5.661908717861639161e+03 3.745066560000000000e+09
5.593567771594081933e+03 3.094140356000000000e+09
5.622830105079730856e+03 2.716814664000000000e+09
5.648999997858994902e+03 1.004241733000000000e+09
5.658391045275130637e+03 1.896883911000000000e+09
5.663318012858049769e+03 2.156300983000000000e+09
5.658214884280746446e+03 1.913973520000000000e+09
5.660534537506455308e+03 4.113965576000000000e+09
5.653774050537367657e+03 2.962416432000000000e+09
5.645022047735161323e+03 2.070594204000000000e+09
5.664013731154173001e+03 4.180453432000000000e+09
5.643810199311574252e+03 3.318758213000000000e+09
5.676787249330753184e+03 3.288272008000000000e+09
5.628518892365862484e+03 7.795610600000000000e+07
5.648667724286815428e+03 1.143395097000000000e+09
5.676439108518216926e+03 5.357179330000000000e+08
5.662862159123543279e+03 2.423836892000000000e+09
5.636542877184198005e+03 3.483945501000000000e+09
5.671538025850184567e+03 8.817991260000000000e+08
5.628683269075523640e+03 4.134297789000000000e+09
5.638492045210417928e+03 4.209512068000000000e+09
5.661711878622483709e+03 2.317951447000000000e+09
5.672386549858414583e+03 1.121575550000000000e+08
5.652352788263857292e+03 1.178726880000000000e+09
5.609766831002621984e+03 3.110023216000000000e+09
5.671016838449970237e+03 2.534045672000000000e+09
5.683254406110193486e+03 3.677970307000000000e+09
5.627060926568960895e+03 2.182720413000000000e+09
5.622778647233645643e+03 3.954845966000000000e+09
5.650868650914530008e+03 2.430295000000000000e+07
5.659135816968564541e+03 2.132912552000000000e+09
5.636120969390390201e+03 1.060694361000000000e+09
5.664716259102740878e+03 3.662283680000000000e+08
5.639648025426045024e+03 1.417772848000000000e+09
5.667873814180050431e+03 1.505675993000000000e+09
5.647116438989643939e+03 9.027918530000000000e+08
5.658129780800555636e+03 3.498930264000000000e+09
5.652320911064944994e+03 2.163178950000000000e+09
5.671070557932302108e+03 1.287037665000000000e+09
5.618059338671348087e+03 3.297036601000000000e+09
5.623876716998228403e+03 1.952271656000000000e+09
5.636714687229587980e+03 2.708166245000000000e+09
5.642954686003381539e+03 3.957113086000000000e+09
5.657578773583953080e+03 4.693413150000000000e+08
5.640362548338285706e+03 4.380464380000000000e+08
5.680608418724600597e+03 3.442561234000000000e+09
5.648099819469588510e+03 2.774552622000000000e+09
5.600005844169603733e+03 8.498290820000000000e+08
5.623892473700057053e+03 5.918959790000000000e+08
5.656296060815424426e+03 3.871184090000000000e+08
5.648204249557062212e+03 2.769124241000000000e+09
5.630318132107153360e+03 1.127206929000000000e+09
5.647105092486138346e+03 2.001926415000000000e+09
5.666576538983752471e+03 2.465234583000000000e+09
5.642976118983501692e+03 7.473684790000000000e+08
5.625153287315191847e+03 2.389077368000000000e+09
5.608168664237438861e+03 1.545826836000000000e+09
5.638795329660244533e+03 2.466059956000000000e+09
5.639672392216878507e+03 6.908611350000000000e+08
5.655121153464183408e+03 4.258826517000000000e+09
5.665604450203443776e+03 2.656285461000000000e+09
5.658823107777232508e+03 2.346771299000000000e+09
5.646324185007755659e+03 1.240187810000000000e+08
5.666397441004939537e+03 1.095936711000000000e+09
5.633104363503301101e+03 1.113630155000000000e+09
5.613512216094831274e+03 1.967853269000000000e+09
5.633193878432894053e+03 8.873211160000000000e+08
5.626167487656110097e+03 1.407633394000000000e+09
5.600829242551862990e+03 1.502632241000000000e+09
5.625006467214769145e+03 1.454987482000000000e+09
5.648368126034332818e+03 6.965508920000000000e+08
5.669460466825680669e+03 2.526527670000000000e+09
5.662409035632006635e+03 3.938638277000000000e+09
5.679121562620689474e+03 4.320096130000000000e+08
5.591017453595735788e+03 2.566260521000000000e+09
5.628114267109298453e+03 6.937199600000000000e+07
5.642273146701915721e+03 2.368357224000000000e+09
5.644051846843719431e+03 2.451526619000000000e+09
5.650251067066399628e+03 1.093082279000000000e+09
