# Lens_likelihood 	 seed
5.810113371731946245e+03 2.338800223000000000e+09
5.839517920462189977e+03 3.631166058000000000e+09
5.873664859870194050e+03 1.499965851000000000e+09
5.838489241264234806e+03 3.173320200000000000e+08
5.861805917202498676e+03 1.285701598000000000e+09
5.896269713746724847e+03 1.168815817000000000e+09
5.845699923846920683e+03 3.468415211000000000e+09
5.853877098389793900e+03 3.036583350000000000e+09
5.861970165182263372e+03 7.753106620000000000e+08
5.811630430144656202e+03 3.272131074000000000e+09
5.891980501509674468e+03 1.226038100000000000e+09
5.857428469742503694e+03 1.383868986000000000e+09
5.852323529502295969e+03 1.711374397000000000e+09
5.898640423991700118e+03 3.581781892000000000e+09
5.868205015626164823e+03 2.395749342000000000e+09
5.824348367907410648e+03 8.204272210000000000e+08
5.839748189619563163e+03 6.654717410000000000e+08
5.820731485923538457e+03 3.191954389000000000e+09
5.835478454741973110e+03 3.832669072000000000e+09
5.870465803108660111e+03 4.252005410000000000e+09
5.848790261976560032e+03 1.309659090000000000e+08
5.855546567113587116e+03 2.730627670000000000e+08
5.836490036031572345e+03 3.033581369000000000e+09
5.879585776423864445e+03 1.578179420000000000e+08
5.864700663359181817e+03 1.997540718000000000e+09
5.845020692703063105e+03 2.595265813000000000e+09
5.868561846243008404e+03 4.204616128000000000e+09
5.841215549088474290e+03 2.229454370000000000e+09
5.860534331225599090e+03 3.518213026000000000e+09
5.860596907090471177e+03 3.934949430000000000e+09
5.859475414441758403e+03 1.223748347000000000e+09
5.849594532598544902e+03 3.249152310000000000e+09
5.803573797752867904e+03 2.286068935000000000e+09
5.865462155266865011e+03 2.515988985000000000e+09
5.864819857587534898e+03 2.562932481000000000e+09
5.875325849903725612e+03 1.410411538000000000e+09
5.878109870325481097e+03 3.474095788000000000e+09
5.863341785047722624e+03 2.530724276000000000e+09
5.861230199736481154e+03 1.651429720000000000e+09
5.829959178987772248e+03 2.555194708000000000e+09
5.868534220549974634e+03 5.332892610000000000e+08
5.816113854765494580e+03 4.283801962000000000e+09
5.823880910170787502e+03 3.837345884000000000e+09
5.895350530593068470e+03 1.522772805000000000e+09
5.819281306595786191e+03 2.910716706000000000e+09
5.859877745510608293e+03 2.174100522000000000e+09
5.884638377393413066e+03 9.773526050000000000e+08
5.837803135614150960e+03 3.699641243000000000e+09
5.848651258493322530e+03 4.294042730000000000e+09
5.853987399888758773e+03 5.585092700000000000e+08
5.800276490785843635e+03 7.650157680000000000e+08
5.831203303037948899e+03 3.331468975000000000e+09
5.853798562888838205e+03 2.754552470000000000e+09
5.856125085791845777e+03 3.854602460000000000e+09
5.875146522594245653e+03 5.927578390000000000e+08
5.870089047103243502e+03 2.160785124000000000e+09
5.834513779773962597e+03 8.499307240000000000e+08
5.860398303509986363e+03 1.193960469000000000e+09
5.855908303228653494e+03 2.698994946000000000e+09
5.854924204251738047e+03 4.288363132000000000e+09
5.883424850781984787e+03 3.423950907000000000e+09
5.873942089791030412e+03 1.946696815000000000e+09
5.838379538068173133e+03 9.079941870000000000e+08
5.862811399307543070e+03 4.335346340000000000e+08
5.879803492540506340e+03 3.521802042000000000e+09
5.900093111595600021e+03 2.736614990000000000e+09
5.859477000890070485e+03 3.426995142000000000e+09
5.826877041434865532e+03 1.078223830000000000e+08
5.882659866826626967e+03 3.058709976000000000e+09
5.892462651467840260e+03 2.293354656000000000e+09
5.863801183916631089e+03 3.805945034000000000e+09
5.849337636574598946e+03 1.338303465000000000e+09
5.845980300828341569e+03 2.628320576000000000e+09
5.873550980295463887e+03 3.487741034000000000e+09
5.886518606696235111e+03 8.449823530000000000e+08
5.804850651453085447e+03 1.277536853000000000e+09
5.844264413783349482e+03 4.023026548000000000e+09
5.876344098149074853e+03 1.722002251000000000e+09
5.847136459616731372e+03 3.701554606000000000e+09
5.878526432113218107e+03 2.753661329000000000e+09
5.872886528702167197e+03 2.349729553000000000e+09
5.793163496804775605e+03 5.626231230000000000e+08
5.860722070757928122e+03 3.055271475000000000e+09
5.852459316815704369e+03 2.412581760000000000e+08
5.862644361666638360e+03 1.379364944000000000e+09
5.843167220772704241e+03 1.958957878000000000e+09
5.852035367388815757e+03 1.719314095000000000e+09
5.865837018767746486e+03 1.721984701000000000e+09
5.851376588068531419e+03 3.980150948000000000e+09
5.889658313635479317e+03 3.152667885000000000e+09
5.897062424596212622e+03 3.887215908000000000e+09
5.839227909639786049e+03 3.934084150000000000e+08
5.895986113834647767e+03 1.201403982000000000e+09
5.895075029046627606e+03 3.835540308000000000e+09
5.834434331849075534e+03 1.080192109000000000e+09
5.860792147093841777e+03 3.225856903000000000e+09
5.852737093264777286e+03 8.993925690000000000e+08
5.806941086420247302e+03 1.770363219000000000e+09
5.841552316380412776e+03 3.970256437000000000e+09
5.828289874066680568e+03 2.949112665000000000e+09
5.846551803076479700e+03 2.220980302000000000e+09
5.802152255700688329e+03 1.760991839000000000e+09
5.862767010225261402e+03 3.747089902000000000e+09
5.830903516873046101e+03 3.386003701000000000e+09
5.840340826390629445e+03 5.410951130000000000e+08
5.874517735160201482e+03 3.542983377000000000e+09
5.864824381056361744e+03 1.236935353000000000e+09
5.842949934946939720e+03 7.255991060000000000e+08
5.796658539379443027e+03 1.759206521000000000e+09
5.855700790119112753e+03 3.357869010000000000e+09
5.868592880205696019e+03 3.097623491000000000e+09
5.830913452972046798e+03 2.451921940000000000e+09
5.861405663971958347e+03 3.738936984000000000e+09
5.846821948482504922e+03 3.176906331000000000e+09
5.860328018026413702e+03 3.057809439000000000e+09
5.843468649913537774e+03 3.073044466000000000e+09
5.838905907626661246e+03 1.528529669000000000e+09
5.843863688814263696e+03 3.129175002000000000e+09
5.854736177030191357e+03 2.828921427000000000e+09
5.825249219997912405e+03 4.063136343000000000e+09
5.891987569020222509e+03 2.399338923000000000e+09
5.864980408049289508e+03 4.131558273000000000e+09
5.844473372788845154e+03 2.112601404000000000e+09
5.832167394789413265e+03 8.386842190000000000e+08
5.864934629014651364e+03 2.649142624000000000e+09
5.853487956061950172e+03 1.232785559000000000e+09
5.907884689020690530e+03 2.079552400000000000e+08
5.857838478901446251e+03 3.049949566000000000e+09
5.845271558297035881e+03 2.858308605000000000e+09
5.871008302209025715e+03 2.539295000000000000e+08
5.903982075401580914e+03 3.319971823000000000e+09
5.841470213351891289e+03 1.001405636000000000e+09
5.844667121166113247e+03 2.441260652000000000e+09
5.864993373038983009e+03 1.816515908000000000e+09
5.917067854540528060e+03 2.772943537000000000e+09
5.842889860596622384e+03 3.813987896000000000e+09
5.877597053591132862e+03 3.384645437000000000e+09
5.847963930685098603e+03 3.101128448000000000e+09
5.901888554394558923e+03 8.010150850000000000e+08
5.845362297136397501e+03 2.421469750000000000e+08
5.807336505983229472e+03 2.342689968000000000e+09
5.875855869455086577e+03 2.760356620000000000e+09
5.836712798693819423e+03 2.450695000000000000e+09
5.842066445765993194e+03 3.379634552000000000e+09
5.884955948781082952e+03 3.601485100000000000e+08
5.863984089951678470e+03 4.191984938000000000e+09
5.812556249838771691e+03 1.068313443000000000e+09
5.852253213252180103e+03 2.133258233000000000e+09
5.857348707112864759e+03 4.142538961000000000e+09
5.860127384300601079e+03 3.613151318000000000e+09
5.834260221551568975e+03 2.946331494000000000e+09
5.875610152651102908e+03 5.746367100000000000e+07
5.824797563907534823e+03 8.644528160000000000e+08
5.849120120866681646e+03 2.131736530000000000e+09
5.811627432168096675e+03 2.590437312000000000e+09
5.871802856832302496e+03 3.340029402000000000e+09
5.843326361962303963e+03 1.812635997000000000e+09
5.897889035792937648e+03 3.116448582000000000e+09
5.875353035548310800e+03 3.095826410000000000e+09
5.838287084081915964e+03 1.305224093000000000e+09
5.877530327071958709e+03 2.913550000000000000e+08
5.864609159351153721e+03 1.540783861000000000e+09
5.870739632127873847e+03 1.836653942000000000e+09
5.852779569706362963e+03 3.075205906000000000e+09
5.848720556441300687e+03 6.120534980000000000e+08
5.837660366211789551e+03 2.490721533000000000e+09
5.871236713674604289e+03 3.888877091000000000e+09
5.844002241953025077e+03 3.930889059000000000e+09
5.854955733930180941e+03 2.631744772000000000e+09
5.826290588849895357e+03 5.885568430000000000e+08
5.814990141494408817e+03 3.079605463000000000e+09
5.827011741298490051e+03 8.745531310000000000e+08
5.868191770200173778e+03 3.412259560000000000e+08
5.822403962409202904e+03 2.763879497000000000e+09
5.870772530438731337e+03 3.963608900000000000e+07
5.848501491485200859e+03 2.959234723000000000e+09
5.817355370815589595e+03 3.238427000000000000e+06
5.854266673398047715e+03 5.347514670000000000e+08
5.878063431848745495e+03 3.591362719000000000e+09
5.879692147002715501e+03 2.512326097000000000e+09
5.855129768892629727e+03 8.271663470000000000e+08
5.864106691384153237e+03 4.268253777000000000e+09
5.866244951568825854e+03 4.059223223000000000e+09
5.877962096494403340e+03 8.276154080000000000e+08
5.866151323200243496e+03 5.362362410000000000e+08
5.889777188938300242e+03 6.008410470000000000e+08
5.819044060375184927e+03 7.556981400000000000e+08
5.867866868526145481e+03 2.771927684000000000e+09
5.875694691187571152e+03 3.648987498000000000e+09
5.862503841571366138e+03 4.021300330000000000e+08
5.835580820519593544e+03 2.725211545000000000e+09
5.841316997679455199e+03 1.232758592000000000e+09
5.879769198998969841e+03 3.250203090000000000e+09
5.853219219289025204e+03 2.818193578000000000e+09
5.822279942155384560e+03 2.515283966000000000e+09
5.883864546634906219e+03 6.008431470000000000e+08
5.836973117661688775e+03 2.487441778000000000e+09
5.897210153440391878e+03 1.014956676000000000e+09
5.863456245526017483e+03 2.507285459000000000e+09
5.824188898077287377e+03 3.820762090000000000e+08
5.881767847580726084e+03 2.225241074000000000e+09
5.845411369211515193e+03 1.464806856000000000e+09
5.872063307969312518e+03 1.380992711000000000e+09
5.845699294586074757e+03 1.594073092000000000e+09
5.867922861856724012e+03 3.572996709000000000e+09
5.828401295621939425e+03 2.643156551000000000e+09
5.842398126080671318e+03 3.439298758000000000e+09
5.855377950737789433e+03 1.380314273000000000e+09
5.850060457486491941e+03 1.967697935000000000e+09
5.886659076689000358e+03 2.857522010000000000e+09
5.872135589128623906e+03 2.554964210000000000e+08
5.864049739948164643e+03 2.723737883000000000e+09
5.819544758364715562e+03 2.073171170000000000e+09
5.876204978708507042e+03 3.234425393000000000e+09
5.875601895542250531e+03 2.048764458000000000e+09
5.850453840126556315e+03 1.334276441000000000e+09
5.829776689298389101e+03 3.418990867000000000e+09
5.847613581010706184e+03 3.169561570000000000e+08
5.832303497295468333e+03 1.338920031000000000e+09
5.854783123834587968e+03 4.033695088000000000e+09
5.863954882251488016e+03 3.761836980000000000e+08
5.818055734280382239e+03 1.296541684000000000e+09
5.835485123824983930e+03 2.471767417000000000e+09
5.863578408812594716e+03 1.217064847000000000e+09
5.859826225840892221e+03 2.725970681000000000e+09
5.868525205597836248e+03 2.847822993000000000e+09
5.864671652660432301e+03 2.104928432000000000e+09
5.867947410027130900e+03 2.783403545000000000e+09
5.859477372659679531e+03 1.828092972000000000e+09
5.875711156068238779e+03 2.674877904000000000e+09
5.832768562453777122e+03 2.307412239000000000e+09
5.847971352403715173e+03 3.438509420000000000e+09
5.875136496033907861e+03 5.705560120000000000e+08
5.855509255655466404e+03 3.966760842000000000e+09
5.819907928276314124e+03 8.079720310000000000e+08
5.833055801623162552e+03 2.260995619000000000e+09
5.868665796201658850e+03 1.753622660000000000e+08
5.851861458463096824e+03 5.545591280000000000e+08
5.856503821311463071e+03 3.362714012000000000e+09
5.837094586705457914e+03 1.636505122000000000e+09
5.867485558410086924e+03 1.139697983000000000e+09
5.845780183517815203e+03 1.612200437000000000e+09
5.818711472185054845e+03 1.173754427000000000e+09
5.870300608349443792e+03 4.690096490000000000e+08
5.863834839904003275e+03 3.618692461000000000e+09
5.822901403065432532e+03 2.596755306000000000e+09
5.817123094176447921e+03 9.486284930000000000e+08
5.846583099120251063e+03 2.762032504000000000e+09
5.812711326084217035e+03 3.579686294000000000e+09
5.864490520468870272e+03 1.295505837000000000e+09
5.831458454218714905e+03 3.799570542000000000e+09
5.821296828512847242e+03 3.884954805000000000e+09
5.856674602685998252e+03 8.062783850000000000e+08
5.872702618561802410e+03 4.067000335000000000e+09
5.837490183768079078e+03 2.588384255000000000e+09
5.822291896582849404e+03 1.301745052000000000e+09
5.865696352385290993e+03 1.069007235000000000e+09
5.866353432749653621e+03 2.223156310000000000e+09
5.824809929043556622e+03 2.271025066000000000e+09
5.843075993496031515e+03 2.424901760000000000e+08
5.846309799361112709e+03 1.998695855000000000e+09
5.800139676233192404e+03 3.368289944000000000e+09
5.871426926230084973e+03 3.641771930000000000e+09
5.835670798606344761e+03 1.190181510000000000e+09
5.824457785852869165e+03 1.365577356000000000e+09
5.837746028278348604e+03 3.108661018000000000e+09
5.847795793002645951e+03 3.590705034000000000e+09
5.841487665716917945e+03 7.765520800000000000e+08
5.885917075018644937e+03 2.097222609000000000e+09
5.829578928310569609e+03 2.620965483000000000e+09
5.878773180893260360e+03 1.868168033000000000e+09
5.847174283096304862e+03 3.776281894000000000e+09
5.878771699087723391e+03 4.048240393000000000e+09
5.822297247359409084e+03 2.241821589000000000e+09
5.860535450743301226e+03 1.121491201000000000e+09
5.886153689520109765e+03 5.350890240000000000e+08
5.890671855856071488e+03 1.942742242000000000e+09
5.862075923714021883e+03 9.500237390000000000e+08
5.844861171489343178e+03 2.552628671000000000e+09
5.854145890411730761e+03 1.408199300000000000e+07
5.845691167489538202e+03 1.665756599000000000e+09
5.826327960139546121e+03 3.409778461000000000e+09
5.877455568036869408e+03 2.624462626000000000e+09
5.806733181091983170e+03 3.592249943000000000e+09
5.827627942358149994e+03 3.761303128000000000e+09
5.846680157146698548e+03 4.235192784000000000e+09
5.901897192346656993e+03 2.870534699000000000e+09
5.835678909871767246e+03 3.095930230000000000e+09
5.867744544851002502e+03 2.793043459000000000e+09
5.868433969838928533e+03 3.937891364000000000e+09
5.820015917446736239e+03 1.113710691000000000e+09
5.823590703005762407e+03 2.353975060000000000e+09
5.844887281631041333e+03 4.101874570000000000e+08
5.850945811102963489e+03 2.057713507000000000e+09
5.844245862875341118e+03 2.825692426000000000e+09
5.828309935053522167e+03 2.648090758000000000e+09
5.867698724773367758e+03 3.841139855000000000e+09
5.852404374820027442e+03 2.466605767000000000e+09
5.852669076183847210e+03 2.548619320000000000e+08
5.856493576651108015e+03 2.360397835000000000e+09
5.823136911413606867e+03 3.689596946000000000e+09
5.852967296267993333e+03 2.234152355000000000e+09
5.866312625389686218e+03 3.096526037000000000e+09
5.883674941604877858e+03 1.120060139000000000e+09
5.856082429739048166e+03 2.409932908000000000e+09
5.874003954838874961e+03 2.663848640000000000e+09
5.839252626215655255e+03 7.655576110000000000e+08
5.867583656966440685e+03 3.261562632000000000e+09
5.839973125528574201e+03 8.158896700000000000e+08
5.883588773186166691e+03 3.050563291000000000e+09
5.867200802439459039e+03 4.177223152000000000e+09
5.844213824227494115e+03 1.199078086000000000e+09
5.872974456005277716e+03 3.397674479000000000e+09
5.823752137718219274e+03 9.734611260000000000e+08
5.849613367021064732e+03 1.426302940000000000e+09
5.855305603475479074e+03 1.102336720000000000e+08
5.840658408021745345e+03 1.345816020000000000e+09
5.843994026790559474e+03 1.252080302000000000e+09
5.886801424601657345e+03 3.541171964000000000e+09
5.815190821523728118e+03 3.511800560000000000e+09
5.875418629356959173e+03 2.932253220000000000e+08
5.877868872701934379e+03 1.383470175000000000e+09
5.873356052908939091e+03 3.286495480000000000e+09
5.884568946639034039e+03 3.444860642000000000e+09
5.883261287673474726e+03 1.878741803000000000e+09
5.882134012581290335e+03 3.540104070000000000e+09
5.894350981289258016e+03 3.423427400000000000e+07
5.861082604257859202e+03 3.648829986000000000e+09
5.850221145529519163e+03 1.194818537000000000e+09
5.870918466466609971e+03 3.367476148000000000e+09
5.869100773658668004e+03 2.729241100000000000e+08
5.865928935858779369e+03 1.758592113000000000e+09
5.874992557152946574e+03 1.593467651000000000e+09
5.903649867944546713e+03 1.744896576000000000e+09
5.830454250606320784e+03 3.403788917000000000e+09
5.836664957959072126e+03 9.629648000000000000e+08
5.885620571255816685e+03 3.082305795000000000e+09
5.822990167160842248e+03 2.342880074000000000e+09
5.887327553655421070e+03 3.461742671000000000e+09
5.879997194178776226e+03 1.521550800000000000e+08
5.834806780046028507e+03 2.962963862000000000e+09
5.824482752785831508e+03 3.948731430000000000e+08
5.886572744961710669e+03 1.426348980000000000e+08
5.860666718435137227e+03 1.560431532000000000e+09
5.830926696436567909e+03 1.519499024000000000e+09
5.862192642365143001e+03 3.072843437000000000e+09
5.857918702775792553e+03 3.448533216000000000e+09
5.826199774264710868e+03 1.284713855000000000e+09
5.827775396825677490e+03 2.682819259000000000e+09
5.843871039244228996e+03 4.195882822000000000e+09
