# Lens_likelihood 	 seed
5.657433531538179523e+03 3.812390814000000000e+09
5.659095328503106430e+03 3.179800775000000000e+09
5.672010132498469829e+03 2.770352960000000000e+09
5.682552451565556112e+03 3.394445699000000000e+09
5.682013028494491664e+03 7.772064660000000000e+08
5.665015013425229881e+03 4.185466861000000000e+09
5.679571711163524924e+03 4.032065380000000000e+09
5.664640962320283506e+03 4.452175040000000000e+08
5.686788273744430626e+03 7.769710130000000000e+08
5.672656847689528149e+03 1.055691449000000000e+09
5.679465873655460200e+03 3.028017143000000000e+09
5.684744611468417133e+03 4.251917632000000000e+09
5.660027798258763141e+03 1.667935310000000000e+08
5.666726635097902545e+03 2.079069302000000000e+09
5.636898381346781207e+03 2.399621725000000000e+09
5.622718783058997360e+03 1.055015037000000000e+09
5.626148973151082828e+03 1.388980161000000000e+09
5.658227462629663023e+03 3.668729598000000000e+09
5.655602984792323696e+03 1.397790490000000000e+08
5.638218377713194059e+03 2.519118426000000000e+09
5.604512358532891085e+03 1.520885603000000000e+09
5.669078109948648489e+03 1.745390478000000000e+09
5.657375477475004118e+03 4.217749249000000000e+09
5.646391164443494745e+03 2.692787105000000000e+09
5.660477675972304496e+03 1.309402134000000000e+09
5.659200218075162411e+03 3.202710596000000000e+09
5.635324786984483580e+03 1.155130544000000000e+09
5.630167197065879918e+03 2.624319316000000000e+09
5.702984844597327537e+03 3.521976613000000000e+09
5.692089307519592694e+03 4.224381840000000000e+09
5.678722574198880466e+03 4.244102063000000000e+09
5.710625011281773368e+03 2.888754970000000000e+09
5.622405490553865093e+03 8.335896130000000000e+08
5.683105564385255093e+03 4.198609879000000000e+09
5.656245546012094565e+03 3.375809559000000000e+09
5.659114304209758302e+03 3.961497360000000000e+08
5.659410391165878536e+03 1.861205390000000000e+08
5.690632176484639785e+03 4.018623400000000000e+09
5.651316824206776801e+03 8.876496150000000000e+08
5.621019343960259903e+03 4.276818627000000000e+09
5.639816437563502404e+03 3.039888510000000000e+08
5.614018128502775653e+03 4.128814970000000000e+09
5.646459610867084848e+03 2.829508855000000000e+09
5.654990395684571013e+03 3.801054700000000000e+08
5.627700099637032508e+03 9.328747330000000000e+08
5.696516863390975232e+03 7.017706100000000000e+07
5.661318604791214057e+03 3.065380290000000000e+09
5.701516707507622414e+03 2.807022337000000000e+09
5.705509859249516012e+03 3.019330641000000000e+09
5.721564840846231164e+03 3.974211395000000000e+09
5.673138222221901742e+03 1.243064207000000000e+09
5.702435689077758070e+03 4.120391359000000000e+09
5.672988472218705283e+03 1.987831794000000000e+09
5.628459811402337436e+03 2.978215689000000000e+09
5.679138171268074984e+03 3.189246658000000000e+09
5.658300603310689439e+03 2.150668971000000000e+09
5.595038446307007689e+03 2.298168788000000000e+09
5.670089597640977445e+03 3.668376406000000000e+09
5.684718260673400437e+03 3.284396320000000000e+08
5.675318915942551939e+03 4.008247271000000000e+09
5.631352341422516474e+03 2.620251175000000000e+09
5.661136364637824045e+03 1.222134350000000000e+08
5.686786652685841545e+03 3.188649885000000000e+09
5.641780395744961424e+03 2.642207850000000000e+09
5.662602309703353058e+03 1.124080287000000000e+09
5.706417765275329657e+03 2.188713473000000000e+09
5.667103455105067951e+03 2.889032562000000000e+09
5.672630971604828119e+03 3.983462784000000000e+09
5.645173558059937932e+03 4.116280759000000000e+09
5.680419538272037244e+03 2.799693556000000000e+09
5.652171208108060455e+03 2.527395347000000000e+09
5.706126130623253630e+03 1.568708506000000000e+09
5.629577924405710291e+03 2.095401003000000000e+09
5.700857057066999914e+03 3.105579531000000000e+09
5.632765817082986359e+03 6.478821830000000000e+08
5.672310953980073464e+03 1.269024137000000000e+09
5.620735373368270302e+03 2.018816416000000000e+09
5.610316664929419858e+03 3.396758097000000000e+09
5.637194080583769392e+03 1.772047956000000000e+09
5.682397077385777266e+03 4.013270569000000000e+09
5.651580357478540463e+03 3.698736041000000000e+09
5.690612296515900198e+03 8.289475460000000000e+08
5.688397037295850168e+03 1.573694089000000000e+09
5.651602513704070589e+03 2.391162506000000000e+09
5.662956130103015312e+03 1.266018353000000000e+09
5.672450516934529333e+03 1.597350755000000000e+09
5.682441793167870856e+03 7.222313330000000000e+08
5.648870123857961516e+03 1.878362540000000000e+09
5.648631738794099874e+03 3.691680811000000000e+09
5.649606415276700318e+03 2.317562820000000000e+09
5.614446722994880474e+03 2.827232068000000000e+09
5.652448777923060334e+03 2.199536865000000000e+09
5.615532295432032697e+03 2.187797919000000000e+09
5.686536264523687350e+03 2.624661886000000000e+09
5.662709819734646771e+03 4.024461669000000000e+09
5.644037747851254608e+03 3.469282539000000000e+09
5.686559722903751208e+03 2.013558239000000000e+09
5.660903691369649096e+03 2.646993800000000000e+07
5.668508032324161832e+03 2.956173043000000000e+09
5.616946900293888575e+03 7.860379530000000000e+08
5.668733827164560353e+03 2.709690394000000000e+09
5.634669570119049240e+03 2.212770061000000000e+09
5.571610071367964338e+03 4.277174488000000000e+09
5.692454956447739278e+03 9.877430870000000000e+08
5.716413429457086750e+03 3.399729863000000000e+09
5.679514496686751954e+03 1.415813068000000000e+09
5.693276749177101919e+03 1.096785362000000000e+09
5.621268149913258640e+03 1.470711358000000000e+09
5.668889529660011249e+03 2.667121834000000000e+09
5.627348820682853329e+03 5.986746420000000000e+08
5.679313582927174139e+03 1.885005300000000000e+08
5.651095765091560679e+03 1.977083159000000000e+09
5.632312038445295912e+03 3.446395750000000000e+09
5.649460925438600498e+03 4.055523740000000000e+09
5.626422877394425086e+03 3.920593660000000000e+09
5.620560047018589103e+03 1.291547372000000000e+09
5.658576931568453801e+03 1.955077748000000000e+09
5.666912859012022636e+03 2.825909225000000000e+09
5.650667264488736691e+03 4.178837224000000000e+09
5.641195524196223232e+03 1.836094872000000000e+09
5.652539010755004711e+03 7.832859950000000000e+08
5.663905886513297446e+03 8.918937260000000000e+08
5.686787613983311530e+03 5.299661100000000000e+07
5.606181153561010433e+03 4.244030078000000000e+09
5.676386271265511823e+03 4.640579550000000000e+08
5.636528041892624969e+03 3.595879883000000000e+09
5.624473416980630645e+03 3.450496908000000000e+09
5.723637675608093559e+03 2.043995775000000000e+09
5.651606418615896473e+03 2.083678496000000000e+09
5.618317605598744194e+03 2.564743460000000000e+08
5.650919684750046144e+03 2.658958713000000000e+09
5.664134687814491372e+03 1.018630732000000000e+09
5.626031128200334024e+03 2.908375627000000000e+09
5.632070300936247804e+03 3.548056198000000000e+09
5.614619084444248983e+03 1.338694061000000000e+09
5.671005763269880845e+03 3.076605638000000000e+09
5.675496572928492242e+03 2.073100006000000000e+09
5.723307323718536281e+03 1.919207033000000000e+09
5.633268418781131913e+03 2.642884069000000000e+09
5.667850708938924072e+03 3.933493610000000000e+09
5.622380103146335387e+03 2.542752925000000000e+09
5.636737574545619282e+03 2.036358370000000000e+08
5.674102837471560633e+03 2.503509275000000000e+09
5.638661912533196301e+03 3.492428509000000000e+09
5.689764283709650044e+03 3.262404319000000000e+09
5.665145488579413723e+03 3.130706459000000000e+09
5.662426557808934376e+03 1.953157489000000000e+09
5.685304331920869117e+03 2.141103141000000000e+09
5.670709215394654166e+03 2.273418105000000000e+09
5.710585446858873183e+03 2.136957025000000000e+09
5.612556250404475577e+03 7.918367270000000000e+08
5.719183880895750917e+03 3.520009370000000000e+08
5.651608202718349276e+03 3.676539410000000000e+08
5.614119944429025054e+03 1.330842893000000000e+09
5.621676084223376165e+03 1.453177096000000000e+09
5.714667660307954066e+03 2.224852759000000000e+09
5.683243911986082821e+03 8.941122820000000000e+08
5.623795179980444118e+03 9.463153280000000000e+08
5.653464441510248434e+03 1.389526038000000000e+09
5.660265639278780327e+03 6.411625690000000000e+08
5.644231607481178798e+03 1.557719611000000000e+09
5.659078225927656604e+03 1.329393943000000000e+09
5.638071470146082902e+03 3.517909051000000000e+09
5.650278402793763235e+03 3.926221162000000000e+09
5.712302615501035689e+03 5.680043690000000000e+08
5.645597704646018428e+03 1.871345324000000000e+09
5.603148311520052630e+03 3.201438790000000000e+08
5.694414359741929729e+03 1.000863667000000000e+09
5.674074756220235031e+03 2.999776983000000000e+09
5.691114067222091762e+03 2.444336587000000000e+09
5.688492419242133110e+03 3.905969320000000000e+09
5.681584052142220571e+03 1.449023055000000000e+09
5.642190616135822893e+03 3.974985343000000000e+09
5.660342090596720482e+03 2.140570781000000000e+09
5.650723901724868483e+03 1.184032475000000000e+09
5.682265719108493613e+03 4.243485458000000000e+09
5.604538122515026771e+03 7.921904590000000000e+08
5.667051349771367313e+03 2.477749729000000000e+09
5.628281514194910415e+03 3.987693714000000000e+09
5.635846667471219916e+03 3.954596080000000000e+08
5.662397712065664564e+03 1.874563032000000000e+09
5.646883465002718367e+03 1.670585870000000000e+08
5.681433090463561712e+03 5.796534200000000000e+07
5.636189175513201008e+03 2.730855520000000000e+09
5.703914762070899997e+03 1.517413610000000000e+09
5.626956011724892051e+03 1.874325171000000000e+09
5.683253205954621990e+03 1.235573200000000000e+08
5.626806501459766878e+03 1.966380715000000000e+09
5.635159409267469528e+03 3.346457897000000000e+09
5.629873107650577367e+03 2.164418212000000000e+09
5.619852731350909380e+03 3.054503211000000000e+09
5.639644350670852873e+03 4.157196973000000000e+09
5.646731769607872593e+03 1.842975876000000000e+09
5.697187976909786812e+03 2.072458597000000000e+09
5.659935844721372632e+03 3.056767358000000000e+09
5.615305902086356582e+03 2.459030214000000000e+09
5.623229987553439059e+03 2.081111441000000000e+09
5.640198147055019035e+03 2.849457396000000000e+09
5.712367620617803368e+03 2.028368064000000000e+09
5.653449688534531560e+03 2.708173964000000000e+09
5.653597721259087848e+03 8.146275510000000000e+08
5.642030920438741305e+03 1.535298582000000000e+09
5.641371667759423872e+03 2.881568452000000000e+09
5.608888989387769470e+03 3.203399251000000000e+09
5.616738271120801073e+03 1.844034378000000000e+09
5.627449145064112599e+03 4.026041108000000000e+09
5.647323504799998773e+03 9.277324160000000000e+08
5.628185905017604455e+03 2.865049914000000000e+09
5.663958294673338060e+03 3.457106103000000000e+09
5.653592513938157936e+03 3.559469338000000000e+09
5.662979339818903100e+03 3.556416538000000000e+09
5.701608041453951955e+03 4.053349369000000000e+09
5.675512196950825455e+03 5.877384600000000000e+07
5.651912164480451793e+03 3.107461182000000000e+09
5.679393621108772095e+03 3.115936004000000000e+09
5.663851361569801156e+03 3.895340270000000000e+09
5.653859114018917353e+03 3.046658338000000000e+09
5.691538360434737115e+03 3.662743094000000000e+09
5.662925915033547426e+03 2.219597711000000000e+09
5.643768785634105370e+03 1.193693704000000000e+09
5.685160393046793615e+03 5.989288170000000000e+08
5.621068079062033576e+03 2.679783350000000000e+08
5.689725859677017070e+03 2.268577800000000000e+08
5.578064460212895938e+03 3.642971937000000000e+09
5.653970915753761801e+03 2.632099375000000000e+09
5.675326411257690779e+03 3.489621359000000000e+09
5.643910992456530948e+03 3.361618543000000000e+09
5.684422238928083061e+03 1.948502765000000000e+09
5.671117193348649380e+03 2.137641180000000000e+09
5.672984179319312716e+03 3.526920295000000000e+09
5.616533295136598099e+03 1.098343623000000000e+09
5.674890897415946711e+03 2.724210364000000000e+09
5.683846418518359314e+03 2.084485768000000000e+09
5.629552574695009753e+03 3.199145787000000000e+09
5.683250519671461916e+03 3.098379478000000000e+09
5.631683613120983864e+03 1.582694900000000000e+08
5.606726762037174922e+03 1.007437477000000000e+09
5.675741948991984827e+03 2.407908289000000000e+09
5.646226119964547252e+03 1.789481493000000000e+09
5.648621009668497209e+03 2.075877821000000000e+09
5.687867801324613538e+03 4.173610040000000000e+08
5.684200694428212955e+03 4.392466420000000000e+08
5.698727002384955085e+03 3.276350593000000000e+09
5.645659688348230702e+03 4.212497089000000000e+09
5.666115268396210013e+03 3.268543415000000000e+09
5.671407674355938070e+03 2.686004660000000000e+09
5.662922959335735868e+03 3.706179208000000000e+09
5.704464303096881849e+03 1.296300343000000000e+09
5.643082406746578272e+03 2.227286345000000000e+09
5.721623071287166567e+03 7.970605780000000000e+08
5.647983810161416841e+03 3.654360806000000000e+09
5.665093382713524989e+03 9.101768170000000000e+08
5.655990845294567407e+03 1.656867820000000000e+09
5.657601490135743916e+03 7.967904920000000000e+08
5.680318580714435484e+03 2.738411203000000000e+09
5.678509061494984053e+03 2.171802540000000000e+09
5.675645873654236311e+03 3.558690210000000000e+08
5.669584224614520281e+03 3.070339720000000000e+08
5.668760297130644176e+03 8.977869820000000000e+08
5.682754861629347943e+03 2.327077178000000000e+09
5.627534971562431565e+03 3.866383275000000000e+09
5.651547270344271965e+03 3.971764820000000000e+09
5.654282018841880927e+03 3.549733514000000000e+09
5.646733148923083718e+03 1.827097304000000000e+09
5.696409354331402938e+03 1.218989500000000000e+08
5.690043446204778775e+03 1.250739310000000000e+09
5.672797101768810535e+03 6.481072250000000000e+08
5.641644226142481784e+03 2.072447923000000000e+09
5.684508741007589379e+03 3.039665609000000000e+09
5.642780234818000281e+03 3.903031463000000000e+09
5.702816911532156155e+03 4.014889917000000000e+09
5.651392908748751324e+03 8.614743900000000000e+07
5.682421090413348793e+03 1.700936235000000000e+09
5.638376945997455550e+03 3.019799550000000000e+09
5.658705903889884212e+03 1.431545199000000000e+09
5.686841114072724849e+03 3.611423851000000000e+09
5.677941969130621146e+03 1.618554707000000000e+09
5.657835947017122635e+03 3.361430427000000000e+09
5.627524547575794713e+03 3.095100009000000000e+09
5.649634915366207679e+03 3.403584371000000000e+09
5.656697789738987922e+03 1.363881861000000000e+09
5.670680521550005324e+03 8.370449190000000000e+08
5.681044346528688038e+03 1.695212544000000000e+09
5.688168153064099897e+03 2.703343619000000000e+09
5.635223342661284732e+03 3.622345698000000000e+09
5.664235339662654951e+03 1.426099363000000000e+09
5.646479526889841509e+03 2.628935097000000000e+09
5.609891846940685355e+03 3.051926986000000000e+09
5.658466067273468070e+03 2.814842000000000000e+06
5.685368175526742561e+03 3.378068472000000000e+09
5.572279147923904020e+03 1.487185654000000000e+09
5.626053632970842955e+03 4.124217341000000000e+09
5.675244362789460865e+03 1.044834615000000000e+09
5.714068736874967726e+03 3.258939709000000000e+09
5.628248293850268965e+03 1.953507370000000000e+09
5.675148701519687165e+03 4.138468722000000000e+09
5.625409551731624560e+03 2.343300165000000000e+09
5.678965635772629867e+03 2.138909508000000000e+09
5.624285038296639868e+03 3.941424226000000000e+09
5.669830978700778360e+03 1.669031470000000000e+09
5.672623599042321985e+03 3.982933096000000000e+09
5.713696409979629607e+03 4.245838353000000000e+09
5.639036231541469533e+03 3.248309378000000000e+09
5.703540866693801945e+03 1.982019937000000000e+09
5.672746369140069874e+03 4.279970527000000000e+09
5.654217050915780419e+03 3.101011114000000000e+09
5.645787957973969242e+03 2.193979419000000000e+09
5.676862137624714705e+03 3.815938509000000000e+09
5.681889214401893696e+03 6.085645610000000000e+08
5.674382509575223594e+03 1.613509791000000000e+09
5.643832103306914178e+03 8.058045530000000000e+08
5.680320664901119926e+03 2.076275212000000000e+09
5.639654264834203786e+03 3.934113354000000000e+09
5.650193187087927072e+03 1.623152260000000000e+09
5.679264141441470201e+03 3.789732663000000000e+09
5.685493667540220486e+03 3.274140510000000000e+09
5.631090548413923898e+03 3.037148705000000000e+09
5.677275374203523825e+03 4.216452246000000000e+09
5.684042450456568076e+03 2.020036087000000000e+09
5.679967223250936513e+03 3.456640882000000000e+09
5.633138110220176713e+03 3.826570685000000000e+09
5.676322914493486678e+03 3.310222510000000000e+08
5.681650711357731780e+03 1.833920086000000000e+09
5.670664626421843423e+03 1.414596093000000000e+09
5.622834500551858582e+03 3.410807387000000000e+09
5.703837065844965764e+03 3.587936741000000000e+09
5.675513553594992118e+03 2.755160028000000000e+09
5.665540811437607772e+03 2.138161335000000000e+09
5.680989359987576790e+03 3.988333845000000000e+09
5.678042959291467014e+03 1.493062561000000000e+09
5.686206749593515269e+03 3.091807483000000000e+09
5.650262291710498175e+03 3.314109471000000000e+09
5.640078874970688048e+03 3.493770026000000000e+09
5.677574265899907914e+03 1.644605218000000000e+09
5.697158165638862556e+03 1.481407790000000000e+08
5.699857095764857149e+03 7.479236860000000000e+08
5.679968829179590102e+03 2.416967018000000000e+09
5.692446905607470399e+03 2.319259600000000000e+07
5.663158441245671384e+03 1.688794571000000000e+09
5.672919864600074106e+03 3.498194739000000000e+09
5.667063615449081226e+03 3.415643449000000000e+09
5.687529043492354504e+03 1.520773182000000000e+09
5.680237697941528495e+03 2.585284830000000000e+09
5.632168702594755814e+03 3.225265001000000000e+09
5.692620057353433367e+03 2.466341127000000000e+09
5.644436937220444634e+03 9.665701620000000000e+08
5.628538363343832316e+03 4.196808093000000000e+09
5.687591675531546571e+03 2.147718363000000000e+09
5.615156162010351181e+03 2.214300152000000000e+09
5.600966932911953336e+03 8.778046010000000000e+08
