# Lens_likelihood 	 seed
5.711955336177551544e+03 1.178464869000000000e+09
5.735276534374444054e+03 3.073938180000000000e+08
5.778402373408036510e+03 5.886323070000000000e+08
5.730340101322056398e+03 1.399382341000000000e+09
5.742127938468195680e+03 1.985933667000000000e+09
5.779358005194200814e+03 1.272199622000000000e+09
5.778725739080069616e+03 3.265293513000000000e+09
5.717662256677220284e+03 1.124692505000000000e+09
5.782811236121491675e+03 1.023530343000000000e+09
5.791739175943137525e+03 1.785861589000000000e+09
5.776262876628719823e+03 2.580956671000000000e+09
5.801860677462427702e+03 2.458020669000000000e+09
5.714011960512101723e+03 2.115250167000000000e+09
5.722787597360115797e+03 1.066896445000000000e+09
5.793519400989688620e+03 3.410821630000000000e+08
5.752999908366424279e+03 1.837043654000000000e+09
5.687552224137220037e+03 5.190343500000000000e+07
5.706452828392532865e+03 3.188724580000000000e+09
5.788402141262939040e+03 3.168637667000000000e+09
5.757826376702099878e+03 2.008139828000000000e+09
5.707606451059458777e+03 1.825387245000000000e+09
5.741224570761906762e+03 9.102178000000000000e+08
5.686739959989035924e+03 1.366608577000000000e+09
5.793531415581275724e+03 3.996543011000000000e+09
5.759098570164020202e+03 2.767680242000000000e+09
5.723785704921356228e+03 3.415939223000000000e+09
5.748290837234220817e+03 2.154202878000000000e+09
5.734987697848315293e+03 9.896233200000000000e+08
5.692674986085544333e+03 1.524114485000000000e+09
5.716574755182833542e+03 2.201048347000000000e+09
5.776137110584464608e+03 2.173433133000000000e+09
5.714438522422462484e+03 4.049528764000000000e+09
5.699458109732731828e+03 3.943680855000000000e+09
5.690853118255511617e+03 1.008060468000000000e+09
5.689519192157727957e+03 2.903922635000000000e+09
5.760870180643219101e+03 1.843254128000000000e+09
5.766084098776769679e+03 2.503919098000000000e+09
5.819942989832395142e+03 3.953167936000000000e+09
5.782254898793793473e+03 3.514840171000000000e+09
5.756876033547074258e+03 1.153531586000000000e+09
5.715761106861391454e+03 8.248013130000000000e+08
5.803594395000851364e+03 1.604352539000000000e+09
5.711675581279802827e+03 2.273669243000000000e+09
5.704188891571931890e+03 2.401155592000000000e+09
5.771784968523563293e+03 2.002802376000000000e+09
5.810072917918424537e+03 3.067085583000000000e+09
5.721585528741766211e+03 3.200792036000000000e+09
5.714981114432845061e+03 1.361331678000000000e+09
5.711378202708952813e+03 3.254550873000000000e+09
5.698257175316575740e+03 2.792083575000000000e+09
5.781693351540441654e+03 2.958267255000000000e+09
5.824227739918398584e+03 2.835744195000000000e+09
5.702605127095157513e+03 1.216354393000000000e+09
5.656684466717168107e+03 4.374120790000000000e+08
5.816537846182425710e+03 1.876653737000000000e+09
5.691012699870449069e+03 4.246912572000000000e+09
5.828034653666793020e+03 4.202150012000000000e+09
5.711222732990763689e+03 1.814655985000000000e+09
5.732018561929833595e+03 3.602269719000000000e+09
5.722819402612309204e+03 3.100848788000000000e+09
5.725832029096567567e+03 1.985259830000000000e+09
5.777527876572648893e+03 2.001329480000000000e+09
5.837115615889835681e+03 4.009988968000000000e+09
5.755787964588434988e+03 1.852917198000000000e+09
5.709444782999650670e+03 8.277883600000000000e+08
5.771258842583996739e+03 8.635111350000000000e+08
5.796196896703492712e+03 5.093258180000000000e+08
5.764361479669762048e+03 3.181915838000000000e+09
5.734520525714471660e+03 2.205718758000000000e+09
5.729566727576200719e+03 2.922883868000000000e+09
5.746230665202795535e+03 3.914788704000000000e+09
5.713844956813945828e+03 1.582954954000000000e+09
5.720788927387056901e+03 3.695167702000000000e+09
5.784284929606335936e+03 2.200306056000000000e+09
5.736750142258670166e+03 3.526098801000000000e+09
5.797735260766876308e+03 2.111732860000000000e+08
5.724054045793081968e+03 3.528469265000000000e+09
5.790411350199816297e+03 3.612870530000000000e+09
5.767362514767174616e+03 2.472128390000000000e+09
5.748013825348803948e+03 2.070828341000000000e+09
5.744597792992600262e+03 2.435609008000000000e+09
5.788242111556537566e+03 1.642069732000000000e+09
5.767397196523967068e+03 8.096329000000000000e+07
5.814795274493391844e+03 3.140216124000000000e+09
5.798806523074593315e+03 5.605461300000000000e+07
5.773625453680746432e+03 7.643028220000000000e+08
5.837084984852609523e+03 7.146350230000000000e+08
5.748776050982634843e+03 1.426688843000000000e+09
5.757795993851600542e+03 1.749812818000000000e+09
5.693204463162870525e+03 1.680479360000000000e+08
5.770001678675830590e+03 4.093066181000000000e+09
5.719105993851399035e+03 1.635691700000000000e+08
5.760136557370562514e+03 3.104517889000000000e+09
5.773730868366841605e+03 4.164041939000000000e+09
5.669696484712259007e+03 3.229418448000000000e+09
5.697132252078472447e+03 2.231192568000000000e+09
5.725732899231835290e+03 2.082206043000000000e+09
5.781454283500437668e+03 1.371254216000000000e+09
5.720699969375229557e+03 9.415702010000000000e+08
5.717984741766398656e+03 2.847727108000000000e+09
5.758519686345831360e+03 9.908373900000000000e+08
5.699196931410356228e+03 8.244839910000000000e+08
5.731215996476309556e+03 2.559348252000000000e+09
5.702896834074548678e+03 1.375660984000000000e+09
5.809057183125020856e+03 8.673524720000000000e+08
5.670809424860962281e+03 3.835192973000000000e+09
5.736108643133637088e+03 8.069683500000000000e+07
5.709159153403525124e+03 1.226263588000000000e+09
5.772358670750482815e+03 4.347185530000000000e+08
5.743619411418900199e+03 2.277701341000000000e+09
5.725598743874751563e+03 2.357299608000000000e+09
5.788474209545666781e+03 2.812369063000000000e+09
5.714030881052826771e+03 2.612957100000000000e+07
5.755005648028634823e+03 2.157351447000000000e+09
5.719880462487579280e+03 3.262681260000000000e+09
5.734719611356420501e+03 3.761962702000000000e+09
5.710825094349815117e+03 1.624048923000000000e+09
5.744720737773520341e+03 1.582569370000000000e+09
5.713983750660198893e+03 2.709328880000000000e+09
5.743129494039943893e+03 2.306677122000000000e+09
5.823707233453851586e+03 1.279360082000000000e+09
5.760218369264597641e+03 2.697941283000000000e+09
5.762241906484465289e+03 4.042374320000000000e+09
5.697884903908490742e+03 1.199508822000000000e+09
5.716333332604421230e+03 6.328125600000000000e+08
5.726179585161800787e+03 1.163952223000000000e+09
5.784728816538048704e+03 3.619538059000000000e+09
5.722729150424731415e+03 3.352562328000000000e+09
5.685900393396276741e+03 2.067927506000000000e+09
5.724206386018743615e+03 1.392257233000000000e+09
5.721865481781791459e+03 9.397264710000000000e+08
5.720871129247296267e+03 1.122005000000000000e+06
5.697904607711094286e+03 3.333095610000000000e+08
5.665387422241426975e+03 3.607941830000000000e+08
5.726618659437911447e+03 2.075312644000000000e+09
5.830553288031235752e+03 3.541140256000000000e+09
5.775691131125862739e+03 4.109763362000000000e+09
5.753599626678524146e+03 1.709699601000000000e+09
5.774296208521556764e+03 4.024624048000000000e+09
5.722492801770197730e+03 1.565097450000000000e+08
5.717894880383229975e+03 4.185934846000000000e+09
5.736958339577791776e+03 2.310603138000000000e+09
5.787203936395165329e+03 6.785195530000000000e+08
5.707263834395229424e+03 7.968840510000000000e+08
5.772506441418066970e+03 5.136906870000000000e+08
5.701443385427384783e+03 4.166667832000000000e+09
5.771792448965835320e+03 2.560245520000000000e+08
5.762238168664027398e+03 1.691283303000000000e+09
5.729165562915202827e+03 2.997070732000000000e+09
5.672193486351881802e+03 1.253070003000000000e+09
5.731301921858810601e+03 2.189105443000000000e+09
5.687313342776875288e+03 2.533927731000000000e+09
5.766591300412968849e+03 3.199577917000000000e+09
5.713913479090607325e+03 1.817854306000000000e+09
5.714926578648941359e+03 2.509805020000000000e+08
5.822342235546431766e+03 1.625265586000000000e+09
5.795909432392989402e+03 2.964856585000000000e+09
5.712951978277821581e+03 2.599117853000000000e+09
5.728786758213736903e+03 4.549488980000000000e+08
5.774673569032973319e+03 2.077015411000000000e+09
5.775050885858669062e+03 2.546692387000000000e+09
5.786006732590465617e+03 2.016637943000000000e+09
5.778433507712910796e+03 1.120238787000000000e+09
5.794723115572825918e+03 1.214494548000000000e+09
5.782008028007607209e+03 2.415103070000000000e+08
5.765558507712234132e+03 3.480974117000000000e+09
5.786144821132767902e+03 4.123335037000000000e+09
5.795924602532228164e+03 3.047619747000000000e+09
5.751722154703935303e+03 8.564003370000000000e+08
5.743967578631297329e+03 1.783473379000000000e+09
5.723023948862974066e+03 2.712249456000000000e+09
5.793722690323541428e+03 3.926566978000000000e+09
5.700782014699134379e+03 8.767761510000000000e+08
5.756742214653419069e+03 4.122878467000000000e+09
5.705596133581811046e+03 4.063013320000000000e+08
5.775628008834399225e+03 1.712951427000000000e+09
5.784002704045324208e+03 3.298712832000000000e+09
5.785862782149972190e+03 4.086252271000000000e+09
5.794698873806411939e+03 2.989680659000000000e+09
5.709075598117838126e+03 2.550132713000000000e+09
5.705057829612365822e+03 2.784051738000000000e+09
5.733316031670587108e+03 3.757334865000000000e+09
5.818163016505429368e+03 1.770546709000000000e+09
5.690206690723199245e+03 2.715763053000000000e+09
5.711460449271376092e+03 6.962947990000000000e+08
5.773508114419148114e+03 1.708572455000000000e+09
5.748495162248373163e+03 4.153778639000000000e+09
5.694753403959657589e+03 3.775244910000000000e+09
5.768856893558104275e+03 3.119625882000000000e+09
5.807287235220351249e+03 3.921753676000000000e+09
5.693519655260152831e+03 2.203019686000000000e+09
5.724004658974634367e+03 5.734873640000000000e+08
5.693618611641481948e+03 3.696245030000000000e+09
5.759449469644526289e+03 2.347646128000000000e+09
5.793510534685811763e+03 4.844377710000000000e+08
5.817626208604993735e+03 9.257972900000000000e+08
5.772076424418384704e+03 4.237701362000000000e+09
5.707513916479672844e+03 4.030152026000000000e+09
5.809576652372521494e+03 3.164846740000000000e+08
5.789237193313166244e+03 4.056831552000000000e+09
5.742014605189086069e+03 2.922234739000000000e+09
5.713374159185977987e+03 5.115276770000000000e+08
5.722541611113419094e+03 3.157012486000000000e+09
5.738520253343423974e+03 2.272909170000000000e+08
5.713576527540004463e+03 3.282316619000000000e+09
5.727296482163921610e+03 5.265697900000000000e+07
5.701762396020960296e+03 8.590573000000000000e+07
5.712387246941216290e+03 1.375350559000000000e+09
5.794711493382178560e+03 2.116151122000000000e+09
5.690247896198905437e+03 3.638313870000000000e+09
5.740067473803555913e+03 3.859053365000000000e+09
5.765928461148589122e+03 1.469552660000000000e+08
5.772081945097433163e+03 3.753134548000000000e+09
5.782684088481320941e+03 3.139041039000000000e+09
5.685770802303665732e+03 2.801021681000000000e+09
5.701778594121986316e+03 2.405778628000000000e+09
5.791311621911514521e+03 3.501032995000000000e+09
5.743763234547410320e+03 3.215443765000000000e+09
5.745551243070689452e+03 2.695468218000000000e+09
5.707155851684628033e+03 3.122803083000000000e+09
5.710580016501371574e+03 5.158702670000000000e+08
5.708029976522082507e+03 2.024559532000000000e+09
5.756087603897347435e+03 3.086073657000000000e+09
5.716352927812285998e+03 3.597883700000000000e+09
5.713524485538675435e+03 1.575171359000000000e+09
5.823294875537142616e+03 1.366726976000000000e+09
5.722187720085343244e+03 1.395460334000000000e+09
5.703783977100805714e+03 2.425124005000000000e+09
5.768924410021568292e+03 1.262904467000000000e+09
5.745270679947765530e+03 2.633864621000000000e+09
5.769792379268819786e+03 3.600790685000000000e+09
5.724588973187828742e+03 5.638066780000000000e+08
5.680808941604911524e+03 3.728457350000000000e+09
5.730249222057188490e+03 1.805362448000000000e+09
5.784965771609357034e+03 3.027028093000000000e+09
5.783003803332512689e+03 5.867403650000000000e+08
5.780233054905280369e+03 3.105438628000000000e+09
5.748009217312200235e+03 2.937952725000000000e+09
5.745113940954158352e+03 9.118660500000000000e+08
5.756685857843293888e+03 1.071183059000000000e+09
5.758550013025494991e+03 4.272671466000000000e+09
5.765930935210775715e+03 1.774136963000000000e+09
5.723224151087805694e+03 2.186807029000000000e+09
5.766162600884686981e+03 4.218447215000000000e+09
5.789217305071802002e+03 1.505525910000000000e+09
5.746668015422779717e+03 3.039845752000000000e+09
5.709137175122799817e+03 3.582892663000000000e+09
5.759210614608427932e+03 1.305801874000000000e+09
5.793010527498345255e+03 4.082568810000000000e+09
5.730808233854706486e+03 1.615121530000000000e+08
5.746689649080141862e+03 3.464541161000000000e+09
5.797054955855242952e+03 6.766998310000000000e+08
5.801699542825015669e+03 5.444408680000000000e+08
5.707391567150279116e+03 1.116986542000000000e+09
5.715637077180159395e+03 9.702034960000000000e+08
5.778430503514834527e+03 1.408752430000000000e+09
5.666377909422479206e+03 4.010246640000000000e+09
5.757375377247191864e+03 1.442452999000000000e+09
5.737798727501045505e+03 3.436379910000000000e+09
5.713408702854352669e+03 2.879371642000000000e+09
5.754068901016305972e+03 2.320123333000000000e+09
5.768973880370956977e+03 2.383969124000000000e+09
5.804873652529749961e+03 2.151455856000000000e+09
5.707312524733328246e+03 3.502369150000000000e+08
5.785149992881450999e+03 4.260863075000000000e+09
5.729052986392545790e+03 1.902287011000000000e+09
5.737336862490725252e+03 3.691021360000000000e+09
5.726015035838052427e+03 1.772393935000000000e+09
5.788755918660079260e+03 9.244257020000000000e+08
5.793227360285810391e+03 3.480072700000000000e+07
5.757771792388646645e+03 4.026274511000000000e+09
5.783539666157061220e+03 2.430452449000000000e+09
5.805932700794259290e+03 9.500358810000000000e+08
5.744633766986649789e+03 6.767190960000000000e+08
5.779499100082974110e+03 3.184917129000000000e+09
5.743987696531812617e+03 1.730218306000000000e+09
5.826351055988335247e+03 1.539734540000000000e+09
5.711526229098179101e+03 1.145130017000000000e+09
5.720734658428875264e+03 2.907812958000000000e+09
5.758603590319857176e+03 3.347528503000000000e+09
5.680145771008823431e+03 1.911912716000000000e+09
5.783869268988024487e+03 3.107102445000000000e+09
5.788489627322513115e+03 3.703556243000000000e+09
5.807278672947997620e+03 1.873034840000000000e+08
5.732670744904358799e+03 2.805097861000000000e+09
5.737547537396418193e+03 1.848201681000000000e+09
5.782158273374609962e+03 2.463477800000000000e+09
5.701631437620484576e+03 3.716740560000000000e+09
5.763908130439800516e+03 3.265867955000000000e+09
5.688383878396598448e+03 1.519884595000000000e+09
5.716736963168393231e+03 2.509999724000000000e+09
5.790930024575585776e+03 2.281522294000000000e+09
5.713188575735535778e+03 1.745107080000000000e+09
5.708592235343122411e+03 3.805479122000000000e+09
5.724635525259973292e+03 2.517367948000000000e+09
5.702486313466029969e+03 8.067143280000000000e+08
5.702952446051147490e+03 1.628683490000000000e+09
5.759200948880266878e+03 3.051164206000000000e+09
5.826832833805608971e+03 2.766415300000000000e+07
5.758953696416270759e+03 4.111603985000000000e+09
5.752379012564669210e+03 1.973176478000000000e+09
5.782113803177680893e+03 1.369770282000000000e+09
5.680727192577098322e+03 3.723817327000000000e+09
5.731722592322261335e+03 4.068306632000000000e+09
5.801686364823252006e+03 3.942221640000000000e+09
5.703198588865603597e+03 1.530634263000000000e+09
5.714996195626067674e+03 5.851560700000000000e+07
5.811899316888482645e+03 2.267359486000000000e+09
5.761772484374258056e+03 3.069808786000000000e+09
5.717181707880931754e+03 4.266929754000000000e+09
5.704343291641494943e+03 2.070486112000000000e+09
5.746827580536796631e+03 8.903494450000000000e+08
5.773322775363119945e+03 3.269462254000000000e+09
5.703696894967539265e+03 2.176386897000000000e+09
5.755976078176733608e+03 1.816136962000000000e+09
5.752180118760768892e+03 1.495544551000000000e+09
5.837370468086262917e+03 4.081935650000000000e+08
5.675642297419670285e+03 3.190310920000000000e+08
5.716025455751174377e+03 1.589663559000000000e+09
5.761491061567947327e+03 1.222050869000000000e+09
5.793292689791308476e+03 2.344210399000000000e+09
5.714807134861665872e+03 1.255715937000000000e+09
5.702443154922984832e+03 3.628594940000000000e+09
5.713785166942486285e+03 3.861184888000000000e+09
5.709347132215158126e+03 4.167908435000000000e+09
5.748400782637516386e+03 2.887822215000000000e+09
5.789990639077146625e+03 3.272333892000000000e+09
5.793283534634011630e+03 1.798408825000000000e+09
5.743248594029006199e+03 5.267436100000000000e+08
5.709962010016428394e+03 2.136696265000000000e+09
5.737482718627519716e+03 3.311056993000000000e+09
5.760119441579568957e+03 2.542851313000000000e+09
5.725800935678860696e+03 9.224025260000000000e+08
5.705918007540778490e+03 2.211926412000000000e+09
5.771644655057394630e+03 3.644143640000000000e+08
5.714507937728738398e+03 4.703640820000000000e+08
5.703773274043212950e+03 2.782703887000000000e+09
5.782206439169550322e+03 2.901614134000000000e+09
5.680111795617524876e+03 1.962694011000000000e+09
5.728640071624222401e+03 1.353200955000000000e+09
5.713791356917485246e+03 1.703029152000000000e+09
5.725926172437161767e+03 2.950467815000000000e+09
5.774776792975627359e+03 2.608429127000000000e+09
5.757894508518416842e+03 2.083522419000000000e+09
5.686015124835006645e+03 3.194829336000000000e+09
5.686216520893109191e+03 1.403063980000000000e+08
5.793178569615081869e+03 3.628437606000000000e+09
5.749076859402511218e+03 2.736896389000000000e+09
5.765861979933162729e+03 1.926884450000000000e+08
5.776886757810299969e+03 9.000877080000000000e+08
