# Lens_likelihood 	 seed
5.116981568723067539e+03 1.917773730000000000e+09
5.097732749569815496e+03 4.075656240000000000e+09
5.097510568996183792e+03 8.335716860000000000e+08
5.098978201491767322e+03 3.093665997000000000e+09
5.106285145966326127e+03 1.623724851000000000e+09
5.134218098822638240e+03 1.510030126000000000e+09
5.104588196624745251e+03 3.271268115000000000e+09
5.100691960890494556e+03 2.571317470000000000e+09
5.109753360693212016e+03 1.498209110000000000e+09
5.102209738319485041e+03 1.777588302000000000e+09
5.094785626808329653e+03 3.173432848000000000e+09
5.100929837666988533e+03 2.839360726000000000e+09
5.102742008822788193e+03 1.479028525000000000e+09
5.132198936330341894e+03 2.228454079000000000e+09
5.133963732050910039e+03 3.138566855000000000e+09
5.105954033133708435e+03 4.216929458000000000e+09
5.096100228666250587e+03 3.552174312000000000e+09
5.105605224190756417e+03 2.540979687000000000e+09
5.104833655724406526e+03 4.175494439000000000e+09
5.101316069136451915e+03 3.834938414000000000e+09
5.097334896470702006e+03 5.108911860000000000e+08
5.112267872919380352e+03 3.284956259000000000e+09
5.089462462322737338e+03 2.369809646000000000e+09
5.108269942882761825e+03 7.905063260000000000e+08
5.101233479148164406e+03 1.819728514000000000e+09
5.102554320529350662e+03 3.267766696000000000e+09
5.129395238269012225e+03 2.706223750000000000e+09
5.127240164651764644e+03 2.477109722000000000e+09
5.117749214606391433e+03 1.589979134000000000e+09
5.100530046643078094e+03 2.771083828000000000e+09
5.087488722516854978e+03 2.092426830000000000e+08
5.111558035585871039e+03 2.411951782000000000e+09
5.113832435455637096e+03 2.530642017000000000e+09
5.137339827470907039e+03 3.932327579000000000e+09
5.086928357942388175e+03 3.913699130000000000e+08
5.102256314399409348e+03 1.078381873000000000e+09
5.104754701150088295e+03 1.579378597000000000e+09
5.099434838371939804e+03 2.074411513000000000e+09
5.090271575486839538e+03 3.156603199000000000e+09
5.103239856289491399e+03 1.940395680000000000e+09
5.086280961529652814e+03 1.630667356000000000e+09
5.142377143238891222e+03 4.621106600000000000e+07
5.117394793115876382e+03 1.359853082000000000e+09
5.112707792901914218e+03 2.982371465000000000e+09
5.109879784187823134e+03 2.618384710000000000e+08
5.090282479803044225e+03 1.618223415000000000e+09
5.097312940131441792e+03 2.204271846000000000e+09
5.094449531684669637e+03 1.023442128000000000e+09
5.118955666229736380e+03 3.157919077000000000e+09
5.090087590623683354e+03 3.116742395000000000e+09
5.096048193287155300e+03 2.855929870000000000e+09
5.094327159646519249e+03 2.978282884000000000e+09
5.094241616408615300e+03 2.430477807000000000e+09
5.115314644960611986e+03 1.995831051000000000e+09
5.094033070012072130e+03 2.046871927000000000e+09
5.128622139172130119e+03 2.385087976000000000e+09
5.097513857037301932e+03 2.147431620000000000e+09
5.100983847855502063e+03 4.011781728000000000e+09
5.116419276444165007e+03 9.113301810000000000e+08
5.112537208849215858e+03 1.907242880000000000e+08
5.096716453522160009e+03 3.635820386000000000e+09
5.137169364762027726e+03 2.375360924000000000e+09
5.096036447888341172e+03 1.843223967000000000e+09
5.109272445072638220e+03 1.000864590000000000e+09
5.106961516870975174e+03 6.141492070000000000e+08
5.110881289213873970e+03 3.534652772000000000e+09
5.118539720834647596e+03 4.357361240000000000e+08
5.110750495577052789e+03 3.781089866000000000e+09
5.129513399677387497e+03 2.825937909000000000e+09
5.129608208157919762e+03 2.648990826000000000e+09
5.094327005186691167e+03 3.554732698000000000e+09
5.113584441427085039e+03 2.653792487000000000e+09
5.093782931484907749e+03 1.826165573000000000e+09
5.124340644469738436e+03 3.535219231000000000e+09
5.095206882899859920e+03 2.396427973000000000e+09
5.109957170294913340e+03 3.567143434000000000e+09
5.120263969762920169e+03 1.421894894000000000e+09
5.117526784081139340e+03 2.516301764000000000e+09
5.088846032321061102e+03 4.242510370000000000e+08
5.103477929824384773e+03 2.587175369000000000e+09
5.103961487353136363e+03 3.868320279000000000e+09
5.100105802775633492e+03 4.039112489000000000e+09
5.099616081805708745e+03 3.748701280000000000e+08
5.088866739074841462e+03 3.104002760000000000e+09
5.071683049622046383e+03 4.927067340000000000e+08
5.108104541555789183e+03 5.753941990000000000e+08
5.103579576900983739e+03 1.377813191000000000e+09
5.111180894616533806e+03 5.020203300000000000e+07
5.124083223649779029e+03 3.320491747000000000e+09
5.100221889278319395e+03 2.746016138000000000e+09
5.082181542530734987e+03 2.730465848000000000e+09
5.112511484406104501e+03 7.464794060000000000e+08
5.106716425212354807e+03 2.193863379000000000e+09
5.098515220817180307e+03 1.383229261000000000e+09
5.113411062448501980e+03 4.119982467000000000e+09
5.110975075045163067e+03 2.584031669000000000e+09
5.122983807218174661e+03 9.085093910000000000e+08
5.087354952813588170e+03 3.961641310000000000e+08
5.107877209284055425e+03 2.859142769000000000e+09
5.128955065670166732e+03 1.957757919000000000e+09
5.119461218774673398e+03 2.202827443000000000e+09
5.109393510660107495e+03 3.663242662000000000e+09
5.090767290206869802e+03 2.775059856000000000e+09
5.101063383111779331e+03 2.855983392000000000e+09
5.120956177135776670e+03 2.739775169000000000e+09
5.090493406335506734e+03 4.219484518000000000e+09
5.101170123673374292e+03 1.989363053000000000e+09
5.101150272081061303e+03 2.817408869000000000e+09
5.105886760842358854e+03 4.209690349000000000e+09
5.091424965211609560e+03 3.875748780000000000e+08
5.098274768704151938e+03 1.055965911000000000e+09
5.111602057375791446e+03 2.723275786000000000e+09
5.089089233833217804e+03 2.295258122000000000e+09
5.122783078604984439e+03 1.040433754000000000e+09
5.101054370654785089e+03 3.705453990000000000e+09
5.110829475641000499e+03 3.158260385000000000e+09
5.090951034287279981e+03 3.864922192000000000e+09
5.111924275521771051e+03 4.192329853000000000e+09
5.116378545791313627e+03 6.119988700000000000e+07
5.125849357746508758e+03 4.629405360000000000e+08
5.105448277226106256e+03 3.923718352000000000e+09
5.126739380339146010e+03 3.538504728000000000e+09
5.123074492604831903e+03 3.523353057000000000e+09
5.128805617319578232e+03 1.641740816000000000e+09
5.126663350232345692e+03 1.154833030000000000e+09
5.121845523330068318e+03 2.539967465000000000e+09
5.096766368375129787e+03 4.699407890000000000e+08
5.097281987842383387e+03 4.033126000000000000e+08
5.121622744662263358e+03 3.736259775000000000e+09
5.097189144814502470e+03 1.156274432000000000e+09
5.124657378214098571e+03 3.485166266000000000e+09
5.111997250678214186e+03 3.452409015000000000e+09
5.123280080630011980e+03 2.983537667000000000e+09
5.084137155077900388e+03 2.029104505000000000e+09
5.105052668286234621e+03 3.183610527000000000e+09
5.105264202903292244e+03 3.468858337000000000e+09
5.113389244847340706e+03 1.231061330000000000e+09
5.107016805848127660e+03 2.261113309000000000e+09
5.124719526678931288e+03 5.538656720000000000e+08
5.139078206352278357e+03 1.213731132000000000e+09
5.091552380819206519e+03 3.507084015000000000e+09
5.098362858108500404e+03 3.875561510000000000e+09
5.114452498184684373e+03 2.370775991000000000e+09
5.104675088097083062e+03 2.587426699000000000e+09
5.108846161003295492e+03 7.043307160000000000e+08
5.114407973727702483e+03 4.206797180000000000e+09
5.093287055199136375e+03 2.513995238000000000e+09
5.101090093977019023e+03 5.655166660000000000e+08
5.099180921847432728e+03 2.655867618000000000e+09
5.106902735257917811e+03 3.187191669000000000e+09
5.084736605327529105e+03 1.145851463000000000e+09
5.139937402607971308e+03 3.845554672000000000e+09
5.122913201436677809e+03 8.274991320000000000e+08
5.104198173448996386e+03 2.537865243000000000e+09
5.093971372355576023e+03 2.249323638000000000e+09
5.077064018924515040e+03 2.705709276000000000e+09
5.099082138873123768e+03 3.960334335000000000e+09
5.126491490774771592e+03 2.140578007000000000e+09
5.119060594348776249e+03 3.111431496000000000e+09
5.136261803628660346e+03 6.835227140000000000e+08
5.124668600071622677e+03 1.225890837000000000e+09
5.123839305479321411e+03 3.807222203000000000e+09
5.088485317843714256e+03 6.870616270000000000e+08
5.087814447413715243e+03 2.551131001000000000e+09
5.110683401179684552e+03 4.024692419000000000e+09
5.123067367628102147e+03 3.703074827000000000e+09
5.106476402570237042e+03 5.549297560000000000e+08
5.118781838076314671e+03 4.145002663000000000e+09
5.116201495140752741e+03 4.266046767000000000e+09
5.111974471610347791e+03 2.761844736000000000e+09
5.108015810444073395e+03 1.650056724000000000e+09
5.119736509360091986e+03 3.122039428000000000e+09
5.112931104631179551e+03 7.151317520000000000e+08
5.099926769625770248e+03 1.543399990000000000e+08
5.106814594743977977e+03 3.421659850000000000e+09
5.094297220613196259e+03 5.137357280000000000e+08
5.114231776457634624e+03 3.642820259000000000e+09
5.104381312676950074e+03 4.650313820000000000e+08
5.095673800785995809e+03 2.614830147000000000e+09
5.100559626457788909e+03 2.954443088000000000e+09
5.117109385554316759e+03 3.355051058000000000e+09
5.102408327145447402e+03 3.152771228000000000e+09
5.113905757263956730e+03 1.353276045000000000e+09
5.089742961378879045e+03 3.301874970000000000e+08
5.107865937999620655e+03 2.612970296000000000e+09
5.113960891050081045e+03 2.680468798000000000e+09
5.097066461920549045e+03 8.897523400000000000e+08
5.116571416861690523e+03 3.604645750000000000e+09
5.073416749680919565e+03 1.839279805000000000e+09
5.107218498397141047e+03 6.678790430000000000e+08
5.098330479329585614e+03 2.432776857000000000e+09
5.119377540105922890e+03 3.332826013000000000e+09
5.109464896051084907e+03 2.526245122000000000e+09
5.109907617669354295e+03 8.274873000000000000e+07
5.093998799564068577e+03 1.628052234000000000e+09
5.105716489010048463e+03 4.158154399000000000e+09
5.105512818102176425e+03 9.785663800000000000e+07
5.102526388002357635e+03 3.172687777000000000e+09
5.092615915709690853e+03 1.131967683000000000e+09
5.097873286612722040e+03 1.953122495000000000e+09
5.097576910197093639e+03 4.597308870000000000e+08
5.095550639056094951e+03 1.913301530000000000e+09
5.089101088997074839e+03 1.025172975000000000e+09
5.065113375208042271e+03 3.095286351000000000e+09
5.100906134884813582e+03 1.675549632000000000e+09
5.111772750485971301e+03 2.889782797000000000e+09
5.102865871305608380e+03 2.602097874000000000e+09
5.106346573819402693e+03 6.434082990000000000e+08
5.103940376673663195e+03 1.005609270000000000e+08
5.085173309485612663e+03 1.987185725000000000e+09
5.094210629049761337e+03 2.196775545000000000e+09
5.115828094011068060e+03 3.028528891000000000e+09
5.097461641121229150e+03 2.821688000000000000e+09
5.107553626250217349e+03 1.893934834000000000e+09
5.108344048731890325e+03 2.869759906000000000e+09
5.098571280621207734e+03 3.498178204000000000e+09
5.087624067650282996e+03 1.747834353000000000e+09
5.100082772300136639e+03 2.127950460000000000e+08
5.120383996612679766e+03 3.492423942000000000e+09
5.130781197690392219e+03 5.163964300000000000e+08
5.100514752199545910e+03 3.483073542000000000e+09
5.112289881226133730e+03 1.240922050000000000e+08
5.098464387590205661e+03 3.464667728000000000e+09
5.111313028483869857e+03 2.357339087000000000e+09
5.073235210820212160e+03 3.728467340000000000e+08
5.095331336309104699e+03 4.272162400000000000e+09
5.079385564986961981e+03 1.156502354000000000e+09
5.117360853938505898e+03 1.621167004000000000e+09
5.114838246551896191e+03 3.417680630000000000e+09
5.096614942467089350e+03 5.412458930000000000e+08
5.099229460850388932e+03 1.024974190000000000e+08
5.098152056721042754e+03 3.016309210000000000e+08
5.111433366660128740e+03 3.854591750000000000e+09
5.106984343852695019e+03 3.218580678000000000e+09
5.105949644816380896e+03 3.128595138000000000e+09
5.097175190199867757e+03 3.425572910000000000e+09
5.109293052435115897e+03 3.933519725000000000e+09
5.117136680043784509e+03 3.049924973000000000e+09
5.133946905293732016e+03 2.558150669000000000e+09
5.104453919979728198e+03 1.257621857000000000e+09
5.093374312267278583e+03 3.560326479000000000e+09
5.122870188318063811e+03 1.006601712000000000e+09
5.130763293816149599e+03 3.882647464000000000e+09
5.100020772520445462e+03 7.697911690000000000e+08
5.116127379851934165e+03 3.924010883000000000e+09
5.096435424634759329e+03 1.898365220000000000e+09
5.108754919812943626e+03 3.793466886000000000e+09
5.102530149489561154e+03 1.737960266000000000e+09
5.082652048318587731e+03 2.670566154000000000e+09
5.128885589276536848e+03 1.204306001000000000e+09
5.082451093766765553e+03 3.844380428000000000e+09
5.143386673123395667e+03 4.371619910000000000e+08
5.102208505931259424e+03 1.217817895000000000e+09
5.137285982567219435e+03 3.348646748000000000e+09
5.107410979143380246e+03 3.972556394000000000e+09
5.144348738207387214e+03 1.864219737000000000e+09
5.093230896667433626e+03 4.148540838000000000e+09
5.129484522743660818e+03 3.676413314000000000e+09
5.111017935117576599e+03 2.085652630000000000e+08
5.108620589693542570e+03 6.141500800000000000e+08
5.124366931024616861e+03 7.766183500000000000e+08
5.129558315073448284e+03 1.242175108000000000e+09
5.067427322080482554e+03 4.058386419000000000e+09
5.137085559439075951e+03 1.096074565000000000e+09
5.093670404212434732e+03 3.330419853000000000e+09
5.113262455615305043e+03 4.116654692000000000e+09
5.109223371176634828e+03 7.168863820000000000e+08
5.074898264599470167e+03 3.326506396000000000e+09
5.161503352999707204e+03 3.746712752000000000e+09
5.091012813367157833e+03 1.311571434000000000e+09
5.095100417978394944e+03 3.004288591000000000e+09
5.112033782005364628e+03 1.958983683000000000e+09
5.091948380334185458e+03 2.324228479000000000e+09
5.119554197377114178e+03 4.055228723000000000e+09
5.092127090043253702e+03 2.166938672000000000e+09
5.110867089685974861e+03 3.166836934000000000e+09
5.112058351972820674e+03 8.955208100000000000e+08
5.115413220673117394e+03 4.954110820000000000e+08
5.116868267616490812e+03 3.675875638000000000e+09
5.108786154276652269e+03 3.044670338000000000e+09
5.129755345462714104e+03 1.298813320000000000e+09
5.069119709222138226e+03 2.054144149000000000e+09
5.090905042258741560e+03 2.752165953000000000e+09
5.093814710038871453e+03 1.392148845000000000e+09
5.124714600858989797e+03 2.152081780000000000e+09
5.112801813160073834e+03 2.404651704000000000e+09
5.115054510708438102e+03 2.055123859000000000e+09
5.112642874469198432e+03 2.523237896000000000e+09
5.099462229947591368e+03 2.786242740000000000e+08
5.115467151063387064e+03 3.937973457000000000e+09
5.125778449878604079e+03 1.644652400000000000e+08
5.131047420925591723e+03 3.838803999000000000e+09
5.107037602317291203e+03 6.115132660000000000e+08
5.093994090930322272e+03 1.250701321000000000e+09
5.099988110362678526e+03 3.834186728000000000e+09
5.085594186327733951e+03 1.860514960000000000e+08
5.106781327242219049e+03 4.292530698000000000e+09
5.104858539619637668e+03 1.163941195000000000e+09
5.113895266677634936e+03 1.042135769000000000e+09
5.083615434849131816e+03 3.900969189000000000e+09
5.119311949761643518e+03 2.933552584000000000e+09
5.093070484389521880e+03 5.049612620000000000e+08
5.108925214045263601e+03 1.510617972000000000e+09
5.102685895502444509e+03 3.011969787000000000e+09
5.098115250914772332e+03 1.704621948000000000e+09
5.083628560493803889e+03 2.002404052000000000e+09
5.117174394376483178e+03 2.284863812000000000e+09
5.086572234459773426e+03 7.865544630000000000e+08
5.138968388491142832e+03 1.266519855000000000e+09
5.124983665376926183e+03 3.744433661000000000e+09
5.130651762888605845e+03 1.805240375000000000e+09
5.092429126536126205e+03 7.995033030000000000e+08
5.082558851988347669e+03 1.937192100000000000e+07
5.099234736292602975e+03 3.461932929000000000e+09
5.093469011816133388e+03 1.118752444000000000e+09
5.098464907820283770e+03 3.039017779000000000e+09
5.115981317225374369e+03 3.440198305000000000e+09
5.096695547592281400e+03 2.343116309000000000e+09
5.117449375010974109e+03 1.721630070000000000e+09
5.097910122853914800e+03 5.535729320000000000e+08
5.108404044333261481e+03 1.766548311000000000e+09
5.086164278988651859e+03 7.382953320000000000e+08
5.092614594585149462e+03 1.434022842000000000e+09
5.111496302271700188e+03 3.066887668000000000e+09
5.086777259674997367e+03 6.635615690000000000e+08
5.128948468734152812e+03 4.097401570000000000e+09
5.091945735687258093e+03 2.208773349000000000e+09
5.093190074233833002e+03 4.291865316000000000e+09
5.125881886883052175e+03 2.209316694000000000e+09
5.106292889367066891e+03 1.837552035000000000e+09
5.101055802054164815e+03 2.035851777000000000e+09
5.096051701237681300e+03 6.867783820000000000e+08
5.102771668787878298e+03 2.247729993000000000e+09
5.112051483695071511e+03 3.343647220000000000e+09
5.095914978490276553e+03 2.952818397000000000e+09
5.104475721275207434e+03 1.690703914000000000e+09
5.090681395909745333e+03 3.958214229000000000e+09
5.119466880397798377e+03 3.099545845000000000e+09
5.100916354732572472e+03 5.867203030000000000e+08
5.093501447238511901e+03 1.268670635000000000e+09
5.112276685474203987e+03 1.681162548000000000e+09
5.108161159341982057e+03 6.915370000000000000e+05
5.097496448402625902e+03 3.133452718000000000e+09
5.095429606618005892e+03 3.922110712000000000e+09
5.117394761686886341e+03 1.202733447000000000e+09
5.128562250566898911e+03 2.149435012000000000e+09
5.117389438892997532e+03 1.038447010000000000e+08
5.111767386381633514e+03 2.913393010000000000e+08
5.089343974446084758e+03 2.055843268000000000e+09
5.088808830372940065e+03 2.581633957000000000e+09
