# Lens_likelihood 	 seed
3.590228447346926259e+03 5.725750000000000000e+08
4.282929216809461650e+03 3.160014218000000000e+09
3.368564665229616367e+03 2.489889301000000000e+09
4.891148881021779744e+03 3.129660929000000000e+09
4.672716086285598067e+03 3.423965910000000000e+09
4.733495207589778147e+03 5.550124070000000000e+08
4.731768550188417066e+03 1.657771737000000000e+09
3.883000605935102612e+03 3.465494623000000000e+09
3.074091755710910547e+03 3.490907042000000000e+09
3.609253538768424733e+03 3.850728125000000000e+09
5.311751367758523884e+03 5.307564870000000000e+08
4.568907872524905542e+03 1.606466185000000000e+09
4.641163656411717966e+03 2.715518198000000000e+09
4.412300413101452250e+03 2.620513914000000000e+09
3.480310873902665662e+03 5.302142800000000000e+08
3.513869960408389488e+03 1.557255385000000000e+09
3.558960690696926576e+03 1.276358349000000000e+09
3.551583664298400436e+03 1.936370971000000000e+09
3.713481804335629931e+03 1.434542817000000000e+09
3.943988084309246915e+03 1.776155341000000000e+09
4.771915410048823105e+03 4.286604672000000000e+09
3.871000490959507260e+03 8.855514100000000000e+08
3.296749257066247992e+03 2.083417327000000000e+09
3.620661861456469524e+03 3.273709294000000000e+09
3.627928612460520526e+03 1.391879020000000000e+08
3.378057289160636174e+03 3.238699436000000000e+09
4.868040796576618959e+03 1.679833081000000000e+09
3.325357926121983837e+03 9.096241790000000000e+08
4.927584347390326002e+03 3.990422432000000000e+09
3.827330237239758389e+03 4.213433669000000000e+09
4.847284947857374391e+03 2.666225553000000000e+09
4.796385162197428144e+03 3.756805683000000000e+09
4.001238086838534400e+03 1.743778530000000000e+09
3.636836377150813860e+03 3.344419727000000000e+09
2.077586797157247929e+03 1.069547790000000000e+09
4.139568960668581894e+03 3.178114568000000000e+09
5.318035946875644186e+03 4.243054718000000000e+09
4.276661268864921112e+03 3.442524709000000000e+09
2.928706568825473369e+03 2.125228200000000000e+07
5.423920047969725601e+03 2.223829753000000000e+09
4.044583506930316616e+03 1.368329279000000000e+09
3.077427451424609899e+03 1.793485101000000000e+09
3.747637754742724610e+03 2.651678904000000000e+09
5.060958034349823720e+03 2.246542849000000000e+09
4.653709889524725440e+03 2.055338583000000000e+09
4.747930582133667485e+03 2.158927118000000000e+09
3.232453553141421253e+03 3.332136026000000000e+09
4.615397642101966994e+03 4.138636524000000000e+09
4.110767910310731168e+03 4.067870171000000000e+09
4.625831120059176101e+03 2.136681782000000000e+09
4.864151982620924173e+03 3.248818360000000000e+08
3.593475385743461629e+03 3.856996237000000000e+09
3.956677310709583253e+03 3.528317683000000000e+09
4.128638344617681469e+03 4.116808866000000000e+09
4.289091703682431216e+03 2.405558545000000000e+09
3.606025005917703311e+03 6.499716200000000000e+07
4.423437806454163365e+03 3.009310269000000000e+09
2.087125163026712471e+03 1.692050616000000000e+09
1.923969227169292026e+03 1.630470670000000000e+08
4.765196583701009331e+03 3.181531507000000000e+09
3.504583475627708140e+03 3.828845581000000000e+09
5.064130664501057254e+03 1.434590536000000000e+09
4.478536687105332021e+03 1.253100448000000000e+09
5.270548955169905639e+03 3.160407060000000000e+09
4.017641826106147164e+03 2.244875815000000000e+09
3.729682443189037258e+03 3.291150607000000000e+09
4.649066375152760884e+03 1.118897310000000000e+09
3.193855748582825981e+03 5.090066450000000000e+08
4.653825322514076106e+03 2.465514435000000000e+09
3.774666511196649481e+03 3.661340619000000000e+09
3.263592417282197857e+03 3.947730554000000000e+09
4.720160537286648832e+03 9.789763250000000000e+08
2.361497990696435409e+03 4.201586103000000000e+09
4.749812621987020975e+03 8.715375100000000000e+08
4.560153825940953539e+03 1.620369598000000000e+09
2.742314165966540713e+03 1.627357869000000000e+09
4.170886931264047234e+03 8.169519600000000000e+07
3.313680625249709010e+03 2.309329455000000000e+09
3.174311579577619341e+03 2.348745330000000000e+09
3.266834074238333415e+03 3.383718051000000000e+09
4.328040437117307192e+03 2.425843570000000000e+09
4.475104481438202129e+03 3.486527838000000000e+09
3.612038779654201790e+03 2.025425660000000000e+08
3.490342934251818406e+03 2.381670514000000000e+09
4.389137083029376299e+03 8.977026090000000000e+08
3.134090161279847962e+03 1.101395392000000000e+09
4.391915768910149382e+03 1.983267512000000000e+09
4.135052455549703154e+03 2.061114909000000000e+09
4.040314714977987023e+03 3.988739925000000000e+09
5.435784092889807653e+03 2.536397873000000000e+09
4.864386399571940274e+03 4.642081960000000000e+08
3.836551355024182158e+03 2.447316274000000000e+09
2.587651085091100867e+03 2.567952144000000000e+09
4.613248345260634778e+03 1.750860676000000000e+09
4.889951976388903859e+03 1.839211132000000000e+09
4.724455038780071845e+03 3.657975432000000000e+09
3.800137067552363987e+03 2.594301793000000000e+09
4.580599688615107880e+03 3.103838533000000000e+09
3.787692440125430949e+03 2.280621034000000000e+09
3.601314913994353446e+03 2.590800490000000000e+08
2.828970772267341090e+03 3.359750407000000000e+09
4.626825045412639156e+03 1.946539117000000000e+09
5.168132523904239861e+03 1.848533007000000000e+09
4.292643626045764904e+03 1.237850586000000000e+09
4.820939172506846262e+03 1.905212205000000000e+09
4.886612505542869258e+03 1.565368466000000000e+09
4.885869183686986617e+03 1.187287453000000000e+09
4.544329406083121285e+03 2.396636700000000000e+07
6.021249598836176119e+03 6.975204180000000000e+08
4.467929006276327527e+03 1.111768047000000000e+09
4.057286591801618670e+03 3.871596859000000000e+09
4.247575693196485190e+03 3.673914000000000000e+08
3.396385223481107460e+03 9.030432360000000000e+08
4.588038657285633235e+03 3.211383300000000000e+07
5.138099065483389495e+03 1.999808428000000000e+09
4.332430188070364238e+03 7.499582300000000000e+07
4.779898631805446712e+03 1.445186868000000000e+09
4.496630216458534051e+03 3.536636503000000000e+09
2.879250356173143700e+03 2.387759905000000000e+09
4.255431092560059369e+03 3.437535490000000000e+08
4.242368332997181824e+03 2.481884573000000000e+09
3.213174084181799117e+03 1.295647978000000000e+09
4.512806909064444881e+03 2.659968092000000000e+09
4.779577844201328844e+03 1.047928350000000000e+09
4.289283017129650034e+03 7.651445990000000000e+08
4.121811694572013948e+03 1.612222875000000000e+09
4.484238971483754540e+03 1.496190473000000000e+09
4.153878491868926176e+03 2.520145626000000000e+09
3.989447295086803024e+03 1.930617332000000000e+09
4.402320404058898021e+03 1.236852512000000000e+09
5.054211719211306445e+03 6.086127410000000000e+08
4.074992625439902440e+03 2.476623607000000000e+09
4.968428516686873991e+03 3.050043147000000000e+09
4.949761933627267354e+03 3.357193916000000000e+09
4.334067996349305758e+03 3.032826123000000000e+09
3.111552796524620135e+03 5.851882980000000000e+08
3.914368540348842544e+03 1.334579775000000000e+09
4.330510095888138494e+03 7.550324300000000000e+08
4.435495227703858291e+03 2.360622933000000000e+09
4.979735994540295906e+03 3.708370814000000000e+09
4.918034654449134905e+03 1.798159882000000000e+09
3.022943837932825772e+03 1.212908416000000000e+09
3.777698232122397712e+03 4.688071470000000000e+08
3.930607956308180292e+03 8.739898490000000000e+08
4.818901310950910556e+03 3.749795230000000000e+08
4.604266646877908897e+03 2.024660384000000000e+09
3.432235526272800598e+03 3.063766885000000000e+09
3.550307632099718830e+03 2.986862880000000000e+08
4.396350219704906522e+03 1.482111456000000000e+09
3.739063480157897175e+03 3.494057880000000000e+08
3.893799546584025848e+03 3.715755538000000000e+09
3.460479651590388130e+03 3.819534746000000000e+09
4.124446491734960546e+03 2.198335922000000000e+09
1.606111694490730770e+03 3.533052990000000000e+09
4.840830531688379779e+03 3.619149292000000000e+09
3.755873882508953102e+03 8.608456880000000000e+08
5.151946401977900678e+03 2.621647590000000000e+09
4.842638967643910291e+03 4.123841351000000000e+09
4.490638107555352690e+03 2.341276647000000000e+09
4.546358111415214807e+03 8.263383220000000000e+08
4.469270122485499087e+03 3.450299822000000000e+09
3.621128264619658694e+03 3.687810419000000000e+09
4.766645803524086659e+03 2.569461000000000000e+08
2.384144080501976532e+03 2.339427700000000000e+09
4.079138207372632678e+03 1.196553418000000000e+09
2.923026355526136285e+03 1.410321575000000000e+09
3.129798916058797658e+03 1.563255891000000000e+09
5.051989994392582048e+03 1.481322379000000000e+09
4.056331749483056228e+03 1.048929444000000000e+09
4.555837416448775002e+03 1.175300728000000000e+09
4.562471262853407097e+03 2.311206167000000000e+09
3.623414860270652753e+03 2.003776516000000000e+09
3.125801398947793132e+03 4.021390520000000000e+08
3.707659106817959582e+03 2.348288494000000000e+09
4.994243292578211367e+03 3.269702090000000000e+09
4.535469626491120835e+03 3.923961100000000000e+08
3.793737729712686814e+03 2.878685255000000000e+09
4.342136153957066199e+03 2.728970529000000000e+09
4.896159296134766009e+03 2.652644868000000000e+09
4.894829728149436050e+03 1.839925444000000000e+09
3.552299992376538285e+03 2.198482045000000000e+09
3.389514872323407872e+03 2.391718392000000000e+09
5.083982726941274450e+03 6.490351600000000000e+07
3.842982245282280019e+03 4.028547346000000000e+09
5.191914849436950135e+03 2.173648621000000000e+09
4.893971635666403017e+03 1.759600905000000000e+09
4.114860352313017756e+03 8.215299540000000000e+08
3.479463367858205856e+03 6.676780340000000000e+08
3.402103954502002125e+03 2.844063860000000000e+08
3.074064810844241947e+03 2.344219916000000000e+09
2.721638193832191064e+03 2.969251487000000000e+09
4.910376090838906748e+03 6.821699910000000000e+08
2.256606324476703776e+03 1.234620586000000000e+09
4.320543562510836637e+03 1.002760111000000000e+09
3.698624344027338338e+03 2.105160102000000000e+09
2.883827778002824743e+03 2.772724202000000000e+09
4.500299499450152325e+03 1.724757587000000000e+09
2.935350811546345540e+03 2.563407202000000000e+09
3.939262942589443810e+03 2.187159527000000000e+09
4.522606221466981879e+03 3.928692610000000000e+08
3.150122591118964010e+03 1.841314297000000000e+09
4.931587832453902593e+03 1.820013489000000000e+09
4.730222458724786520e+03 3.031820184000000000e+09
3.168550344769415460e+03 4.216529976000000000e+09
4.558052104529147982e+03 7.417468270000000000e+08
4.244120764185792723e+03 2.921423111000000000e+09
3.732790426737028611e+03 6.073759680000000000e+08
4.509575711661367677e+03 1.581364162000000000e+09
3.122566204811551870e+03 2.561011483000000000e+09
3.784008943066663960e+03 3.977873901000000000e+09
4.537236299852302182e+03 4.181871488000000000e+09
4.277419175247209751e+03 5.278399040000000000e+08
4.204347323366879209e+03 1.111787467000000000e+09
3.782637805252101316e+03 2.424183013000000000e+09
3.694589760960956482e+03 3.867797979000000000e+09
3.684922506160819466e+03 2.516864124000000000e+09
3.598417815470668756e+03 2.840036377000000000e+09
3.181027223929510910e+03 3.234478410000000000e+08
4.213221588400194378e+03 1.378363006000000000e+09
4.266122213862417993e+03 2.471299924000000000e+09
4.102233532705896323e+03 2.792682612000000000e+09
3.960532347811912587e+03 4.104219778000000000e+09
3.273213438119288185e+03 3.283945370000000000e+09
5.351954993592611572e+03 1.753055362000000000e+09
4.094499266285905833e+03 6.387795580000000000e+08
4.175996849466919230e+03 7.542838410000000000e+08
3.446105491811881620e+03 2.441200219000000000e+09
5.679118887342958260e+03 2.685474030000000000e+09
3.820343610296550651e+03 2.836059303000000000e+09
3.855986807367859910e+03 3.433167312000000000e+09
4.981110595646636284e+03 2.178145906000000000e+09
3.208704062227394388e+03 1.713672238000000000e+09
3.887673458632387337e+03 2.776018434000000000e+09
5.512045806440515662e+03 3.447989488000000000e+09
4.494275398886227777e+03 8.840453000000000000e+07
4.419745864777912175e+03 2.426485235000000000e+09
3.805511224750087422e+03 1.203726846000000000e+09
3.012720242784781476e+03 1.616992199000000000e+09
4.097219212340655758e+03 8.211288250000000000e+08
5.089440162860668352e+03 1.048825879000000000e+09
3.713717252710403045e+03 1.860984072000000000e+09
3.197796099801666969e+03 3.717394017000000000e+09
3.416569279207393265e+03 6.070052000000000000e+08
5.093419770860746212e+03 2.539905351000000000e+09
4.882455559717460346e+03 3.175085842000000000e+09
4.732181411687082800e+03 2.213381440000000000e+08
4.713361094894064081e+03 2.181855340000000000e+09
2.843224482320983043e+03 3.012283160000000000e+08
3.213032357382000555e+03 3.875932121000000000e+09
4.730612682538894660e+03 3.872586050000000000e+09
4.058825645478930710e+03 3.209964632000000000e+09
4.249253777082047236e+03 4.155885819000000000e+09
4.262244243059988548e+03 1.507375534000000000e+09
4.015710551719426803e+03 3.486883120000000000e+09
3.929291676853127683e+03 3.875634989000000000e+09
4.290292906825153295e+03 3.164932038000000000e+09
3.266680023291190992e+03 2.068620920000000000e+09
4.222835272032841203e+03 4.058410410000000000e+08
3.252606471889581371e+03 1.149760482000000000e+09
3.088445966463335026e+03 4.068485469000000000e+09
4.687858805394888805e+03 3.544757961000000000e+09
3.519406252884353307e+03 3.351731700000000000e+07
4.289936675537671363e+03 1.315343962000000000e+09
3.341924599300135014e+03 4.235090188000000000e+09
4.399073548466639295e+03 1.268749950000000000e+09
4.439456616645998110e+03 2.819380671000000000e+09
2.544946692691364660e+03 9.046009030000000000e+08
3.490453066357817079e+03 1.125135509000000000e+09
4.322421697172343556e+03 1.535673062000000000e+09
4.763661452017430747e+03 3.003599199000000000e+09
4.347631762551167412e+03 1.062554004000000000e+09
4.145861948146181930e+03 5.514540570000000000e+08
4.786180180908060720e+03 1.425828419000000000e+09
3.025841649221125408e+03 8.680723400000000000e+08
3.356216657512513848e+03 2.982410657000000000e+09
4.250977353364288319e+03 3.717249118000000000e+09
4.693967802385421237e+03 3.397679034000000000e+09
4.666761794860964073e+03 4.092879804000000000e+09
4.847042431170400050e+03 2.695092241000000000e+09
4.970481255519649494e+03 5.274926330000000000e+08
4.759040665380744031e+03 1.662881558000000000e+09
4.323648543989148493e+03 3.808079286000000000e+09
4.773921464592109260e+03 2.973773020000000000e+08
3.816291538421371115e+03 3.973965300000000000e+07
4.276120041057369235e+03 2.014296188000000000e+09
3.453853525713842828e+03 3.532210827000000000e+09
3.843179049368223787e+03 3.056514655000000000e+09
4.442077981582269786e+03 2.653159495000000000e+09
4.545196217747569790e+03 1.001065555000000000e+09
3.302994808986528369e+03 1.343845996000000000e+09
5.065896144301449567e+03 3.914270578000000000e+09
3.965636193019371603e+03 4.076049863000000000e+09
3.918370614251345614e+03 2.020689341000000000e+09
4.123842554135181672e+03 8.936586480000000000e+08
4.285775055665101718e+03 3.995845810000000000e+09
3.832511028132013053e+03 1.808775183000000000e+09
4.808459931812856667e+03 3.564774364000000000e+09
5.468370307769497231e+03 1.110679134000000000e+09
3.350642525179925542e+03 1.398854060000000000e+09
5.107620440499047618e+03 3.609755467000000000e+09
4.450325298181205653e+03 3.749447790000000000e+09
5.168529083781312693e+03 1.277147742000000000e+09
4.599385322477278351e+03 1.412099188000000000e+09
5.120743124839344091e+03 4.112566017000000000e+09
4.438111306671101374e+03 1.155140044000000000e+09
5.207971610857419364e+03 3.417173472000000000e+09
4.322782499512712093e+03 3.025790680000000000e+08
3.705669397343625860e+03 8.190665870000000000e+08
5.860768236879848700e+03 1.521659288000000000e+09
5.049070207252299952e+03 3.802465171000000000e+09
1.927914042014908773e+03 1.852116560000000000e+09
4.103302848270543109e+03 2.713552662000000000e+09
4.443892358454331770e+03 5.517956000000000000e+08
3.441832919126365596e+03 2.685955765000000000e+09
4.448291571553383619e+03 2.989524866000000000e+09
3.676890687352375608e+03 2.907319289000000000e+09
4.501672084300083043e+03 2.723934180000000000e+09
4.104800766978783031e+03 1.443997084000000000e+09
3.388892272421586313e+03 2.250527330000000000e+08
3.979610561749041153e+03 2.117367491000000000e+09
4.823734039955253138e+03 1.133867412000000000e+09
4.682873874080216410e+03 2.690584229000000000e+09
3.462774041168025178e+03 1.400571711000000000e+09
3.883612048521094948e+03 3.939496652000000000e+09
4.294841367209533928e+03 1.466954835000000000e+09
4.220577712097338917e+03 1.831986840000000000e+09
3.689625812911945104e+03 1.520458740000000000e+08
4.627815283898638882e+03 4.125324610000000000e+08
5.262009087924006963e+03 1.807768365000000000e+09
3.073981411355728596e+03 1.160537070000000000e+08
4.072953393084214440e+03 4.201361504000000000e+09
4.367260600104667901e+03 3.758874433000000000e+09
4.405635188883800765e+03 4.051734480000000000e+08
2.602276120919733330e+03 4.945233010000000000e+08
4.659939797406877005e+03 4.201264710000000000e+09
1.036959152778138559e+03 1.229509183000000000e+09
3.571065916144592848e+03 2.251437979000000000e+09
4.149506445562656154e+03 2.251694486000000000e+09
5.294905693454098582e+03 3.224197826000000000e+09
4.817448329065104190e+03 1.752471169000000000e+09
4.889144019550345547e+03 2.632744709000000000e+09
3.710360350952967565e+03 1.321081318000000000e+09
4.631491645803098436e+03 3.729404252000000000e+09
3.328300134463378527e+03 3.983563670000000000e+09
4.616406981322009415e+03 4.161354700000000000e+08
4.085310703653784003e+03 1.613958550000000000e+09
3.946017455321074522e+03 9.258862150000000000e+08
4.025155066109293330e+03 1.282375645000000000e+09
4.159056417284651616e+03 1.406463482000000000e+09
4.461536335440995572e+03 3.184185824000000000e+09
