# Lens_likelihood 	 seed
6.651237554105668096e+03 1.450969211000000000e+09
6.676683088537320145e+03 3.087739823000000000e+09
6.660481278971893516e+03 1.212988374000000000e+09
6.635339946677857370e+03 1.112000165000000000e+09
6.656660532410943233e+03 5.622632200000000000e+08
6.651755779056145002e+03 5.500963100000000000e+08
6.658409255482065419e+03 7.906706930000000000e+08
6.638650664064645753e+03 3.730206330000000000e+08
6.636253505356794449e+03 3.762537965000000000e+09
6.664916143975257910e+03 5.117227350000000000e+08
6.661979115968113547e+03 3.215511409000000000e+09
6.676505233411447080e+03 6.696055550000000000e+08
6.667506057484683879e+03 4.063602329000000000e+09
6.658190629788191472e+03 3.985035886000000000e+09
6.652112403469549463e+03 2.766916760000000000e+08
6.663300801391156710e+03 3.621034102000000000e+09
6.638192212185304925e+03 1.290249361000000000e+09
6.689862708609408401e+03 3.100087260000000000e+08
6.656285300661741530e+03 7.965632000000000000e+07
6.653751319701023021e+03 8.889495820000000000e+08
6.659458698388965786e+03 2.961526406000000000e+09
6.658814958208835378e+03 1.004466590000000000e+09
6.607630818038685902e+03 3.643142129000000000e+09
6.658835342735452286e+03 1.564382678000000000e+09
6.642846263848198760e+03 1.701005608000000000e+09
6.677948107335585519e+03 1.226546427000000000e+09
6.646152662555604365e+03 3.186577783000000000e+09
6.643341108781576622e+03 3.508792631000000000e+09
6.644430779053809601e+03 1.299895186000000000e+09
6.642300298890997510e+03 4.747124490000000000e+08
6.662729962668889129e+03 7.405241390000000000e+08
6.634839108119937009e+03 4.162482767000000000e+09
6.649501409576647347e+03 1.779179358000000000e+09
6.670748896993832204e+03 1.840988230000000000e+08
6.653964606715469017e+03 1.056255416000000000e+09
6.660812803010672724e+03 7.941046020000000000e+08
6.637642665315525846e+03 4.281189476000000000e+09
6.665902025799928197e+03 9.902739830000000000e+08
6.676555585425707250e+03 3.910444365000000000e+09
6.623907606688813758e+03 2.676363201000000000e+09
6.669215040222612515e+03 1.418793836000000000e+09
6.631301149159129636e+03 3.283461818000000000e+09
6.672017484181574218e+03 4.281376761000000000e+09
6.667675126756324062e+03 3.091814407000000000e+09
6.668294848935937807e+03 1.720401804000000000e+09
6.630807903289722162e+03 4.720918800000000000e+07
6.656471496393878624e+03 2.267114210000000000e+08
6.652378132302613267e+03 8.639003960000000000e+08
6.671927948502595427e+03 3.366208330000000000e+09
6.638497457169866721e+03 1.285633714000000000e+09
6.620930381260544891e+03 2.108125330000000000e+09
6.656997338855400812e+03 3.846212975000000000e+09
6.664295350172424151e+03 1.420075790000000000e+08
6.651585544841251249e+03 2.905721642000000000e+09
6.641895297890961956e+03 2.847040357000000000e+09
6.629841341256456872e+03 2.966510969000000000e+09
6.650101190904768373e+03 6.119083670000000000e+08
6.648268128902575882e+03 3.221791818000000000e+09
6.649834551882991036e+03 2.609334865000000000e+09
6.629278222357626873e+03 2.486024053000000000e+09
6.653210005812103191e+03 7.893178580000000000e+08
6.693384261445724405e+03 1.790154023000000000e+09
6.641946878445825860e+03 5.667492550000000000e+08
6.662109008147494933e+03 3.509251980000000000e+08
6.665772876109069330e+03 2.871147865000000000e+09
6.647114054041287091e+03 2.544524462000000000e+09
6.660607388048203575e+03 3.158610364000000000e+09
6.674071909629357833e+03 1.208257631000000000e+09
6.663798321743584893e+03 1.868918933000000000e+09
6.689641183359079150e+03 2.667125750000000000e+09
6.653283722562651747e+03 2.435182005000000000e+09
6.621357791224792891e+03 7.921151800000000000e+08
6.662463597002703864e+03 5.136929230000000000e+08
6.665757950696711305e+03 2.166914624000000000e+09
6.628021970128864268e+03 2.528562470000000000e+08
6.658707299292613243e+03 1.992574632000000000e+09
6.660976384504012458e+03 1.137719485000000000e+09
6.646583465345209333e+03 3.141911725000000000e+09
6.645335504881990346e+03 1.883929893000000000e+09
6.640647601455863878e+03 6.441829420000000000e+08
6.640905765566894843e+03 2.363665560000000000e+09
6.657908307085060187e+03 1.134538200000000000e+08
6.645424890864731424e+03 4.582308600000000000e+07
6.640125189789921933e+03 2.141910735000000000e+09
6.652679063985871835e+03 1.187858621000000000e+09
6.655231367969708117e+03 1.024116766000000000e+09
6.669242284030669907e+03 2.880525237000000000e+09
6.633788147901984303e+03 2.865445546000000000e+09
6.632050158521591584e+03 2.870567053000000000e+09
6.643266446876958071e+03 7.646753080000000000e+08
6.639964099330628414e+03 9.001805100000000000e+07
6.609843205493491041e+03 2.921046725000000000e+09
6.633652017539654480e+03 6.534267220000000000e+08
6.679906561454225084e+03 2.596665083000000000e+09
6.647897761504587834e+03 3.313060852000000000e+09
6.639687965311188236e+03 1.750971707000000000e+09
6.673066770890861335e+03 2.881085080000000000e+08
6.645800666685424403e+03 3.644647235000000000e+09
6.666415688351417884e+03 2.340072361000000000e+09
6.662988018646963610e+03 1.525269169000000000e+09
6.603800196694846818e+03 3.946495711000000000e+09
6.648304724684034227e+03 3.594283642000000000e+09
6.658211489164478735e+03 7.193640490000000000e+08
6.655169946964122573e+03 1.031489160000000000e+08
6.631726739242440090e+03 3.504831461000000000e+09
6.620977892374758085e+03 2.236120974000000000e+09
6.686622263494394247e+03 6.415560250000000000e+08
6.654835403242298526e+03 3.682655796000000000e+09
6.655022741791501176e+03 2.026827650000000000e+08
6.649225904693021221e+03 4.210300970000000000e+09
6.655348576232223422e+03 1.409137735000000000e+09
6.644113972306740834e+03 2.205462740000000000e+08
6.659382656547986699e+03 3.828155070000000000e+08
6.663482964982513295e+03 3.940927450000000000e+08
6.661984220441066100e+03 7.837160640000000000e+08
6.658274724372695346e+03 1.157877064000000000e+09
6.612685374306500307e+03 2.433753145000000000e+09
6.662080662461063184e+03 4.027072012000000000e+09
6.667015133023265662e+03 4.178095783000000000e+09
6.623835447647329602e+03 4.272567535000000000e+09
6.671428030972645502e+03 3.778321527000000000e+09
6.647711645225743268e+03 6.428471770000000000e+08
6.677215783839080359e+03 3.533162787000000000e+09
6.658128500228326629e+03 2.782609521000000000e+09
6.650989041733502745e+03 3.540144744000000000e+09
6.652119504723685168e+03 9.777829820000000000e+08
6.653307668776451465e+03 1.353392133000000000e+09
6.625230344817207879e+03 1.659308220000000000e+09
6.691621768127124597e+03 1.605965204000000000e+09
6.629219026972153188e+03 1.001288050000000000e+08
6.636270301242650021e+03 2.221168790000000000e+08
6.620340832987798422e+03 4.056423089000000000e+09
6.647766138165559823e+03 2.273053051000000000e+09
6.636335509543058834e+03 1.860904504000000000e+09
6.663550541386563964e+03 1.249905100000000000e+09
6.669860329104307311e+03 2.081610462000000000e+09
6.631654344099647460e+03 2.723687011000000000e+09
6.668681932367166155e+03 2.751670899000000000e+09
6.666705682814241300e+03 4.823702680000000000e+08
6.656250090005014499e+03 3.406158201000000000e+09
6.637819114059795538e+03 2.780291838000000000e+09
6.635807962615036558e+03 2.349352912000000000e+09
6.639074296364979091e+03 2.165574014000000000e+09
6.681638597152685179e+03 1.951473395000000000e+09
6.669925040209987856e+03 1.935914921000000000e+09
6.655186177989347925e+03 4.738333070000000000e+08
6.666809850551435375e+03 4.137122457000000000e+09
6.643504665715116062e+03 7.257335250000000000e+08
6.653851145774209726e+03 2.015032110000000000e+08
6.650522942056118154e+03 3.653332145000000000e+09
6.649109252078912505e+03 1.261079327000000000e+09
6.664280138292929223e+03 2.032973806000000000e+09
6.684671897266536689e+03 2.124948595000000000e+09
6.655191214131699780e+03 1.874166770000000000e+09
6.636197787527757100e+03 4.262367136000000000e+09
6.640536437058486626e+03 1.439597520000000000e+09
6.672932968727302068e+03 9.355851240000000000e+08
6.674476396008435586e+03 7.406905800000000000e+08
6.657422408335100044e+03 2.528089671000000000e+09
6.643162026894406154e+03 2.917500163000000000e+09
6.663226847006771095e+03 1.287787300000000000e+08
6.698407420054981230e+03 3.826021524000000000e+09
6.654782746238873187e+03 1.887532161000000000e+09
6.671303459878514332e+03 1.115913073000000000e+09
6.646652831316621814e+03 1.488109288000000000e+09
6.688492116362109300e+03 1.031561429000000000e+09
6.642615823770885982e+03 3.341024480000000000e+09
6.678106218466713472e+03 3.846257651000000000e+09
6.647298141764401407e+03 8.745375110000000000e+08
6.618492760441235077e+03 2.679126652000000000e+09
6.675120055009225325e+03 7.459065870000000000e+08
6.647875783569901614e+03 2.075420401000000000e+09
6.666437823571410263e+03 3.600163867000000000e+09
6.626738224077647828e+03 3.509633260000000000e+09
6.681770104889188588e+03 1.418823540000000000e+09
6.616574891263977406e+03 1.357518290000000000e+08
6.646702148628427494e+03 3.010730104000000000e+09
6.683704507617521813e+03 7.893500790000000000e+08
6.659073969900927295e+03 3.426948910000000000e+08
6.654344461013020918e+03 2.385368836000000000e+09
6.659120539225613356e+03 2.142894201000000000e+09
6.678349089445311620e+03 1.705471941000000000e+09
6.684848873609125803e+03 3.047801124000000000e+09
6.645327307216813097e+03 2.214710265000000000e+09
6.646414495847560829e+03 4.353349540000000000e+08
6.647639035960579349e+03 4.198100844000000000e+09
6.685031515597798716e+03 2.873799588000000000e+09
6.656755988705808704e+03 5.418519110000000000e+08
6.669728364596392566e+03 1.548210210000000000e+09
6.669324048035463420e+03 9.970365280000000000e+08
6.653195327638346498e+03 1.869046909000000000e+09
6.660628682617034428e+03 1.992786409000000000e+09
6.660438716516719069e+03 2.610775945000000000e+09
6.676961083784386574e+03 4.172855300000000000e+07
6.657248237738675016e+03 5.426771300000000000e+07
6.658373495939542408e+03 2.003644128000000000e+09
6.652301633262754876e+03 2.204250254000000000e+09
6.633188021220841620e+03 2.554503307000000000e+09
6.656418597181788755e+03 1.729522952000000000e+09
6.622468892256105391e+03 1.443747056000000000e+09
6.642202612657288228e+03 4.010833249000000000e+09
6.667516415127691289e+03 1.860657686000000000e+09
6.611668544134026888e+03 4.008100594000000000e+09
6.654855640092831891e+03 2.539099986000000000e+09
6.650086005493319135e+03 1.940073481000000000e+09
6.649978191087767300e+03 3.556993160000000000e+09
6.672146825018131494e+03 1.218175016000000000e+09
6.619883796637039268e+03 2.551488686000000000e+09
6.644760186930684540e+03 1.403503396000000000e+09
6.653783767760238334e+03 1.676185407000000000e+09
6.653778960961606572e+03 1.623947186000000000e+09
6.630616358555025727e+03 2.474581783000000000e+09
6.681546064983669567e+03 3.910603515000000000e+09
6.640864880895497663e+03 7.468791300000000000e+07
6.683100877178372684e+03 1.809785606000000000e+09
6.638475819403598507e+03 1.939305461000000000e+09
6.666692873429027713e+03 2.223788033000000000e+09
6.664044946792077099e+03 2.274135762000000000e+09
6.655204467871855741e+03 1.359511106000000000e+09
6.651784235827717566e+03 1.658474651000000000e+09
6.654882294843035197e+03 1.636250604000000000e+09
6.636257493615928979e+03 1.515936816000000000e+09
6.655831686423400242e+03 1.018079230000000000e+08
6.673380044140524660e+03 2.924763618000000000e+09
6.660472733310780313e+03 4.274235797000000000e+09
6.673439680314671023e+03 1.311615727000000000e+09
6.635032840795696757e+03 3.971237798000000000e+09
6.645122920109015467e+03 2.220346511000000000e+09
6.653121635697752936e+03 2.320774507000000000e+09
6.642678582993397868e+03 2.279325219000000000e+09
6.647486424890669696e+03 3.233589876000000000e+09
6.658917757511435411e+03 1.716101621000000000e+09
6.667623473858542638e+03 2.011718002000000000e+09
6.648101141696207378e+03 1.716356560000000000e+09
6.669531459513657865e+03 2.219090530000000000e+09
6.648713063142940882e+03 8.693649270000000000e+08
6.620330503501927524e+03 1.550295248000000000e+09
6.639155139082666210e+03 2.194956809000000000e+09
6.662817941181851893e+03 2.293170420000000000e+08
6.645497736869185246e+03 2.960877773000000000e+09
6.652955806235164346e+03 4.218499901000000000e+09
6.616999936823687676e+03 2.667045438000000000e+09
6.653668532120972486e+03 1.532633413000000000e+09
6.656412196032806605e+03 4.016315753000000000e+09
6.659837888713888788e+03 3.724701205000000000e+09
6.656854545285846143e+03 3.490828189000000000e+09
6.651255723549625145e+03 1.397230507000000000e+09
6.656581098057726194e+03 1.513759534000000000e+09
6.632805122395331637e+03 4.342337020000000000e+08
6.672434494415194422e+03 5.335392320000000000e+08
6.646483213062874711e+03 2.081942570000000000e+09
6.665488530719473601e+03 5.540263010000000000e+08
6.660923444077878230e+03 1.018282316000000000e+09
6.663315474838444061e+03 3.406001312000000000e+09
6.644248064315233023e+03 3.550731398000000000e+09
6.648365901111191306e+03 2.212639589000000000e+09
6.634847708003875596e+03 1.513516251000000000e+09
6.664232921656870531e+03 1.772270378000000000e+09
6.662441099344523536e+03 2.269682990000000000e+08
6.669633000724940757e+03 2.971462300000000000e+08
6.636699692410315038e+03 2.332120173000000000e+09
6.668923100620460900e+03 9.485868750000000000e+08
6.654610225599770274e+03 4.056398296000000000e+09
6.638576857518341058e+03 4.341451640000000000e+08
6.658437804336558656e+03 9.843180330000000000e+08
6.663770501330424850e+03 3.846620727000000000e+09
6.633004605084909599e+03 4.081337160000000000e+09
6.666573236884882135e+03 1.086785515000000000e+09
6.645869748464088843e+03 2.811020155000000000e+09
6.646488342797476434e+03 9.878921610000000000e+08
6.692036761606065738e+03 1.418784470000000000e+09
6.642072840713519327e+03 1.399270776000000000e+09
6.663145444615153792e+03 4.011165742000000000e+09
6.661623361890819069e+03 4.087594527000000000e+09
6.629615718833683786e+03 2.072097769000000000e+09
6.651506044163350452e+03 2.417971277000000000e+09
6.642923553026803347e+03 3.378397819000000000e+09
6.651284309067035792e+03 2.695898797000000000e+09
6.652453397772494100e+03 1.628579865000000000e+09
6.702935431321736360e+03 3.144856649000000000e+09
6.662910124654829815e+03 5.043977720000000000e+08
6.646185178793216437e+03 1.851402957000000000e+09
6.655843512622518574e+03 2.697526937000000000e+09
6.645358318347763998e+03 3.565778460000000000e+08
6.630379801997571121e+03 3.405282820000000000e+09
6.652797350160217320e+03 3.478431271000000000e+09
6.662939352925762250e+03 1.323086792000000000e+09
6.607059387723975306e+03 3.157935200000000000e+08
6.657909927454279568e+03 1.416347546000000000e+09
6.637862821150978561e+03 5.932591100000000000e+07
6.663996707422071268e+03 2.867402389000000000e+09
6.653535373237722524e+03 1.458046519000000000e+09
6.656503421604979849e+03 3.789773930000000000e+08
6.693333457644508599e+03 1.064221501000000000e+09
6.652523946537020493e+03 6.625909840000000000e+08
6.655160484389851263e+03 4.278054327000000000e+09
6.651847465760776686e+03 2.487758768000000000e+09
6.648575233215046865e+03 1.981484051000000000e+09
6.644055901835457007e+03 9.096287630000000000e+08
6.635134913051051626e+03 2.077587587000000000e+09
6.676561470684047890e+03 3.418310673000000000e+09
6.669457563318723260e+03 7.493672240000000000e+08
6.648407558866498221e+03 3.145640393000000000e+09
6.652412350611620241e+03 2.383650670000000000e+09
6.641689281546665370e+03 1.742696642000000000e+09
6.668823952278978140e+03 1.336828893000000000e+09
6.653061708649552202e+03 1.263203955000000000e+09
6.632963934349738338e+03 2.614922648000000000e+09
6.655621064064825077e+03 4.076455389000000000e+09
6.655248828153254181e+03 3.576653749000000000e+09
6.638785728897061745e+03 2.414075235000000000e+09
6.658808735734669426e+03 1.175648302000000000e+09
6.650793982791899907e+03 3.668113499000000000e+09
6.644898676226973294e+03 1.014186968000000000e+09
6.668280329575371070e+03 1.912910567000000000e+09
6.655451799067736829e+03 2.376646796000000000e+09
6.628710422762754206e+03 5.965103160000000000e+08
6.649969505085584387e+03 4.248173400000000000e+08
6.657856345354782206e+03 9.107885180000000000e+08
6.652977879855858191e+03 2.159503370000000000e+08
6.663186173362713816e+03 2.326834658000000000e+09
6.664089742110071711e+03 3.491401192000000000e+09
6.658242467427437077e+03 7.887590200000000000e+07
6.673296388953582209e+03 3.293918117000000000e+09
6.667800757098743816e+03 1.118471349000000000e+09
6.651958359647333054e+03 5.857676690000000000e+08
6.667413574615358812e+03 1.165174970000000000e+09
6.630771542492780100e+03 2.990085226000000000e+09
6.664518324162031604e+03 2.467271684000000000e+09
6.619132157711590480e+03 5.625309390000000000e+08
6.660452458614385250e+03 2.075331765000000000e+09
6.634483404418149803e+03 3.987677124000000000e+09
6.646794528337407428e+03 3.088284151000000000e+09
6.649897376089746103e+03 2.099170123000000000e+09
6.660105300261320735e+03 3.177903508000000000e+09
6.633066926473652529e+03 2.611148988000000000e+09
6.641111321235034666e+03 4.327471200000000000e+08
6.651550500344837928e+03 5.751806380000000000e+08
6.669922541450670906e+03 4.225844929000000000e+09
6.672495248654613533e+03 2.814726588000000000e+09
6.632246252398830620e+03 7.983416100000000000e+07
6.662018086974815560e+03 2.512803295000000000e+09
6.653632078916566570e+03 1.735374290000000000e+08
6.651956586432411314e+03 3.336211192000000000e+09
6.635229282814391809e+03 4.104620132000000000e+09
6.642907624652641061e+03 3.682419488000000000e+09
6.667696908780684680e+03 3.575846518000000000e+09
6.650708101160933438e+03 3.876517925000000000e+09
6.622219417160657940e+03 6.033085670000000000e+08
6.642253232714349906e+03 1.798704219000000000e+09
