# Lens_likelihood 	 seed
6.228152841908738992e+03 4.901500120000000000e+08
6.281007204246372567e+03 3.559719228000000000e+09
6.261748712613021780e+03 1.801360650000000000e+09
6.261903388807278134e+03 2.411323668000000000e+09
6.240399197811158956e+03 6.409216020000000000e+08
6.252704198819931662e+03 1.750463431000000000e+09
6.277146027353105637e+03 3.867433300000000000e+09
6.276217192130529838e+03 2.878683398000000000e+09
6.274482126382074966e+03 1.640240738000000000e+09
6.241027854760617629e+03 2.631273184000000000e+09
6.274931936186036182e+03 2.349080514000000000e+09
6.265141110678836412e+03 2.336154018000000000e+09
6.251527317508265696e+03 7.259084870000000000e+08
6.276607844047837716e+03 1.910191417000000000e+09
6.268478937602627411e+03 3.578761691000000000e+09
6.214350893224884203e+03 1.165414665000000000e+09
6.282160011975865928e+03 1.220544679000000000e+09
6.249246841054188735e+03 1.861069458000000000e+09
6.253888542176536248e+03 4.750885430000000000e+08
6.245255306553408445e+03 2.161436806000000000e+09
6.217250667446000989e+03 2.391654733000000000e+09
6.213021203881431575e+03 2.892965993000000000e+09
6.275632083851030075e+03 2.261014890000000000e+09
6.244957540768327817e+03 2.079483959000000000e+09
6.281462497036178320e+03 2.881848989000000000e+09
6.235748380283422193e+03 4.758398850000000000e+08
6.239901408194764372e+03 3.067870198000000000e+09
6.240120660736269201e+03 2.173491637000000000e+09
6.267271491630520359e+03 1.408789674000000000e+09
6.270149433773559394e+03 9.231053590000000000e+08
6.225842917992949879e+03 1.524106638000000000e+09
6.239091942547596773e+03 3.736072082000000000e+09
6.232554794872815364e+03 3.615266800000000000e+07
6.259778032125699610e+03 2.801647959000000000e+09
6.264517923100478583e+03 3.990469267000000000e+09
6.267910147436868101e+03 9.178974210000000000e+08
6.203415221429906524e+03 1.961352364000000000e+09
6.260445102494933963e+03 3.086735850000000000e+09
6.271379437239014806e+03 1.059743986000000000e+09
6.247338406284581652e+03 2.215426260000000000e+09
6.273772512133004057e+03 3.591737827000000000e+09
6.258889454397495683e+03 3.496821545000000000e+09
6.284394598174330895e+03 7.335952150000000000e+08
6.225451007793230929e+03 2.629609708000000000e+09
6.213592228816306488e+03 3.731954236000000000e+09
6.295872412956650805e+03 3.998211939000000000e+09
6.243198785247729575e+03 3.291329414000000000e+09
6.276574895406588439e+03 1.242354556000000000e+09
6.273982677108872849e+03 3.795383916000000000e+09
6.255418807155117975e+03 2.608267590000000000e+08
6.258020558438523040e+03 1.730448046000000000e+09
6.292688128780038824e+03 8.329175360000000000e+08
6.234992473291906208e+03 4.475389040000000000e+08
6.248656123981633755e+03 1.327108752000000000e+09
6.210833159029069975e+03 2.563601700000000000e+07
6.268109110379196864e+03 4.176288480000000000e+09
6.277105628734268066e+03 3.495817069000000000e+09
6.261578685187052542e+03 7.068858000000000000e+07
6.240046926834696023e+03 4.189918331000000000e+09
6.236168144035274054e+03 2.326866836000000000e+09
6.242212499235582072e+03 7.555847010000000000e+08
6.273166512481585414e+03 3.725928319000000000e+09
6.239180293101067946e+03 2.015225283000000000e+09
6.225559161184246477e+03 4.989593180000000000e+08
6.245719381886727206e+03 3.165738662000000000e+09
6.240233091789303217e+03 1.572607392000000000e+09
6.285180459948513999e+03 7.699009970000000000e+08
6.270628102632745140e+03 1.726934720000000000e+08
6.274171187726536118e+03 1.318330545000000000e+09
6.217171858934190823e+03 8.040051980000000000e+08
6.231190422324709289e+03 4.035467356000000000e+09
6.235524959696307633e+03 1.862143287000000000e+09
6.263086555357544967e+03 2.428237317000000000e+09
6.251266210600887462e+03 1.639190191000000000e+09
6.243772838012015200e+03 6.168871670000000000e+08
6.251386226743972657e+03 1.059924351000000000e+09
6.255191653200697147e+03 3.564358105000000000e+09
6.277016371217402593e+03 2.962317400000000000e+08
6.279825612862601702e+03 3.084346742000000000e+09
6.290953753257754215e+03 2.029289899000000000e+09
6.242270641557886847e+03 3.245133097000000000e+09
6.277296675215195137e+03 5.717388100000000000e+07
6.260426415910955257e+03 2.838053851000000000e+09
6.228033729695420334e+03 3.285274230000000000e+08
6.271013181355147026e+03 2.043732670000000000e+09
6.250505929324987846e+03 2.732347437000000000e+09
6.271951680993151967e+03 3.447807425000000000e+09
6.251081145785703484e+03 1.950409149000000000e+09
6.258323542993325646e+03 2.306412544000000000e+09
6.266038929930757149e+03 4.284518318000000000e+09
6.282453228924641735e+03 1.559862785000000000e+09
6.181391540264912692e+03 3.910743507000000000e+09
6.288880727250665586e+03 1.024775777000000000e+09
6.237511626673559476e+03 1.966728795000000000e+09
6.216651943794674480e+03 4.250712839000000000e+09
6.288293756842558651e+03 1.442368266000000000e+09
6.241759575892439898e+03 3.804894390000000000e+08
6.227795074878436935e+03 3.607278648000000000e+09
6.254596676115595983e+03 1.360643279000000000e+09
6.250078787166396069e+03 2.953751118000000000e+09
6.297355993043580384e+03 1.742948400000000000e+09
6.252733407947634987e+03 4.145835870000000000e+08
6.247276412670153150e+03 3.401277580000000000e+08
6.262474891250485598e+03 2.302762140000000000e+08
6.274077925019291797e+03 3.345524394000000000e+09
6.251174296854773274e+03 5.057591040000000000e+08
6.242701626069470876e+03 6.340928460000000000e+08
6.273232171943600406e+03 6.178219770000000000e+08
6.260386656098355161e+03 8.938567860000000000e+08
6.197768331935440983e+03 3.176608000000000000e+09
6.257919371950484674e+03 4.070957450000000000e+09
6.282856079038389908e+03 1.184498500000000000e+07
6.249404227036339762e+03 2.496066960000000000e+08
6.264346568360888341e+03 2.580170470000000000e+09
6.248465057043047636e+03 3.743128312000000000e+09
6.250167601064604241e+03 3.771689720000000000e+09
6.216705443334705706e+03 2.517805265000000000e+09
6.285958551700659882e+03 1.234358563000000000e+09
6.245571910584820216e+03 2.098192530000000000e+09
6.239732414800553670e+03 8.607284160000000000e+08
6.256858641698753672e+03 9.317516790000000000e+08
6.304183135613169725e+03 2.019400466000000000e+09
6.243694659306355788e+03 1.951400998000000000e+09
6.271355905523465481e+03 2.069956954000000000e+09
6.268972003522867453e+03 1.121003137000000000e+09
6.264433595774586138e+03 2.831201545000000000e+09
6.285528919821399541e+03 2.611135759000000000e+09
6.264714137983105502e+03 1.240752959000000000e+09
6.276652916450048906e+03 2.933040654000000000e+09
6.270589734749219133e+03 2.326613489000000000e+09
6.259635051690583168e+03 2.995443552000000000e+09
6.253589195495530475e+03 1.972564306000000000e+09
6.257336643279349119e+03 4.268108890000000000e+08
6.216810404211665627e+03 3.952949519000000000e+09
6.258491685652289561e+03 2.263773651000000000e+09
6.202811807501115254e+03 3.835954423000000000e+09
6.250608973573185722e+03 3.338258456000000000e+09
6.261703892527870266e+03 1.248178900000000000e+09
6.232485263841970664e+03 2.550459473000000000e+09
6.280532929964842879e+03 4.096471750000000000e+09
6.285889141940852824e+03 2.750596000000000000e+09
6.213112621749495702e+03 1.971408140000000000e+08
6.219336607885408739e+03 1.434449581000000000e+09
6.249541675364609546e+03 1.562174873000000000e+09
6.232216929148866257e+03 2.432418664000000000e+09
6.241119830616406034e+03 3.313572132000000000e+09
6.225480078484356454e+03 2.084027854000000000e+09
6.268772201047140697e+03 7.045004630000000000e+08
6.260228703691585906e+03 3.633749554000000000e+09
6.232484124572531073e+03 8.144703800000000000e+07
6.258637523590175988e+03 3.882138205000000000e+09
6.279419789658729314e+03 1.573645594000000000e+09
6.258168467787385453e+03 1.357349981000000000e+09
6.267910673508989021e+03 7.546838820000000000e+08
6.253200961113392623e+03 1.499661744000000000e+09
6.291663385981581087e+03 3.327296355000000000e+09
6.273163510263126227e+03 4.197409760000000000e+09
6.254230042296346255e+03 3.968885597000000000e+09
6.228265595574178406e+03 1.137368471000000000e+09
6.268807656999008032e+03 7.779699940000000000e+08
6.196447244960870194e+03 4.074794126000000000e+09
6.245609042563355615e+03 3.803873586000000000e+09
6.269727767246278745e+03 2.478369373000000000e+09
6.249399556446436691e+03 3.506758592000000000e+09
6.281036901459363435e+03 2.320336244000000000e+09
6.254311689011647104e+03 1.260992562000000000e+09
6.264975556996980231e+03 7.160590260000000000e+08
6.268794426292989556e+03 3.347592673000000000e+09
6.212358361078024245e+03 3.061817890000000000e+08
6.268011364145933840e+03 3.342588563000000000e+09
6.247327687862572930e+03 1.234227251000000000e+09
6.255422522261849736e+03 2.877388958000000000e+09
6.222432728071780730e+03 2.232092546000000000e+09
6.268592723553607357e+03 4.229667883000000000e+09
6.269680441610718844e+03 1.735440405000000000e+09
6.243637422429091203e+03 3.539904185000000000e+09
6.173440567828136409e+03 6.845056400000000000e+07
6.250143622832913934e+03 4.022449430000000000e+08
6.228743504639402090e+03 5.345780040000000000e+08
6.286100059921812317e+03 1.604287432000000000e+09
6.248477486103323827e+03 1.954264140000000000e+09
6.247872015321334402e+03 2.659344589000000000e+09
6.212866440281306495e+03 3.948733849000000000e+09
6.284690397757161008e+03 2.068609584000000000e+09
6.271961432808280733e+03 3.879559549000000000e+09
6.264917343809804152e+03 3.994380412000000000e+09
6.239571855653612147e+03 1.123261861000000000e+09
6.277253814742741270e+03 1.449765238000000000e+09
6.235988759237763588e+03 1.798647356000000000e+09
6.268783116484901257e+03 3.313151020000000000e+09
6.243634161032552583e+03 1.551954020000000000e+09
6.279842223275536526e+03 9.983044870000000000e+08
6.236259845707438217e+03 4.042796274000000000e+09
6.228218982827629588e+03 7.226314760000000000e+08
6.254616236394318548e+03 3.120593275000000000e+09
6.235463325976115811e+03 2.268054358000000000e+09
6.263090815362391368e+03 2.117513771000000000e+09
6.255015422243150169e+03 2.536341286000000000e+09
6.273919033946491254e+03 2.398504130000000000e+09
6.260165463327185535e+03 8.671469100000000000e+07
6.225436299873950702e+03 2.956651090000000000e+09
6.252932469985291391e+03 3.436254586000000000e+09
6.270815803740448246e+03 1.609970672000000000e+09
6.223312665468532941e+03 3.124596090000000000e+09
6.234149086574689136e+03 2.338750022000000000e+09
6.261015863848642766e+03 1.830537323000000000e+09
6.197241629405616550e+03 3.623036512000000000e+09
6.249054505441276888e+03 3.305410121000000000e+09
6.266609510257709189e+03 3.860415300000000000e+07
6.236683938476758158e+03 3.421235921000000000e+09
6.235271864774650567e+03 1.464368476000000000e+09
6.243221107391539590e+03 4.208251397000000000e+09
6.262595124069574922e+03 7.418410120000000000e+08
6.303256221006676242e+03 4.137772507000000000e+09
6.257070944829047221e+03 3.378669957000000000e+09
6.248582640845842434e+03 3.845902033000000000e+09
6.270244479342367413e+03 1.943120743000000000e+09
6.269827196366240969e+03 2.094333848000000000e+09
6.234460545825213558e+03 1.091479350000000000e+08
6.254016211404741625e+03 2.844213655000000000e+09
6.235744413662332590e+03 3.107256210000000000e+08
6.196765681209857576e+03 3.616485706000000000e+09
6.280548440099662912e+03 2.964922091000000000e+09
6.273104295435661697e+03 2.007809160000000000e+09
6.259779462721426171e+03 1.608603732000000000e+09
6.281583640122757060e+03 2.828622094000000000e+09
6.291559594060491690e+03 2.212174339000000000e+09
6.247522954983249292e+03 3.560638460000000000e+08
6.280403215782565894e+03 3.460239153000000000e+09
6.217323856464724486e+03 2.147497904000000000e+09
6.261499171796365772e+03 4.000958169000000000e+09
6.282513440172982882e+03 3.446830794000000000e+09
6.262738761659613374e+03 1.551837771000000000e+09
6.235983987851149323e+03 1.073238269000000000e+09
6.272736292513049193e+03 3.944715259000000000e+09
6.245254150666507485e+03 3.622215899000000000e+09
6.255624139339043722e+03 3.159881844000000000e+09
6.221678503224660744e+03 2.075217511000000000e+09
6.267503586532237932e+03 1.897429472000000000e+09
6.229558778305499800e+03 7.007999550000000000e+08
6.251794904735846103e+03 3.193415004000000000e+09
6.286575776219438922e+03 2.516161886000000000e+09
6.305150218238047273e+03 1.354674651000000000e+09
6.249860895005723251e+03 2.710094483000000000e+09
6.258459609670350801e+03 4.309921700000000000e+08
6.235273426178158843e+03 1.536299393000000000e+09
6.262087654271962492e+03 3.407253097000000000e+09
6.270197654097784834e+03 2.092687653000000000e+09
6.244283655291152172e+03 1.883788046000000000e+09
6.208019213013988519e+03 1.420087910000000000e+08
6.239893122548618521e+03 4.818688070000000000e+08
6.263797546143488944e+03 2.992243731000000000e+09
6.309559978285986290e+03 9.685585130000000000e+08
6.259926625726467137e+03 2.539223116000000000e+09
6.262273234789831804e+03 4.061059685000000000e+09
6.262511561311530386e+03 1.864033249000000000e+09
6.263550720254336738e+03 3.248279057000000000e+09
6.249980185826530033e+03 1.817125796000000000e+09
6.229903832694234552e+03 7.782213650000000000e+08
6.275052518938824505e+03 4.271373385000000000e+09
6.219612483080923994e+03 8.053890490000000000e+08
6.244182709990956027e+03 3.525111433000000000e+09
6.253004708947239124e+03 7.394087960000000000e+08
6.257964580149511676e+03 2.678530620000000000e+09
6.264566202311602865e+03 6.148561940000000000e+08
6.269039903840346597e+03 2.695134907000000000e+09
6.234051549741466260e+03 7.775116160000000000e+08
6.259567451036758939e+03 2.281875110000000000e+09
6.247011073685271185e+03 1.015052604000000000e+09
6.181698900404648157e+03 7.969205870000000000e+08
6.288703167013684833e+03 2.032100808000000000e+09
6.241303611307263964e+03 3.577283768000000000e+09
6.248598194043332114e+03 3.316633408000000000e+09
6.246227256480910000e+03 7.767935440000000000e+08
6.265975377387344452e+03 3.062362045000000000e+09
6.261946211837141163e+03 4.032675130000000000e+09
6.275181480131532226e+03 9.628983300000000000e+08
6.256435679465863359e+03 3.361864605000000000e+09
6.285225621341961414e+03 2.001775266000000000e+09
6.275623269533773964e+03 5.358651310000000000e+08
6.226531027395139063e+03 2.126104303000000000e+09
6.271506287980259003e+03 1.931083460000000000e+09
6.258513797734808577e+03 2.293537460000000000e+08
6.254523657962276047e+03 4.005119528000000000e+09
6.262289626660499380e+03 3.090036413000000000e+09
6.246959961956479674e+03 2.041880550000000000e+08
6.256817188319992056e+03 3.651398911000000000e+09
6.205169151096399219e+03 3.389838531000000000e+09
6.183611703230008061e+03 2.492222723000000000e+09
6.282659515901626946e+03 4.243861521000000000e+09
6.273315352219369743e+03 2.097462448000000000e+09
6.287211756412603791e+03 1.650416319000000000e+09
6.271340563330197256e+03 3.973931432000000000e+09
6.277238347566386437e+03 3.026630753000000000e+09
6.243910428940779639e+03 1.136735945000000000e+09
6.242300615928392290e+03 2.774780300000000000e+07
6.238124756948574941e+03 6.069517070000000000e+08
6.211848674571748234e+03 9.729104700000000000e+07
6.233768094789854331e+03 1.875445680000000000e+09
6.249491480606517143e+03 1.649218171000000000e+09
6.232922998286462644e+03 3.750716769000000000e+09
6.231773956125430232e+03 2.688271209000000000e+09
6.256255176002545340e+03 1.913541076000000000e+09
6.258890610081338309e+03 2.643450267000000000e+09
6.266507516649548052e+03 4.020068780000000000e+08
6.284141397817414145e+03 2.076619998000000000e+09
6.264523122346026867e+03 1.843868669000000000e+09
6.295510245704419503e+03 2.069160033000000000e+09
6.226931950244634209e+03 1.791974074000000000e+09
6.204030522689601639e+03 4.200995524000000000e+09
6.260211829729504643e+03 3.141046571000000000e+09
6.283802106141853983e+03 1.621429910000000000e+08
6.275780092957684246e+03 6.898122690000000000e+08
6.248689872550517975e+03 4.090111460000000000e+09
6.204071852432405649e+03 2.230689836000000000e+09
6.223760068659305944e+03 2.737468073000000000e+09
6.247766134444711497e+03 5.650989780000000000e+08
6.258200083714185894e+03 2.131296885000000000e+09
6.271206344294395421e+03 2.408608974000000000e+09
6.236390657350379115e+03 2.986977530000000000e+09
6.262229822246366894e+03 2.957301173000000000e+09
6.221217245448437097e+03 9.638894390000000000e+08
6.293150420155297979e+03 2.080271753000000000e+09
6.224783485163634396e+03 4.132113216000000000e+09
6.259439632587880624e+03 4.413661870000000000e+08
6.257272425432471209e+03 3.293716663000000000e+09
6.285945586351586826e+03 5.790240220000000000e+08
6.259287948729715936e+03 1.656769338000000000e+09
6.270802991637550804e+03 4.644810950000000000e+08
6.246630078938703264e+03 4.183277402000000000e+09
6.253338752631059833e+03 7.844048250000000000e+08
6.212499162601532589e+03 2.838782140000000000e+09
6.256854769610891708e+03 3.889321561000000000e+09
6.226718105112506237e+03 2.219521958000000000e+09
6.266595486026580147e+03 4.195731232000000000e+09
6.305395534781125207e+03 1.948118922000000000e+09
6.234762899615257993e+03 2.822118859000000000e+09
6.276750529726392415e+03 3.904002595000000000e+09
6.291142046028496225e+03 1.527929082000000000e+09
6.257821979251345510e+03 2.590806846000000000e+09
6.255001054723444213e+03 3.352768726000000000e+09
6.266901062620339872e+03 3.385531294000000000e+09
6.245843544847246449e+03 2.930705257000000000e+09
6.266470518445570633e+03 3.022156657000000000e+09
6.261831584764144282e+03 3.496119522000000000e+09
6.261398487935301091e+03 4.256634868000000000e+09
6.238282200044547608e+03 5.296099560000000000e+08
6.236319406438510669e+03 4.181226910000000000e+09
6.269991852083455342e+03 3.148590873000000000e+09
6.213459926429573898e+03 4.522129320000000000e+08
