# Lens_likelihood 	 seed
5.469878970640474108e+03 2.311573819000000000e+09
5.202211789047603816e+03 1.478306736000000000e+09
5.251282130646983205e+03 2.345861457000000000e+09
5.319134986199702325e+03 5.827436230000000000e+08
5.582080950343334734e+03 1.840697602000000000e+09
5.276374125585120964e+03 1.889486486000000000e+09
5.643356899987895304e+03 5.038038210000000000e+08
5.293371005813419288e+03 4.247701374000000000e+09
5.182871597669332004e+03 1.336215182000000000e+09
5.150426843599308086e+03 5.260670370000000000e+08
5.326319566817508530e+03 2.470182830000000000e+08
5.413800167533645435e+03 4.244338038000000000e+09
5.296569802765041459e+03 2.570300129000000000e+09
5.286142687913457848e+03 3.203459386000000000e+09
5.278647638583353910e+03 2.798147701000000000e+09
5.294475901440545385e+03 3.947028643000000000e+09
5.150181071262073601e+03 2.239051766000000000e+09
5.040618999616421206e+03 1.167083036000000000e+09
5.301215090853977927e+03 1.846861390000000000e+08
5.143958097444368832e+03 2.262192688000000000e+09
5.215615683805929621e+03 1.521122391000000000e+09
5.088967993655155624e+03 1.630656061000000000e+09
5.486891772215851233e+03 1.790136280000000000e+08
5.282832012455790391e+03 2.491096876000000000e+09
5.339423629011180310e+03 2.085502492000000000e+09
5.139677436049519201e+03 1.922298782000000000e+09
5.304912889783470746e+03 2.245361363000000000e+09
5.134382149426907745e+03 1.865236470000000000e+08
5.290065767517935456e+03 1.127345610000000000e+09
5.379977444319079041e+03 3.815226407000000000e+09
5.089759793721027563e+03 2.311086150000000000e+09
5.290424920660982934e+03 2.864881860000000000e+09
5.523979282722752941e+03 2.333867893000000000e+09
5.265348314412127365e+03 1.272159291000000000e+09
5.349420918625293780e+03 1.945912847000000000e+09
5.110288270963581454e+03 1.390911865000000000e+09
5.241761412606903832e+03 2.942501583000000000e+09
5.438463721088326565e+03 3.585046583000000000e+09
5.404522832139973616e+03 1.379908175000000000e+09
5.291103927298579947e+03 3.662638062000000000e+09
5.205530576268908590e+03 9.585910540000000000e+08
5.192601664595174952e+03 3.799587432000000000e+09
5.375619293306850523e+03 1.389215794000000000e+09
5.094791947715481911e+03 1.848416433000000000e+09
5.123323923071249737e+03 1.473009277000000000e+09
5.447275368500011609e+03 4.116696087000000000e+09
5.290562402605397438e+03 3.165232657000000000e+09
5.136077003663253890e+03 2.694910572000000000e+09
5.388586154426853682e+03 2.074733411000000000e+09
5.497263066087456536e+03 8.876135360000000000e+08
5.143560639729292234e+03 9.820886500000000000e+08
5.214418249161635686e+03 1.550120947000000000e+09
5.248603813540302326e+03 3.647457256000000000e+09
5.139388922181109592e+03 3.428973208000000000e+09
5.415340518021809658e+03 2.451418148000000000e+09
5.180813978421062529e+03 2.804157761000000000e+09
5.073927558791161573e+03 2.263524104000000000e+09
5.229603070028369075e+03 3.788908826000000000e+09
5.435444677298062743e+03 2.325821356000000000e+09
5.312681896535408669e+03 2.796684948000000000e+09
5.400881974039165470e+03 3.385100000000000000e+07
5.120868223341007251e+03 1.117251910000000000e+08
5.073760429113039208e+03 3.061266528000000000e+09
5.282788619229279902e+03 1.465460623000000000e+09
5.261910256476463474e+03 4.186330130000000000e+09
5.088129263053523573e+03 9.815313790000000000e+08
5.141876581921048455e+03 2.044077428000000000e+09
5.345052920266756701e+03 3.307245672000000000e+09
5.076480048964980597e+03 3.406769540000000000e+09
5.146831263232699712e+03 1.868644416000000000e+09
5.248112924782350092e+03 3.758515959000000000e+09
5.236923384760026238e+03 3.769025504000000000e+09
5.282516785734617770e+03 4.067187698000000000e+09
5.045191116278485424e+03 1.772968638000000000e+09
5.316393079503948684e+03 1.002201280000000000e+09
5.301380256383647065e+03 3.120418730000000000e+08
5.194332032153442924e+03 8.434732790000000000e+08
5.301319975347066247e+03 4.063484250000000000e+08
5.193555520459126456e+03 1.902567647000000000e+09
5.125780828920670501e+03 1.896617190000000000e+09
5.251575292536193956e+03 8.590660620000000000e+08
5.241089951214290522e+03 7.467458440000000000e+08
5.205829895502080035e+03 2.717362459000000000e+09
5.297995863975573229e+03 4.267666321000000000e+09
5.141549696369207595e+03 5.296141830000000000e+08
5.311884361284844090e+03 3.258655628000000000e+09
5.262438037964035175e+03 1.561780500000000000e+07
5.255826632504856207e+03 3.200604721000000000e+09
5.217367613992799306e+03 4.278587770000000000e+08
5.214470906938382541e+03 1.982533492000000000e+09
5.179373338468480142e+03 1.693470470000000000e+08
5.089922621495665226e+03 3.356530161000000000e+09
5.082966824577597436e+03 3.252011433000000000e+09
5.215366882350257583e+03 3.609164729000000000e+09
5.194674611652113526e+03 4.092984539000000000e+09
5.225394973026695880e+03 3.425833973000000000e+09
5.347539790285101844e+03 9.391991580000000000e+08
5.069184749738837127e+03 3.839469801000000000e+09
5.210039712035259072e+03 3.085220208000000000e+09
5.205980863179134758e+03 3.325704949000000000e+09
5.211161405014770025e+03 1.330646956000000000e+09
5.269930572226734512e+03 3.865154337000000000e+09
5.340932726186896616e+03 3.282860394000000000e+09
5.296933966178806259e+03 9.358832230000000000e+08
5.331718213079203451e+03 1.466277783000000000e+09
5.325613094076725247e+03 2.585632836000000000e+09
5.560409518589222898e+03 2.934473810000000000e+08
5.404494104105471706e+03 3.831511605000000000e+09
5.344457965808140216e+03 4.548214310000000000e+08
5.254422552584539517e+03 1.540063139000000000e+09
5.236158008304055329e+03 3.602881689000000000e+09
5.425049709740645994e+03 1.556456313000000000e+09
5.238933992667851271e+03 1.969060787000000000e+09
5.271121371815196653e+03 8.816175560000000000e+08
5.216415950953908578e+03 3.309430804000000000e+09
5.253666035510834263e+03 1.648619520000000000e+09
5.403349612797587724e+03 3.972579035000000000e+09
5.200484972365313297e+03 4.120507899000000000e+09
5.133497469491287120e+03 2.902152339000000000e+09
5.061812535332900552e+03 4.125561648000000000e+09
5.303473409913180149e+03 2.141521491000000000e+09
5.203850128353145919e+03 3.276751341000000000e+09
5.269703427019104311e+03 3.434267957000000000e+09
5.094421695438152710e+03 9.116401880000000000e+08
5.227884399532357747e+03 2.210007090000000000e+09
5.166214274132647915e+03 2.643993761000000000e+09
5.191868155206543634e+03 3.517088954000000000e+09
5.318578269917147736e+03 6.361818920000000000e+08
5.135817529176416429e+03 7.029041570000000000e+08
5.207353021370789065e+03 8.090899180000000000e+08
5.293655229542502639e+03 3.706973799000000000e+09
5.170299248982213612e+03 3.366567201000000000e+09
5.193533267006272581e+03 3.545646190000000000e+09
5.120045851186037908e+03 2.868783019000000000e+09
5.318394174192084392e+03 1.901424470000000000e+08
5.375934271999556586e+03 8.333445710000000000e+08
5.309268820796004547e+03 5.456057890000000000e+08
5.300511678957778713e+03 3.777446360000000000e+09
5.019647959931376136e+03 3.272859352000000000e+09
5.232664401690032719e+03 4.107699604000000000e+09
5.104888567719186540e+03 2.429168112000000000e+09
5.263766335831352990e+03 1.518187086000000000e+09
5.302602007720097390e+03 3.161649206000000000e+09
5.136904992390639563e+03 3.163430839000000000e+09
5.268313767009436560e+03 2.693756567000000000e+09
5.342264733473954948e+03 2.331111348000000000e+09
5.216674672845232635e+03 2.164491548000000000e+09
5.362168135212520610e+03 3.366262250000000000e+08
5.428318226560437324e+03 2.624665181000000000e+09
5.116230903646087427e+03 2.644912581000000000e+09
5.278536409520338566e+03 3.508596316000000000e+09
5.223618791029673048e+03 3.902194050000000000e+09
5.191697810976787878e+03 3.848534928000000000e+09
5.396550357951499791e+03 1.936293712000000000e+09
5.278905806956493507e+03 1.209411530000000000e+08
5.068526250524601892e+03 1.343258292000000000e+09
5.536295985587094037e+03 2.799560084000000000e+09
5.434686538506555735e+03 1.869126208000000000e+09
5.232020931222146828e+03 3.832137740000000000e+08
5.239619170791063880e+03 2.731325700000000000e+08
5.183694933478634994e+03 4.278597695000000000e+09
5.388901729861785498e+03 2.411070562000000000e+09
5.160291900621468812e+03 1.376081596000000000e+09
5.259274611146245661e+03 8.361463600000000000e+08
5.416496593765486978e+03 3.846711777000000000e+09
5.264131436424298954e+03 7.704970720000000000e+08
5.229639135935767627e+03 2.482640665000000000e+09
5.555427775445810767e+03 2.335544172000000000e+09
5.210343707416001052e+03 1.154878200000000000e+09
5.076073386414938795e+03 1.960330820000000000e+09
5.267317728259103205e+03 3.037214945000000000e+09
5.244618810216328711e+03 2.771775357000000000e+09
5.100277310793157994e+03 1.373302919000000000e+09
5.370010568875202807e+03 2.630917294000000000e+09
5.341627547516432969e+03 2.590772795000000000e+09
5.500031797044179257e+03 2.152272454000000000e+09
5.229908035937067325e+03 4.034366392000000000e+09
5.377247823492781208e+03 3.883736770000000000e+08
5.195965195959747689e+03 3.443425606000000000e+09
5.373293322923462256e+03 4.123015160000000000e+08
5.178597463244026585e+03 2.151838779000000000e+09
5.281676372489621826e+03 3.493566316000000000e+09
5.259767875802380331e+03 1.048564933000000000e+09
5.038746015977729257e+03 1.454060648000000000e+09
5.219466577847455483e+03 4.148344059000000000e+09
5.325705351601531220e+03 3.324436394000000000e+09
5.278333601037427798e+03 2.916247618000000000e+09
5.311319410296885508e+03 2.453414710000000000e+08
5.201141545794793274e+03 9.111274970000000000e+08
5.194246442757897057e+03 3.927017299000000000e+09
5.149829540469305357e+03 3.082072052000000000e+09
5.042347894701340920e+03 6.380550740000000000e+08
5.354093747091739715e+03 1.277346732000000000e+09
5.244789635449175876e+03 4.318461130000000000e+08
5.276324433359532122e+03 3.240708400000000000e+07
5.107415264566374390e+03 3.219997209000000000e+09
5.310727231884873618e+03 2.238424371000000000e+09
5.454319328610849880e+03 3.708445491000000000e+09
5.380845399010653637e+03 8.291149310000000000e+08
5.232637805524922442e+03 3.234009098000000000e+09
5.590991579848372567e+03 2.512233574000000000e+09
5.084989560068061110e+03 4.103880092000000000e+09
5.243217821650974656e+03 9.178013460000000000e+08
5.183449623443127166e+03 2.827745720000000000e+08
5.698986738329775108e+03 1.305376833000000000e+09
5.126639235347308386e+03 1.600329629000000000e+09
5.208843056038502255e+03 1.527503775000000000e+09
5.179777787605644335e+03 2.920137796000000000e+09
5.247050607781222425e+03 9.506131900000000000e+07
5.232812873426297301e+03 5.229435260000000000e+08
5.111477680096269978e+03 1.706983398000000000e+09
5.164396708281441533e+03 1.199660702000000000e+09
5.315297708521610730e+03 3.700077866000000000e+09
5.255393755343071462e+03 3.416971040000000000e+08
5.292689509768337302e+03 3.013994342000000000e+09
5.459511521643566994e+03 3.457837516000000000e+09
5.246892718294383485e+03 2.564238601000000000e+09
5.081487575591390851e+03 1.577695784000000000e+09
5.220421252126687250e+03 1.902870056000000000e+09
5.278752985114801049e+03 4.206566892000000000e+09
5.227344878754875026e+03 4.242771081000000000e+09
5.335099325957885412e+03 1.121223845000000000e+09
5.091701534632664334e+03 2.204763944000000000e+09
5.251686817275753128e+03 1.300012870000000000e+08
5.272976959953114601e+03 1.070652724000000000e+09
5.554319022089610371e+03 4.035173849000000000e+09
5.283814342544413194e+03 2.764379259000000000e+09
5.162674288033962512e+03 9.673813640000000000e+08
5.390595841227459459e+03 3.447348438000000000e+09
5.369947531230654931e+03 1.097309815000000000e+09
5.561234528415274326e+03 2.363418256000000000e+09
5.271021213690169134e+03 3.236642480000000000e+09
5.175201991964651825e+03 1.425861098000000000e+09
5.246989168230442374e+03 2.655138009000000000e+09
5.366951289729395285e+03 3.885045949000000000e+09
5.387859091768124927e+03 1.467260506000000000e+09
5.354034402234759000e+03 1.787022280000000000e+09
5.319227492030429858e+03 2.320862902000000000e+09
5.552111483889202646e+03 4.266741420000000000e+09
5.219475839731814631e+03 1.173612307000000000e+09
5.102311924407289553e+03 3.727329146000000000e+09
5.250533492061995275e+03 4.160236861000000000e+09
5.271772500600841340e+03 1.232804106000000000e+09
5.346873546361754052e+03 3.111628456000000000e+09
5.286753464725803497e+03 1.757921693000000000e+09
5.327517959703377528e+03 2.218237167000000000e+09
5.275580874987732386e+03 3.137535177000000000e+09
5.278300899796968224e+03 3.212471640000000000e+08
5.159183640944071158e+03 2.882499526000000000e+09
5.112176506553827494e+03 2.961475244000000000e+09
5.251375022037474082e+03 4.828954130000000000e+08
5.312370041278205463e+03 1.425774280000000000e+09
5.155109327613446112e+03 2.202708835000000000e+09
5.403482985180384276e+03 3.907866896000000000e+09
5.261181318519817069e+03 3.287110033000000000e+09
5.306090646055336038e+03 2.821300407000000000e+09
5.363021192640660047e+03 3.623827634000000000e+09
5.075695732398397922e+03 1.160975279000000000e+09
5.186644124914194435e+03 3.550719780000000000e+09
5.144857556963488605e+03 3.508230021000000000e+09
5.173817599652844365e+03 3.973073287000000000e+09
5.194133811223595330e+03 2.787480236000000000e+09
5.248079706907814398e+03 3.155412825000000000e+09
5.262980289549545887e+03 1.513865519000000000e+09
5.199860382947685139e+03 1.410052347000000000e+09
5.448916471031764559e+03 3.484613120000000000e+08
5.187995068051591261e+03 1.931648127000000000e+09
5.103245721839848557e+03 1.921629000000000000e+06
5.329792901727973003e+03 2.832790330000000000e+08
5.209640024345804704e+03 2.395577684000000000e+09
5.089868227262475557e+03 2.197488133000000000e+09
5.398414141807548731e+03 2.580082723000000000e+09
5.163815959944991846e+03 7.310271790000000000e+08
5.282662509547626541e+03 4.266028743000000000e+09
5.276593886051361551e+03 2.767676733000000000e+09
5.440461901883617429e+03 1.910221419000000000e+09
5.284832276503848334e+03 9.354955660000000000e+08
5.079784164158440035e+03 9.630418540000000000e+08
5.287392680569400000e+03 1.194285059000000000e+09
5.228569125615516896e+03 3.443381310000000000e+08
5.491159655847772228e+03 1.621165101000000000e+09
5.387981936610396588e+03 2.151974372000000000e+09
5.504427946659272493e+03 8.981576040000000000e+08
5.241157758642440967e+03 1.914263437000000000e+09
5.330885995321787050e+03 3.971119864000000000e+09
5.286990791111625185e+03 1.114663945000000000e+09
5.199241228317358036e+03 1.344730060000000000e+09
5.640100001422226342e+03 1.972069478000000000e+09
5.645546640922708320e+03 9.067291270000000000e+08
5.403606434659470324e+03 2.084501146000000000e+09
5.363896886269059905e+03 3.243897785000000000e+09
5.322242299620121230e+03 2.549459810000000000e+09
5.595050125277188272e+03 4.173538387000000000e+09
5.344716476661758861e+03 3.820140428000000000e+09
5.111117868200932207e+03 4.392589470000000000e+08
5.317098563131185983e+03 2.823743857000000000e+09
5.215256971327435167e+03 2.227535683000000000e+09
5.284285518958660759e+03 5.905528500000000000e+08
5.202980997677600499e+03 1.063715170000000000e+08
5.549232969762229004e+03 4.180542642000000000e+09
5.308495612972317758e+03 2.467460585000000000e+09
5.301352211463659842e+03 3.446735213000000000e+09
5.230258277099323095e+03 3.004999266000000000e+09
5.037536543005493513e+03 3.052233694000000000e+09
5.218100317269140760e+03 3.438861021000000000e+09
5.368407511327421162e+03 4.273449037000000000e+09
5.305648252891747688e+03 4.168506970000000000e+09
5.151921964791360551e+03 2.237036288000000000e+09
5.258692350030238231e+03 1.872074100000000000e+09
5.288705928044816574e+03 4.148304590000000000e+08
5.393400661913039585e+03 1.793512036000000000e+09
5.310873139112347417e+03 7.002686660000000000e+08
5.229819124207216191e+03 2.190849472000000000e+09
5.453308986592925066e+03 1.997374304000000000e+09
5.219596828933732468e+03 1.386801897000000000e+09
5.246662520361443967e+03 2.201281059000000000e+09
5.439052114609867203e+03 4.141476610000000000e+08
5.067154832169773726e+03 2.053356737000000000e+09
5.099691378355992128e+03 3.483250071000000000e+09
5.152998390080279933e+03 3.432618991000000000e+09
5.228261274685244643e+03 3.940023150000000000e+08
5.070443962016879595e+03 3.034392383000000000e+09
5.221233358565996241e+03 3.564548179000000000e+09
5.250954891395416780e+03 1.866914244000000000e+09
5.124495325414802210e+03 3.438067577000000000e+09
5.239097369435854489e+03 8.557226510000000000e+08
5.450544937004170606e+03 3.862492244000000000e+09
5.113953948320713607e+03 1.848055169000000000e+09
5.317479697360720820e+03 1.766212857000000000e+09
5.226094635988146365e+03 2.879499951000000000e+09
5.138321488358405986e+03 3.645468090000000000e+09
5.176588808848314329e+03 1.705958777000000000e+09
5.087118233118238095e+03 3.995955010000000000e+08
5.079340725032676346e+03 8.863376880000000000e+08
5.596830765697883180e+03 3.907840011000000000e+09
5.222181308710140911e+03 4.179835608000000000e+09
5.231319450015680559e+03 2.382120147000000000e+09
5.248738554706431387e+03 2.883586856000000000e+09
5.252740948714519618e+03 2.968870456000000000e+09
5.633315837903212014e+03 5.146385230000000000e+08
5.378982585652578564e+03 1.783962910000000000e+08
5.288742533650330188e+03 3.206227748000000000e+09
5.252885824092397343e+03 3.469892456000000000e+09
5.200018890728338192e+03 2.349608688000000000e+09
5.166893717424798524e+03 2.572198922000000000e+09
5.223003788009313212e+03 2.402389680000000000e+09
5.227022116746603388e+03 2.743901331000000000e+09
5.086354486293457740e+03 3.531213678000000000e+09
5.204353146421493875e+03 1.900609725000000000e+09
5.082569231318631864e+03 3.807084330000000000e+08
