# Lens_likelihood 	 seed
6.357900363079146700e+03 3.518222710000000000e+09
6.415731550868272279e+03 1.253739109000000000e+09
6.423629757585264997e+03 1.052920448000000000e+09
6.420631562926248080e+03 1.580182357000000000e+09
6.409441079665137295e+03 2.826908797000000000e+09
6.380449649022339145e+03 1.333725334000000000e+09
6.349227679751722462e+03 2.797815480000000000e+09
6.418273342261689322e+03 3.654931492000000000e+09
6.371778758834747350e+03 7.933874300000000000e+08
6.395384461468612244e+03 3.181523282000000000e+09
6.346028638915553529e+03 1.027842619000000000e+09
6.393636894205114913e+03 2.518518882000000000e+09
6.387134880247474939e+03 1.633232030000000000e+09
6.370178182776206086e+03 1.626133434000000000e+09
6.423175083156444089e+03 4.173157646000000000e+09
6.432846247760116967e+03 4.923830650000000000e+08
6.385872704226458154e+03 2.981148994000000000e+09
6.418769531238949639e+03 2.700414813000000000e+09
6.390245692833331304e+03 2.807903776000000000e+09
6.421800163794508990e+03 1.832281773000000000e+09
6.435238104844815098e+03 2.782916135000000000e+09
6.422413811561770672e+03 2.366725068000000000e+09
6.378328833814872269e+03 2.842032884000000000e+09
6.371182649298731121e+03 3.665032547000000000e+09
6.482353885765606719e+03 9.320559800000000000e+08
6.402787899785374975e+03 4.113281149000000000e+09
6.428227123896518606e+03 9.660647650000000000e+08
6.374727090937310095e+03 1.128863076000000000e+09
6.402719645299208423e+03 1.920280897000000000e+09
6.433076670712496707e+03 9.889163390000000000e+08
6.457150070697872252e+03 3.471006664000000000e+09
6.429060057824086471e+03 1.252628930000000000e+09
6.380841502997660427e+03 2.701210447000000000e+09
6.436875629198862953e+03 4.220581418000000000e+09
6.383955265481183233e+03 8.221322830000000000e+08
6.450489536030967429e+03 1.668000614000000000e+09
6.405344629507902937e+03 1.789323050000000000e+09
6.386157513276788450e+03 2.195489997000000000e+09
6.437540560030448432e+03 3.692133626000000000e+09
6.389621528401589785e+03 2.452185768000000000e+09
6.421091989166498934e+03 3.141970601000000000e+09
6.362385990452528858e+03 2.504510580000000000e+08
6.374402090571531517e+03 1.147282098000000000e+09
6.416800910599896270e+03 9.888981650000000000e+08
6.406099661808739256e+03 2.786938633000000000e+09
6.385812147811334398e+03 3.181128944000000000e+09
6.442030341686311658e+03 1.563251958000000000e+09
6.444399684057128979e+03 3.924245798000000000e+09
6.393671610360730483e+03 2.943579762000000000e+09
6.392411643382212787e+03 2.908002441000000000e+09
6.385507264342815688e+03 1.709041790000000000e+09
6.403818342942802701e+03 3.405285657000000000e+09
6.429417549514731945e+03 3.404923169000000000e+09
6.437159310646546146e+03 4.089329379000000000e+09
6.382189737009312012e+03 1.289992553000000000e+09
6.331183626817073673e+03 1.625260236000000000e+09
6.367167069462480868e+03 2.144686870000000000e+08
6.485023659194227548e+03 2.568495624000000000e+09
6.423092878474093595e+03 8.069798460000000000e+08
6.450927940775040952e+03 3.199395970000000000e+08
6.460444701998292658e+03 1.682685928000000000e+09
6.441262625001844754e+03 3.851397315000000000e+09
6.426722145236220967e+03 2.369841858000000000e+09
6.422342150898756699e+03 8.329655630000000000e+08
6.443223884695379638e+03 1.279906100000000000e+08
6.390447978362977665e+03 4.678615870000000000e+08
6.363861701221713702e+03 1.514329793000000000e+09
6.394125045332966693e+03 2.795143391000000000e+09
6.453139610376378187e+03 4.582332580000000000e+08
6.433944881373561657e+03 3.601309650000000000e+09
6.354829848007800138e+03 1.884681564000000000e+09
6.358648142834514147e+03 2.665004991000000000e+09
6.386345793352876171e+03 1.146133530000000000e+08
6.453547848575712123e+03 1.497867184000000000e+09
6.312038360310401004e+03 4.899844270000000000e+08
6.380296889980600099e+03 2.279804833000000000e+09
6.482939496257099563e+03 2.348380236000000000e+09
6.380395189973792185e+03 3.727982229000000000e+09
6.418793035829165092e+03 5.615581080000000000e+08
6.449251792843284420e+03 4.251224808000000000e+09
6.421036845973625532e+03 1.950784734000000000e+09
6.400932034598854443e+03 2.136604153000000000e+09
6.407630398117397817e+03 6.369890790000000000e+08
6.398004364094271295e+03 4.212748497000000000e+09
6.368950469636360140e+03 1.965778988000000000e+09
6.369314933121001559e+03 1.502018136000000000e+09
6.385688247208086977e+03 2.145772378000000000e+09
6.436043718285581235e+03 3.202541751000000000e+09
6.430502757587605629e+03 8.962021500000000000e+08
6.391221708710703751e+03 4.237546211000000000e+09
6.368548665411462935e+03 2.908770759000000000e+09
6.434608258084716908e+03 2.768456644000000000e+09
6.403466877464772551e+03 1.040502985000000000e+09
6.418559288830246260e+03 1.130560298000000000e+09
6.444755079487122202e+03 3.643539654000000000e+09
6.372654150007751014e+03 1.723099000000000000e+09
6.430225316450211722e+03 2.013089037000000000e+09
6.436091207601741189e+03 3.732384993000000000e+09
6.402480284859845597e+03 1.347197890000000000e+08
6.384610124552618799e+03 1.103571033000000000e+09
6.436228185749042495e+03 2.552732085000000000e+09
6.397265797644320628e+03 4.042952131000000000e+09
6.457242033695831196e+03 3.354725720000000000e+08
6.426051609286054372e+03 1.257643102000000000e+09
6.397038711455734301e+03 3.363338318000000000e+09
6.391315487459576616e+03 3.482640592000000000e+09
6.371997622971076453e+03 3.033264222000000000e+09
6.416980742202180409e+03 5.197397410000000000e+08
6.378101879995945637e+03 3.657239299000000000e+09
6.391399235333503384e+03 2.033570310000000000e+09
6.390712836515265735e+03 4.231697598000000000e+09
6.411143732486521003e+03 3.467039429000000000e+09
6.426773664646287216e+03 1.209091462000000000e+09
6.381545100462891241e+03 3.962813387000000000e+09
6.393930615883099563e+03 4.286704877000000000e+09
6.416908286984014921e+03 2.258803848000000000e+09
6.399938671835946479e+03 3.916310460000000000e+08
6.369204256150026595e+03 2.221444429000000000e+09
6.388987150444845611e+03 9.303240740000000000e+08
6.440581126116587257e+03 3.664480300000000000e+07
6.371299351524528902e+03 3.032351730000000000e+08
6.381126035557741488e+03 1.772017540000000000e+08
6.367914671499213000e+03 3.244436540000000000e+08
6.404703844870653484e+03 6.360528170000000000e+08
6.375362028501778695e+03 2.261258588000000000e+09
6.407226852883668471e+03 4.023484280000000000e+08
6.379242228118897401e+03 1.888917715000000000e+09
6.414500816322317405e+03 3.726138665000000000e+09
6.405582775198158743e+03 2.739484567000000000e+09
6.411721189677384245e+03 3.269040513000000000e+09
6.384712074275121267e+03 2.042877396000000000e+09
6.361401299501350877e+03 4.043830629000000000e+09
6.427194500549153418e+03 1.320638554000000000e+09
6.422412835758106667e+03 3.490037725000000000e+09
6.393326325218286911e+03 1.906312822000000000e+09
6.400561775406128618e+03 3.088565364000000000e+09
6.410131113378650298e+03 2.696907291000000000e+09
6.337918000329860661e+03 1.679677206000000000e+09
6.393924139248401843e+03 2.359142288000000000e+09
6.372468784803388189e+03 2.628872205000000000e+09
6.401961083758906170e+03 3.398777545000000000e+09
6.350415795880588121e+03 1.842301333000000000e+09
6.451014904946263414e+03 3.798969346000000000e+09
6.381579056429574848e+03 2.570749671000000000e+09
6.365391420401343566e+03 2.839358379000000000e+09
6.431428057284784700e+03 3.752169798000000000e+09
6.380540666235991921e+03 1.022768609000000000e+09
6.405369901313195442e+03 3.813789225000000000e+09
6.406751695555870356e+03 1.364982850000000000e+09
6.387213435442277842e+03 1.533128441000000000e+09
6.404422659491194281e+03 2.342425366000000000e+09
6.384635712640029851e+03 1.464890463000000000e+09
6.419114921516382310e+03 5.799210630000000000e+08
6.404382953843436553e+03 3.839412343000000000e+09
6.379057997747692752e+03 8.192019900000000000e+08
6.423598409578459723e+03 9.064434800000000000e+08
6.398241135094985111e+03 3.058618635000000000e+09
6.406119901762722293e+03 1.482239490000000000e+08
6.428545866044094510e+03 1.311756026000000000e+09
6.407073895394480132e+03 5.346586460000000000e+08
6.358353651443031595e+03 2.344892300000000000e+07
6.409529008550069193e+03 2.788754987000000000e+09
6.396085541094498694e+03 3.367784204000000000e+09
6.377500132131941427e+03 3.672927380000000000e+08
6.352732423469169589e+03 1.404349976000000000e+09
6.436834492047561071e+03 2.874769957000000000e+09
6.390099208619761157e+03 3.035531489000000000e+09
6.442100191328649998e+03 3.628354400000000000e+09
6.409200576619433377e+03 1.321502320000000000e+08
6.327195832442724168e+03 4.136083382000000000e+09
6.390467839111780449e+03 3.791825142000000000e+09
6.372664016196757075e+03 3.686402530000000000e+08
6.379888685689220438e+03 1.231683459000000000e+09
6.393354094430391342e+03 1.803182975000000000e+09
6.363457677735168545e+03 3.293547625000000000e+09
6.358221841653194133e+03 1.042543878000000000e+09
6.417295397453532132e+03 2.076807922000000000e+09
6.449412374327405814e+03 4.286429040000000000e+08
6.384915306321046955e+03 1.629893922000000000e+09
6.405311096899755285e+03 1.756137042000000000e+09
6.419855435513187331e+03 2.595809064000000000e+09
6.411622075992501777e+03 1.315212475000000000e+09
6.336890104743150005e+03 2.830019031000000000e+09
6.448242181843243088e+03 3.881233350000000000e+09
6.437592017080740334e+03 1.261343400000000000e+08
6.429101249164749788e+03 2.539949235000000000e+09
6.413260748330841125e+03 5.901345440000000000e+08
6.405096719214148834e+03 1.981302494000000000e+09
6.407118887919645204e+03 3.118140354000000000e+09
6.420629926339333906e+03 2.641667485000000000e+09
6.432401751441282613e+03 7.371656900000000000e+07
6.352204413084684347e+03 2.131789023000000000e+09
6.409503193930095222e+03 1.328316150000000000e+08
6.437526861229845963e+03 8.135221600000000000e+08
6.478701785980541899e+03 2.331044873000000000e+09
6.402552346556101838e+03 1.608580282000000000e+09
6.403569058538977515e+03 3.470676521000000000e+09
6.373907749720043284e+03 3.088424535000000000e+09
6.408404421678443214e+03 6.904581900000000000e+08
6.441414124313611865e+03 3.160574690000000000e+08
6.432262369458999274e+03 7.905335610000000000e+08
6.399134819740120292e+03 6.463941350000000000e+08
6.406417825130191886e+03 7.003344530000000000e+08
6.435043605470425973e+03 4.501874950000000000e+08
6.352275749339237336e+03 9.534228100000000000e+08
6.383424475923082355e+03 3.156627290000000000e+09
6.441734733834541657e+03 3.260404414000000000e+09
6.402451439948270490e+03 1.408674396000000000e+09
6.395153577278305420e+03 1.094352782000000000e+09
6.356860086765310371e+03 4.230737323000000000e+09
6.417463519699579592e+03 1.180975842000000000e+09
6.440826423729350608e+03 3.359822005000000000e+09
6.409922320162013420e+03 1.692772659000000000e+09
6.409958060779018524e+03 5.435226960000000000e+08
6.394708802344509422e+03 8.900668000000000000e+06
6.419223953564334806e+03 1.395782700000000000e+09
6.423110283859458832e+03 3.347356883000000000e+09
6.408061632748380362e+03 2.379142227000000000e+09
6.397181272280702615e+03 1.622675049000000000e+09
6.434663128110732032e+03 4.143873565000000000e+09
6.427878018022266588e+03 1.711398678000000000e+09
6.393722443807087984e+03 1.426801495000000000e+09
6.399470938457821831e+03 1.840894023000000000e+09
6.407632580120146486e+03 4.104905909000000000e+09
6.393815279805092359e+03 2.864442560000000000e+09
6.415688763264515728e+03 2.424789352000000000e+09
6.395862831791375356e+03 2.000492153000000000e+09
6.396986241679561317e+03 8.558640200000000000e+08
6.403129375961246296e+03 1.106216601000000000e+09
6.432158634031364272e+03 1.360601675000000000e+09
6.443690982961976260e+03 2.555069739000000000e+09
6.437293574390818321e+03 2.341255600000000000e+08
6.439098917420131329e+03 9.270933040000000000e+08
6.373777711224949599e+03 2.761785806000000000e+09
6.437671949885810136e+03 9.796437750000000000e+08
6.419188811489215368e+03 3.615081340000000000e+08
6.448183329324940132e+03 1.467941118000000000e+09
6.428977472929501346e+03 2.490205133000000000e+09
6.370749581362741083e+03 1.895812530000000000e+08
6.413462054914236433e+03 1.525289231000000000e+09
6.372924159400853569e+03 2.989402690000000000e+08
6.449440602765729636e+03 6.569167780000000000e+08
6.373513384794477133e+03 2.635230980000000000e+09
6.431611958112552202e+03 1.892936422000000000e+09
6.386638972344406284e+03 9.843709180000000000e+08
6.411173221683494376e+03 3.498204781000000000e+09
6.317712207008535188e+03 1.323856760000000000e+08
6.422165066787669275e+03 9.428428970000000000e+08
6.419331911235605730e+03 1.731619829000000000e+09
6.381500062970991166e+03 2.233423854000000000e+09
6.416076181738363630e+03 8.593790980000000000e+08
6.354296624239113044e+03 2.895246150000000000e+09
6.435587047232115765e+03 1.764075163000000000e+09
6.483215706792980200e+03 2.880979727000000000e+09
6.484317987259478286e+03 2.912114150000000000e+08
6.451522771087742512e+03 2.826172942000000000e+09
6.389578482274174348e+03 1.679331809000000000e+09
6.403096742427387653e+03 4.085779824000000000e+09
6.415765064320272359e+03 3.672423391000000000e+09
6.448414495395421909e+03 4.277194869000000000e+09
6.424343969440886212e+03 4.192934747000000000e+09
6.389743432930685231e+03 3.411728802000000000e+09
6.397787442177261255e+03 3.286361103000000000e+09
6.413032005066491365e+03 9.652754100000000000e+07
6.446721465041351621e+03 3.902218126000000000e+09
6.393420792778652867e+03 1.322152620000000000e+09
6.437359261971813794e+03 2.716314425000000000e+09
6.342331959215952338e+03 6.304569790000000000e+08
6.379305694981967463e+03 2.382704267000000000e+09
6.374342069021976386e+03 1.522183726000000000e+09
6.386165049302227999e+03 3.072140133000000000e+09
6.379187700350235900e+03 3.044015076000000000e+09
6.422817824141728124e+03 3.120816149000000000e+09
6.404045380811749965e+03 3.057311702000000000e+09
6.402500044394159886e+03 4.641120530000000000e+08
6.434769484355852910e+03 1.995183605000000000e+09
6.431820674334438991e+03 2.952091340000000000e+08
6.435641453326103147e+03 8.681601890000000000e+08
6.469927620421240135e+03 1.450432409000000000e+09
6.364300535840308839e+03 4.006754509000000000e+09
6.417594665928898394e+03 2.265336908000000000e+09
6.373173448439150889e+03 3.634950627000000000e+09
6.390809210025915490e+03 1.927349880000000000e+09
6.383065713259227778e+03 2.988707280000000000e+09
6.403337179711458703e+03 3.449051851000000000e+09
6.419165978967868796e+03 1.311265007000000000e+09
6.449008058717565291e+03 1.905516613000000000e+09
6.386944434365157576e+03 3.941986133000000000e+09
6.404170575730229757e+03 2.920922557000000000e+09
6.392232384449920573e+03 3.311645024000000000e+09
6.446630184544117583e+03 4.138498771000000000e+09
6.439955232160522428e+03 6.604568980000000000e+08
6.413284543886508800e+03 2.721537110000000000e+08
6.415331804430383272e+03 1.384388257000000000e+09
6.414764811155117059e+03 7.057273470000000000e+08
6.421727915496516289e+03 1.228100862000000000e+09
6.411589893701991059e+03 2.292236640000000000e+08
6.440984260870369326e+03 3.221026760000000000e+08
6.360909074583537404e+03 5.395264700000000000e+07
6.420424304023201330e+03 2.682808937000000000e+09
6.403505540116769225e+03 2.621942984000000000e+09
6.386237736689467056e+03 2.481034961000000000e+09
6.381312576336037637e+03 4.192373262000000000e+09
6.414652240744281698e+03 2.275170133000000000e+09
6.441178421443721163e+03 1.619762917000000000e+09
6.367318919919826840e+03 6.730720600000000000e+07
6.438443250901061219e+03 1.943827099000000000e+09
6.378945973881605823e+03 1.135436000000000000e+08
6.385340608666297157e+03 6.278041250000000000e+08
6.397540063597976769e+03 1.840403391000000000e+09
6.412126628423471630e+03 3.562669198000000000e+09
6.362045221763044538e+03 1.209541700000000000e+07
6.412401483287108022e+03 2.162330197000000000e+09
6.363075138168894227e+03 1.717127668000000000e+09
6.374401391749166578e+03 3.395146019000000000e+09
6.370598237449547923e+03 3.053988656000000000e+09
6.368225315374605998e+03 3.458015749000000000e+09
6.424997948025507867e+03 4.060863937000000000e+09
6.445320213537405834e+03 4.252415982000000000e+09
6.386922141109631411e+03 3.050992515000000000e+09
6.394312520230962946e+03 8.113016830000000000e+08
6.429817264359495312e+03 1.924529700000000000e+07
6.431862061987072593e+03 3.592822340000000000e+09
6.446974449085442757e+03 2.343316817000000000e+09
6.363899879438275093e+03 2.568476450000000000e+09
6.414756962356753320e+03 3.720693393000000000e+09
6.399728097999291094e+03 1.548351355000000000e+09
6.391139670127579848e+03 9.185182550000000000e+08
6.350675850464860559e+03 3.661974919000000000e+09
6.404633026599429286e+03 4.004389707000000000e+09
6.405360455062778783e+03 2.778680258000000000e+09
6.415321017786341145e+03 5.073966460000000000e+08
6.411192798944808601e+03 1.614690127000000000e+09
6.384088428786454642e+03 1.156505926000000000e+09
6.399385549041465310e+03 1.194202340000000000e+08
6.408637170323490864e+03 5.400579720000000000e+08
6.379728825451564262e+03 2.150015413000000000e+09
6.406184948661915769e+03 2.629077378000000000e+09
6.385311532913510746e+03 3.739740470000000000e+09
6.445136524930720043e+03 1.580128039000000000e+09
6.368334173343770999e+03 4.045792042000000000e+09
6.386847135640274246e+03 2.993580204000000000e+09
6.401197783387500749e+03 2.225920500000000000e+08
6.422723484423191621e+03 3.444541337000000000e+09
6.394838775621177774e+03 3.042436773000000000e+09
6.362495906672578712e+03 2.263436262000000000e+09
6.398257825978666006e+03 1.533042291000000000e+09
6.417397699039973304e+03 6.368516880000000000e+08
6.362278939784725480e+03 8.716843070000000000e+08
6.420945689037353077e+03 3.829083621000000000e+09
