# Lens_likelihood 	 seed
5.527225575562321865e+03 3.257335530000000000e+09
5.542557266763164080e+03 2.143988962000000000e+09
5.536447430270942277e+03 1.392257664000000000e+09
5.516207169263158903e+03 3.885831831000000000e+09
5.526123764618441783e+03 6.846550400000000000e+07
5.513373373295909005e+03 2.913811518000000000e+09
5.539583200340474832e+03 3.035549896000000000e+09
5.523549181365029654e+03 3.574373466000000000e+09
5.531477951140734149e+03 1.432691392000000000e+09
5.523386831559966595e+03 2.542300681000000000e+09
5.526920692004943703e+03 1.424519206000000000e+09
5.518453304291631866e+03 1.055132714000000000e+09
5.521688600671846871e+03 2.738119483000000000e+09
5.519430560342065291e+03 3.769083137000000000e+09
5.511166447528603385e+03 2.487489099000000000e+09
5.540081246131377156e+03 2.264599467000000000e+09
5.512677237950345443e+03 2.827005706000000000e+09
5.523573306375550601e+03 4.013137003000000000e+09
5.530120289053296801e+03 8.430454750000000000e+08
5.541926533939284127e+03 2.379565980000000000e+09
5.509974862979696809e+03 1.617167372000000000e+09
5.531414820817399232e+03 3.934882680000000000e+09
5.506028943102203812e+03 3.990188767000000000e+09
5.525472386939034550e+03 1.635732420000000000e+09
5.509484720133274095e+03 6.990820390000000000e+08
5.514820228070119811e+03 4.028132784000000000e+09
5.494235026533034215e+03 3.603296612000000000e+09
5.529170181552876784e+03 8.032746700000000000e+08
5.524448195495298023e+03 6.918967400000000000e+07
5.507640090376364242e+03 4.015110608000000000e+09
5.532981851241493132e+03 2.267739733000000000e+09
5.551220188715452423e+03 2.593697685000000000e+09
5.529908158640988404e+03 2.184057950000000000e+08
5.544345714450932974e+03 1.633332871000000000e+09
5.526760863621855606e+03 1.758494770000000000e+09
5.538492857001510856e+03 1.738793862000000000e+09
5.507284780349619723e+03 2.504363742000000000e+09
5.539035826109309710e+03 2.260303991000000000e+09
5.504165909438653216e+03 3.574804324000000000e+09
5.543863188215151240e+03 3.584986992000000000e+09
5.524275300263419012e+03 1.608607479000000000e+09
5.543505574456476097e+03 2.791682465000000000e+09
5.527034654852273889e+03 3.312756734000000000e+09
5.526033581109146326e+03 2.118394714000000000e+09
5.510923492510120923e+03 1.293581505000000000e+09
5.525961716495441578e+03 3.240522687000000000e+09
5.522192821615072717e+03 2.815349338000000000e+09
5.543660885765426428e+03 1.756222276000000000e+09
5.549332203542155185e+03 3.912502838000000000e+09
5.523190502676982760e+03 2.627794408000000000e+09
5.528168753027362982e+03 2.889696720000000000e+09
5.530558604734060282e+03 1.275555494000000000e+09
5.528946815555140347e+03 9.444167000000000000e+07
5.522763913501886236e+03 1.116113560000000000e+08
5.544955489389491959e+03 2.957240693000000000e+09
5.522276936674717035e+03 3.379581707000000000e+09
5.538097340560937482e+03 9.358318260000000000e+08
5.538003441851541538e+03 3.016406075000000000e+09
5.520230510015595428e+03 4.281068734000000000e+09
5.517317782579706545e+03 2.979203091000000000e+09
5.543869772850612208e+03 3.636607649000000000e+09
5.534385176195833992e+03 9.951090380000000000e+08
5.504255691343794751e+03 2.511738028000000000e+09
5.520029306559306860e+03 2.662334524000000000e+09
5.547963181570330562e+03 2.641445848000000000e+09
5.539097707302003982e+03 4.158619075000000000e+09
5.525948314988944730e+03 5.773744180000000000e+08
5.510595214670672249e+03 1.669571984000000000e+09
5.509312318200554728e+03 1.792964918000000000e+09
5.525993689255010395e+03 3.015538558000000000e+09
5.521066986950999308e+03 2.211427618000000000e+09
5.539235188323993498e+03 5.274726720000000000e+08
5.508749925990164229e+03 2.000333443000000000e+09
5.540893076920850945e+03 1.173467193000000000e+09
5.514649591212804808e+03 8.404931880000000000e+08
5.542670965170523232e+03 6.132179910000000000e+08
5.510659325981931033e+03 3.719383988000000000e+09
5.495871256730738423e+03 1.346344734000000000e+09
5.507917444590705600e+03 2.993108392000000000e+09
5.521168209639543420e+03 3.139864195000000000e+09
5.509333778475350300e+03 4.290971030000000000e+08
5.519598350168168508e+03 3.641270541000000000e+09
5.539622536387435503e+03 3.461895251000000000e+09
5.520409743293741485e+03 3.963479118000000000e+09
5.550015322883262343e+03 6.699979250000000000e+08
5.496276989831325409e+03 3.399962427000000000e+09
5.552446085679823227e+03 1.001395208000000000e+09
5.533218740317109223e+03 3.724949424000000000e+09
5.511885901148853009e+03 3.320938481000000000e+09
5.505110269385456377e+03 3.104346162000000000e+09
5.535209703823175005e+03 6.965775710000000000e+08
5.502686168080712378e+03 3.841832959000000000e+09
5.492011748893960430e+03 1.475064500000000000e+07
5.547189802040492395e+03 1.915439702000000000e+09
5.520021663922192602e+03 8.276191010000000000e+08
5.530516167369802133e+03 2.579138562000000000e+09
5.538883397468063777e+03 4.081703890000000000e+09
5.524302887516594637e+03 3.741903098000000000e+09
5.548911479910448179e+03 2.754995702000000000e+09
5.521540001012016546e+03 7.732112670000000000e+08
5.503069902019478832e+03 5.038428290000000000e+08
5.508175728267820887e+03 4.122145178000000000e+09
5.523499334253003326e+03 1.704141920000000000e+09
5.512286127138522716e+03 2.851952590000000000e+08
5.514457608956511649e+03 6.118389260000000000e+08
5.543527774739891356e+03 3.314114108000000000e+09
5.502454761942312871e+03 2.317575597000000000e+09
5.508714994766431118e+03 3.619409560000000000e+08
5.534730112152890797e+03 2.095205330000000000e+08
5.509754558545404507e+03 1.571339285000000000e+09
5.514751324151250628e+03 4.237439331000000000e+09
5.534509671805733888e+03 2.338392048000000000e+09
5.531417227260176332e+03 4.041619130000000000e+08
5.559105625627338668e+03 8.689172150000000000e+08
5.514660684942047737e+03 1.147522359000000000e+09
5.512497465274132082e+03 2.906417209000000000e+09
5.529616873209284677e+03 4.268011290000000000e+09
5.507416923231415240e+03 1.508275080000000000e+08
5.523310771978647608e+03 1.733862847000000000e+09
5.538795986170763172e+03 2.673015324000000000e+09
5.545967889578625545e+03 1.324505127000000000e+09
5.516325715535393101e+03 3.875584809000000000e+09
5.539687063892421065e+03 3.329345860000000000e+09
5.487295115004090803e+03 3.311341753000000000e+09
5.498464328525756173e+03 3.016907682000000000e+09
5.528797669445235442e+03 3.909684095000000000e+09
5.512613799103921338e+03 2.094453410000000000e+08
5.511729102432702348e+03 2.994363320000000000e+08
5.510645826455424867e+03 9.048855700000000000e+08
5.516712833399467854e+03 2.484451180000000000e+08
5.531548784818272907e+03 5.875073120000000000e+08
5.510769652134734315e+03 2.326827861000000000e+09
5.528426531255789087e+03 1.086832839000000000e+09
5.509011292024666545e+03 2.458917395000000000e+09
5.504454659280397209e+03 6.820965260000000000e+08
5.516402716680775484e+03 3.023084511000000000e+09
5.514152251155653175e+03 1.583729901000000000e+09
5.513096499215222138e+03 7.506951780000000000e+08
5.517707151154609164e+03 2.772402192000000000e+09
5.501267828604932220e+03 2.627510142000000000e+09
5.533548196959939560e+03 1.618579104000000000e+09
5.553328458857808982e+03 8.174870410000000000e+08
5.538121568705892059e+03 3.611381225000000000e+09
5.509058601210569577e+03 1.052627187000000000e+09
5.516333249902319949e+03 3.161782872000000000e+09
5.533103775307605247e+03 4.205389532000000000e+09
5.515129188651220829e+03 2.425622936000000000e+09
5.502160711036250177e+03 2.365176095000000000e+09
5.518233028939860560e+03 8.620788300000000000e+07
5.513924936024021918e+03 1.818518099000000000e+09
5.517085139977056315e+03 1.293181681000000000e+09
5.546254348921606834e+03 1.382742489000000000e+09
5.531765873082629696e+03 1.393071052000000000e+09
5.515642152520416857e+03 1.834431450000000000e+08
5.517680337488559417e+03 4.037983491000000000e+09
5.526414871321781902e+03 3.295624797000000000e+09
5.529181354574738180e+03 4.085754211000000000e+09
5.523337114198852760e+03 4.498637720000000000e+08
5.537769280150316263e+03 1.175634200000000000e+08
5.540258145968090503e+03 2.275952356000000000e+09
5.530101401685045857e+03 2.718388340000000000e+09
5.531367389394417842e+03 2.513327719000000000e+09
5.532223846679225062e+03 3.129530569000000000e+09
5.524963475222909437e+03 3.135287927000000000e+09
5.526910700336189620e+03 1.674970000000000000e+07
5.519751870579582828e+03 3.780050979000000000e+09
5.556373132523136519e+03 6.747534050000000000e+08
5.516472818066792570e+03 3.465047140000000000e+08
5.507958465107998563e+03 1.180440739000000000e+09
5.535283804254031566e+03 2.649340976000000000e+09
5.505003458836227765e+03 9.301370080000000000e+08
5.525832215217416888e+03 2.801146915000000000e+09
5.520883615860358077e+03 2.693694820000000000e+09
5.539582329319569908e+03 2.418262990000000000e+09
5.545120152532158500e+03 2.630103623000000000e+09
5.484091903251705844e+03 1.259011966000000000e+09
5.497267227071403795e+03 4.604669320000000000e+08
5.502341948905002937e+03 4.011951878000000000e+09
5.539922407051164555e+03 4.001961922000000000e+09
5.539306816827345756e+03 2.928114668000000000e+09
5.559458781934461513e+03 7.427185660000000000e+08
5.530867022417243788e+03 8.784339800000000000e+07
5.515474730901397379e+03 1.790966102000000000e+09
5.525557238556263655e+03 3.375240374000000000e+09
5.518158239790262087e+03 5.529108140000000000e+08
5.529370692864438752e+03 4.399117400000000000e+08
5.525893977090910994e+03 2.349634900000000000e+07
5.499786854514851257e+03 2.485887040000000000e+08
5.521253402712565730e+03 1.083865139000000000e+09
5.535723499749669827e+03 9.896069900000000000e+08
5.503542617804388101e+03 4.267856342000000000e+09
5.532083854962945225e+03 2.260661511000000000e+09
5.528797552411304423e+03 5.361842330000000000e+08
5.543366622624185766e+03 3.992761386000000000e+09
5.529740547513247293e+03 3.616780042000000000e+09
5.520336671696490157e+03 1.952261572000000000e+09
5.502650679187227979e+03 1.704907874000000000e+09
5.531335839299849795e+03 5.679928180000000000e+08
5.525236894008901800e+03 5.821578900000000000e+07
5.530556410485848573e+03 3.356869232000000000e+09
5.527996267214526597e+03 3.850639536000000000e+09
5.521327847964261309e+03 2.735148742000000000e+09
5.494404253076092573e+03 4.191867503000000000e+09
5.515281382997934088e+03 3.956230077000000000e+09
5.519893279181777871e+03 1.957869090000000000e+08
5.531088583622122314e+03 3.444160002000000000e+09
5.530864314015874697e+03 2.693900100000000000e+09
5.516117596417388086e+03 3.018125212000000000e+09
5.533398004268582554e+03 7.636075000000000000e+07
5.520478926042806961e+03 1.276324642000000000e+09
5.525362044107642760e+03 3.684869415000000000e+09
5.528344746743538053e+03 6.396582850000000000e+08
5.511267525981282233e+03 3.389118854000000000e+09
5.519361185128434954e+03 2.023574636000000000e+09
5.541828053510876998e+03 9.948719600000000000e+08
5.560390480322339499e+03 1.565260372000000000e+09
5.515489658243301164e+03 5.307792000000000000e+06
5.531582333012651361e+03 3.460116269000000000e+09
5.508459989435945317e+03 7.325729080000000000e+08
5.526763584162628831e+03 3.389131511000000000e+09
5.495894808669743725e+03 1.002375211000000000e+09
5.522521110666790264e+03 2.462521098000000000e+09
5.539717845304326147e+03 1.749488285000000000e+09
5.526128755986673241e+03 4.263782055000000000e+09
5.489580016159931802e+03 2.177736422000000000e+09
5.539886434720407124e+03 7.617017340000000000e+08
5.522468562279708749e+03 1.228766727000000000e+09
5.507787879426451582e+03 1.147627161000000000e+09
5.535203082702977554e+03 1.073685736000000000e+09
5.504301325448092939e+03 2.184731981000000000e+09
5.512916473165827483e+03 1.784813450000000000e+09
5.537480033353645013e+03 1.505022171000000000e+09
5.536151786614515913e+03 1.163469876000000000e+09
5.500974292094148041e+03 3.187253371000000000e+09
5.488600932560535512e+03 4.139251980000000000e+08
5.502495669391389129e+03 1.899714681000000000e+09
5.511238049577070342e+03 3.877164399000000000e+09
5.500772721784763235e+03 1.045525161000000000e+09
5.514531255983703886e+03 2.239631977000000000e+09
5.518060006717802025e+03 2.639528770000000000e+09
5.539163320072419992e+03 2.690971600000000000e+07
5.547594192866525191e+03 1.427719102000000000e+09
5.493684239145432912e+03 4.046099970000000000e+08
5.527354866185954052e+03 8.956236700000000000e+08
5.537735875705141552e+03 1.528968971000000000e+09
5.495566748706231920e+03 7.289528860000000000e+08
5.527658423107635826e+03 1.285641803000000000e+09
5.532515536381803031e+03 9.507958270000000000e+08
5.542961082111932228e+03 1.111929515000000000e+09
5.537500591969755988e+03 3.765999069000000000e+09
5.522939382368631414e+03 2.134664486000000000e+09
5.533063533860335156e+03 1.176292484000000000e+09
5.519210686555545180e+03 2.900356291000000000e+09
5.533513172295239201e+03 3.636903220000000000e+09
5.522973030205694158e+03 1.943836353000000000e+09
5.529798633511301887e+03 3.071469316000000000e+09
5.524680654201106336e+03 4.176310872000000000e+09
5.535956014922037866e+03 2.353778969000000000e+09
5.550019261968956926e+03 1.824165890000000000e+09
5.539814472390629817e+03 3.736042381000000000e+09
5.526478140226799951e+03 1.946204818000000000e+09
5.512484227234061109e+03 3.925430737000000000e+09
5.517555616587450459e+03 3.279203325000000000e+09
5.506010500842730835e+03 4.463602780000000000e+08
5.488188115313440903e+03 4.274572721000000000e+09
5.524790519589347241e+03 3.517643481000000000e+09
5.521910234664511336e+03 2.809238367000000000e+09
5.516502340687722608e+03 4.079130020000000000e+08
5.540744029773782131e+03 3.315647247000000000e+09
5.515625584871680985e+03 4.225276587000000000e+09
5.531690840030038089e+03 6.666233440000000000e+08
5.542747470216784677e+03 2.206223313000000000e+09
5.522478732616245907e+03 2.108137981000000000e+09
5.526652906800689379e+03 2.294041068000000000e+09
5.531695255648675811e+03 2.878678307000000000e+09
5.525654411704035738e+03 2.633371273000000000e+09
5.547448688775307346e+03 1.456719270000000000e+08
5.506528294173296672e+03 2.887814131000000000e+09
5.533762507867064414e+03 1.945418487000000000e+09
5.533743796586911230e+03 3.891649959000000000e+09
5.532212303594395053e+03 3.006632556000000000e+09
5.534800608101023499e+03 1.258580995000000000e+09
5.526226886341422869e+03 7.298879660000000000e+08
5.556633992833933007e+03 1.216376169000000000e+09
5.522039597201980541e+03 1.267421248000000000e+09
5.516313693264283756e+03 3.233157722000000000e+09
5.517332517665756313e+03 1.757514091000000000e+09
5.540478780548801296e+03 2.073419912000000000e+09
5.515461707648133597e+03 1.780792998000000000e+09
5.501389672811039418e+03 2.305270773000000000e+09
5.543673325478529478e+03 3.286965730000000000e+09
5.527921135738473822e+03 3.729346116000000000e+09
5.527592192941881876e+03 3.099569954000000000e+09
5.512049587614856136e+03 3.396453607000000000e+09
5.518041551224715477e+03 1.087207879000000000e+09
5.535484372320059265e+03 2.501375147000000000e+09
5.550441175852312881e+03 3.702560446000000000e+09
5.528278579613863258e+03 2.637327402000000000e+09
5.534475213192610681e+03 2.281144971000000000e+09
5.505546942720631705e+03 8.875543740000000000e+08
5.533359232891074498e+03 2.963318277000000000e+09
5.522033827019114142e+03 3.145681200000000000e+07
5.531548150028726923e+03 4.608551020000000000e+08
5.521552361827472851e+03 1.339417167000000000e+09
5.554400669920254586e+03 2.738755647000000000e+09
5.531368201009598124e+03 1.931705836000000000e+09
5.536254857851926317e+03 3.773885467000000000e+09
5.500985798449362846e+03 3.828626979000000000e+09
5.512244217560154539e+03 4.063681293000000000e+09
5.504860919670544718e+03 1.132460594000000000e+09
5.502593753879058568e+03 2.876149334000000000e+09
5.523566582379889951e+03 3.797103414000000000e+09
5.553070984177958053e+03 2.663270636000000000e+09
5.549761725974854926e+03 5.887908880000000000e+08
5.506111282616522658e+03 1.826916712000000000e+09
5.510537526643844103e+03 9.636355660000000000e+08
5.524112109187071837e+03 3.057394676000000000e+09
5.506303181759687504e+03 3.442501033000000000e+09
5.541399225958944953e+03 2.780292667000000000e+09
5.526561863966161582e+03 2.274463700000000000e+09
5.525898134318182201e+03 3.607051958000000000e+09
5.518518094094231856e+03 1.658164912000000000e+09
5.509325860283484872e+03 3.348288661000000000e+09
5.528993981578219973e+03 3.920483819000000000e+09
5.525303498347920140e+03 3.798836083000000000e+09
5.523332062618248528e+03 3.294076550000000000e+08
5.504221489993296927e+03 1.376104266000000000e+09
5.519667429404630639e+03 3.369197738000000000e+09
5.529782505546289030e+03 1.208646116000000000e+09
5.530285138170600476e+03 1.438243578000000000e+09
5.528522680846899675e+03 4.111986000000000000e+08
5.535891197662103878e+03 1.741423325000000000e+09
5.515195171100300286e+03 3.430860623000000000e+09
5.501658047456468921e+03 7.156472240000000000e+08
5.533957552888507962e+03 3.159271367000000000e+09
5.530101483587281109e+03 1.905206836000000000e+09
5.548913516742662068e+03 1.691295525000000000e+09
5.514151361039406765e+03 1.698325018000000000e+09
5.491697807737260518e+03 4.033000735000000000e+09
5.523768937973456559e+03 2.668403236000000000e+09
5.515762233919584105e+03 7.617599800000000000e+08
5.525296246866447291e+03 1.123436622000000000e+09
5.510822684785315687e+03 2.729912900000000000e+07
5.534564479265251066e+03 1.825637772000000000e+09
5.507253980558723924e+03 2.145555687000000000e+09
5.545002378785939982e+03 3.014928815000000000e+09
5.530349246250662873e+03 1.570368500000000000e+09
5.522826293716696455e+03 3.223679716000000000e+09
5.556238301886234694e+03 1.451993084000000000e+09
5.543745521797201036e+03 8.612344230000000000e+08
