# Lens_likelihood 	 seed
5.616293266011864944e+03 1.519726293000000000e+09
5.585771061802161057e+03 8.745871380000000000e+08
5.601614722566407181e+03 2.089406127000000000e+09
5.614693028145000426e+03 3.848294947000000000e+09
5.633372269433515612e+03 1.399858953000000000e+09
5.624078753126101219e+03 2.761174650000000000e+08
5.615880258512429464e+03 1.037165012000000000e+09
5.619677482323819277e+03 1.230420520000000000e+09
5.608302223474570383e+03 2.939659481000000000e+09
5.591611178427378036e+03 9.990806640000000000e+08
5.631758831726152494e+03 1.385360227000000000e+09
5.641016568274766541e+03 2.862961476000000000e+09
5.606625505666861500e+03 2.277809077000000000e+09
5.621196044660501684e+03 1.530430300000000000e+07
5.607084274525514047e+03 1.061964968000000000e+09
5.633651920251229967e+03 3.626170589000000000e+09
5.602584616620859379e+03 1.680870929000000000e+09
5.594002437438821289e+03 1.811571920000000000e+08
5.594531851586800258e+03 1.377167994000000000e+09
5.626667932319258398e+03 1.522797914000000000e+09
5.612007814834154487e+03 2.433215556000000000e+09
5.616873728714521349e+03 1.105043803000000000e+09
5.627063201334985024e+03 3.267784493000000000e+09
5.640446157478860187e+03 6.002414320000000000e+08
5.618897843863352136e+03 7.951284810000000000e+08
5.623789276019728277e+03 4.182348789000000000e+09
5.615939696202757659e+03 3.260022405000000000e+09
5.620422462729700783e+03 3.732635430000000000e+09
5.616521610956249788e+03 3.748628767000000000e+09
5.604729792359642488e+03 3.455603787000000000e+09
5.612342405465452430e+03 4.320406780000000000e+08
5.619384325666419500e+03 2.254150840000000000e+09
5.604036192928917444e+03 2.907108678000000000e+09
5.619383017538528293e+03 2.867162797000000000e+09
5.612068143711043376e+03 1.108621680000000000e+09
5.626762946233869116e+03 3.829860429000000000e+09
5.609968159281372209e+03 1.169848480000000000e+09
5.608759197685916661e+03 4.273942786000000000e+09
5.615437699634983801e+03 4.194408656000000000e+09
5.613025154840950563e+03 9.523247790000000000e+08
5.619391891304561796e+03 2.919921390000000000e+09
5.574195650124194799e+03 3.005077030000000000e+08
5.576030343489601364e+03 4.666279860000000000e+08
5.592536263060890633e+03 6.029752440000000000e+08
5.628972841978333236e+03 1.621332877000000000e+09
5.637764386613784154e+03 3.141438340000000000e+08
5.614795781021357470e+03 1.108183828000000000e+09
5.640182005308355656e+03 1.491828762000000000e+09
5.586364324634880177e+03 1.365857290000000000e+08
5.633382590334109409e+03 2.238252827000000000e+09
5.596373471484757829e+03 4.057334707000000000e+09
5.606219113697871762e+03 7.820044400000000000e+07
5.581437936953294411e+03 2.517904999000000000e+09
5.634784886086656115e+03 4.212578250000000000e+08
5.595145606251859135e+03 1.793868231000000000e+09
5.585060603043793890e+03 1.994387971000000000e+09
5.594941084386432522e+03 3.110130565000000000e+09
5.622397145964736410e+03 2.445790787000000000e+09
5.614431868520933676e+03 1.614483908000000000e+09
5.622388802707319883e+03 2.442042919000000000e+09
5.617849692087896983e+03 2.348464381000000000e+09
5.612419002263372022e+03 3.577393342000000000e+09
5.602826627647748865e+03 1.134934679000000000e+09
5.611009723118689180e+03 1.065020151000000000e+09
5.599513037449818512e+03 2.433751488000000000e+09
5.634671200701639464e+03 1.482186382000000000e+09
5.598803129805789467e+03 2.129062348000000000e+09
5.612705896662389932e+03 2.424294760000000000e+08
5.601852008719542937e+03 1.443169582000000000e+09
5.601853356119528144e+03 1.089853945000000000e+09
5.652105347413085838e+03 7.280495010000000000e+08
5.609327815981776439e+03 8.360221500000000000e+07
5.614723151169579978e+03 7.748302870000000000e+08
5.616179397584110120e+03 3.315433489000000000e+09
5.612572953618840984e+03 2.427677680000000000e+08
5.602669895201289364e+03 8.609362080000000000e+08
5.615093235715791707e+03 3.140255659000000000e+09
5.586411700065074911e+03 2.536318197000000000e+09
5.631435353337409651e+03 3.876503284000000000e+09
5.611184458282403284e+03 3.899462219000000000e+09
5.579406326946880654e+03 2.098952286000000000e+09
5.600078703450168177e+03 2.122676649000000000e+09
5.633270087694680115e+03 1.368485608000000000e+09
5.597544696558101350e+03 1.091208968000000000e+09
5.619893102439091308e+03 3.108566477000000000e+09
5.587410531509858629e+03 3.567300958000000000e+09
5.610372479752967593e+03 1.589732031000000000e+09
5.595904099747455803e+03 3.664273701000000000e+09
5.615544146018417450e+03 2.238377816000000000e+09
5.588009461195664699e+03 3.508053013000000000e+09
5.585487262901529903e+03 2.415350992000000000e+09
5.600103755838375946e+03 2.746088740000000000e+08
5.592151894367353634e+03 1.672238010000000000e+09
5.622897809357648839e+03 2.846973238000000000e+09
5.622033269967013439e+03 8.874073000000000000e+08
5.622871859575125200e+03 3.116270048000000000e+09
5.595371637680032109e+03 3.287867760000000000e+08
5.601451761968204664e+03 3.629577881000000000e+09
5.651107355897801426e+03 8.085693480000000000e+08
5.616848429758280872e+03 3.456867686000000000e+09
5.638014778558730541e+03 1.330213486000000000e+09
5.625874893811796028e+03 2.707645800000000000e+08
5.611282859120595276e+03 3.042168245000000000e+09
5.610838495995670201e+03 8.041639370000000000e+08
5.611740726103827910e+03 4.045562137000000000e+09
5.613380469992805956e+03 3.654194590000000000e+09
5.609064690976926613e+03 4.180652269000000000e+09
5.632658313708797323e+03 3.149568713000000000e+09
5.603331608166598926e+03 3.810651882000000000e+09
5.606681765862738757e+03 2.803134970000000000e+09
5.605172509995843029e+03 4.234109214000000000e+09
5.588117480589390652e+03 1.637243614000000000e+09
5.610626080470445231e+03 1.729052780000000000e+09
5.606261854464082717e+03 2.522570724000000000e+09
5.606223278282270257e+03 3.816486528000000000e+09
5.640068088159552644e+03 3.756630430000000000e+09
5.600249975377881128e+03 8.429364170000000000e+08
5.605990405331445800e+03 7.526627910000000000e+08
5.594391475721668030e+03 3.733979390000000000e+09
5.604831346591177862e+03 2.947276934000000000e+09
5.614503404822262382e+03 1.675432787000000000e+09
5.615641790884303191e+03 2.014887083000000000e+09
5.611958494376756789e+03 1.000492821000000000e+09
5.617262453549659767e+03 2.825229636000000000e+09
5.610890844734807615e+03 2.645326946000000000e+09
5.590230051146325422e+03 9.246202940000000000e+08
5.604757571885728794e+03 3.441863488000000000e+09
5.614773053241432535e+03 9.575685400000000000e+07
5.604386184565747499e+03 2.329550673000000000e+09
5.619400742180876478e+03 7.637265350000000000e+08
5.604275786619497921e+03 2.300638591000000000e+09
5.623842350082547455e+03 2.928803873000000000e+09
5.612925068756503606e+03 2.318769281000000000e+09
5.620544633017072556e+03 3.141307793000000000e+09
5.595158352009826558e+03 2.287331950000000000e+09
5.609563419149407309e+03 2.564451387000000000e+09
5.619096573658855050e+03 7.810266680000000000e+08
5.621517677670803096e+03 4.055948909000000000e+09
5.652134981014198274e+03 1.458694666000000000e+09
5.621014441034825722e+03 1.328229690000000000e+09
5.608853541344957193e+03 1.390433809000000000e+09
5.581797936586173819e+03 3.634801658000000000e+09
5.620269893797903933e+03 3.626585015000000000e+09
5.627350440402160530e+03 1.643361215000000000e+09
5.575062791453889986e+03 2.175789795000000000e+09
5.590617621680896264e+03 1.418381474000000000e+09
5.608131917511544088e+03 1.275968182000000000e+09
5.598706854885256689e+03 3.229200099000000000e+09
5.589579253753944613e+03 9.082362120000000000e+08
5.625122132790518663e+03 5.207861380000000000e+08
5.602749079749840348e+03 2.787962451000000000e+09
5.599580345665148343e+03 2.149910563000000000e+09
5.617708852518707317e+03 1.884968440000000000e+09
5.605659907133949673e+03 3.725629543000000000e+09
5.594375469905234240e+03 2.480703185000000000e+09
5.617331049530474047e+03 3.266895428000000000e+09
5.617068612094722994e+03 1.122669171000000000e+09
5.593078156964827940e+03 3.341788472000000000e+09
5.600887381860134155e+03 2.498086807000000000e+09
5.601630804279935546e+03 1.856624950000000000e+08
5.601682257484243564e+03 2.463794912000000000e+09
5.573960036505621247e+03 4.234903517000000000e+09
5.604850308910761669e+03 5.273312140000000000e+08
5.629508629087813461e+03 1.172797865000000000e+09
5.613303511685730882e+03 2.160873612000000000e+09
5.617102916744153845e+03 1.798723648000000000e+09
5.586017411043800166e+03 1.579366582000000000e+09
5.616951372263498342e+03 2.939892425000000000e+09
5.587160069138004474e+03 3.707945952000000000e+09
5.605152033917608605e+03 1.490364285000000000e+09
5.577281612532153304e+03 3.800440925000000000e+09
5.605385720733440394e+03 1.739468639000000000e+09
5.593760703577434469e+03 1.992333508000000000e+09
5.639272391529093511e+03 2.157856595000000000e+09
5.610621131613539546e+03 3.544535357000000000e+09
5.605281561587764372e+03 2.634989673000000000e+09
5.621273678902945903e+03 5.486154290000000000e+08
5.613604865694994260e+03 4.063951377000000000e+09
5.594920873794409999e+03 2.890113058000000000e+09
5.594790197221296694e+03 3.181563978000000000e+09
5.626983378640830779e+03 1.076756513000000000e+09
5.592559942624960968e+03 2.565993586000000000e+09
5.634554626329938401e+03 3.442877747000000000e+09
5.586897702302670950e+03 1.703704566000000000e+09
5.604467227611561611e+03 1.383699650000000000e+08
5.605385887364500377e+03 1.267086497000000000e+09
5.611483736110332757e+03 1.467276787000000000e+09
5.604536610572156860e+03 4.118312043000000000e+09
5.603858552379106186e+03 3.162125360000000000e+08
5.597078046409118542e+03 2.244042827000000000e+09
5.614039655524331465e+03 4.853124910000000000e+08
5.596919435770405471e+03 2.452925899000000000e+09
5.661658849581952381e+03 4.015109880000000000e+09
5.600280076450345405e+03 2.189980904000000000e+09
5.570053454178654647e+03 1.030113110000000000e+08
5.610894867111142048e+03 1.084154592000000000e+09
5.624879240289857989e+03 1.327259574000000000e+09
5.600546080292019724e+03 6.418431650000000000e+08
5.606510562934740847e+03 4.306329730000000000e+08
5.618546285982443806e+03 6.327578710000000000e+08
5.592665435659807372e+03 3.002291115000000000e+09
5.609834771358850958e+03 3.936225183000000000e+09
5.585163277617134554e+03 3.946442266000000000e+09
5.588548448136363731e+03 4.211926293000000000e+09
5.630703639329643011e+03 2.621308252000000000e+09
5.604591174897148449e+03 2.619340848000000000e+09
5.619965921683982742e+03 2.986651653000000000e+09
5.607142201124420353e+03 1.723077822000000000e+09
5.616607792972286916e+03 1.417438930000000000e+09
5.634547907810398101e+03 3.236785104000000000e+09
5.604765887819623458e+03 2.055053548000000000e+09
5.626237008012750266e+03 2.900587705000000000e+09
5.576473887976148944e+03 3.370313744000000000e+09
5.612298841978628843e+03 4.249976552000000000e+09
5.618825464199760063e+03 3.978035052000000000e+09
5.635719675187616303e+03 1.278414358000000000e+09
5.620278388858900144e+03 2.541526280000000000e+08
5.623236633416862787e+03 1.619374553000000000e+09
5.590680271407076361e+03 1.365500642000000000e+09
5.629372991897382235e+03 6.281768730000000000e+08
5.622869547605297157e+03 3.080852798000000000e+09
5.620312643181907333e+03 9.090130520000000000e+08
5.618332513378511976e+03 1.376601352000000000e+09
5.614523811155790099e+03 2.126311340000000000e+08
5.606097700429158067e+03 2.824148047000000000e+09
5.589454780530887547e+03 1.968361078000000000e+09
5.582048291877023985e+03 8.644523630000000000e+08
5.615831395153703852e+03 4.083535992000000000e+09
5.594630149321194949e+03 2.523056840000000000e+08
5.633114849036209307e+03 3.438078531000000000e+09
5.588878161687703141e+03 1.088731547000000000e+09
5.586063291473275967e+03 3.142017611000000000e+09
5.616735420883114784e+03 1.181459290000000000e+09
5.616784284290267351e+03 3.526640110000000000e+09
5.616704004755761162e+03 2.860676692000000000e+09
5.644841877706981904e+03 4.173601738000000000e+09
5.605159268571676876e+03 3.295766597000000000e+09
5.577498016991297845e+03 6.898805280000000000e+08
5.617191563901921654e+03 2.441412522000000000e+09
5.590678902080349872e+03 2.474642230000000000e+08
5.598557566365845560e+03 4.167716282000000000e+09
5.608209611946794212e+03 7.307463450000000000e+08
5.617343132426288321e+03 6.969128620000000000e+08
5.596793286310858093e+03 3.520182087000000000e+09
5.610262656116343351e+03 1.558355134000000000e+09
5.623181809251442246e+03 4.212220167000000000e+09
5.603163073358978181e+03 2.433672117000000000e+09
5.615621794371762007e+03 3.116217705000000000e+09
5.611620242304072235e+03 1.654651890000000000e+08
5.627621576908672978e+03 2.093761955000000000e+09
5.606963811362736124e+03 2.128167283000000000e+09
5.602041539280920915e+03 7.106908320000000000e+08
5.585134764288754013e+03 2.981628330000000000e+09
5.606270855375247265e+03 1.144059489000000000e+09
5.622105355255058385e+03 1.599044732000000000e+09
5.619775892947776811e+03 3.555462271000000000e+09
5.622429095859855806e+03 2.239006976000000000e+09
5.608737173190364047e+03 2.491453349000000000e+09
5.625616065619712572e+03 2.593737195000000000e+09
5.603180311700273705e+03 3.454716047000000000e+09
5.608237300763898929e+03 1.074973013000000000e+09
5.620930695912690680e+03 2.030357898000000000e+09
5.623185355727396200e+03 3.439524517000000000e+09
5.601939976633718288e+03 1.041890572000000000e+09
5.624973100169691861e+03 1.559667692000000000e+09
5.594738623479713169e+03 5.768700800000000000e+08
5.598960380743284986e+03 2.153370412000000000e+09
5.577473886787410265e+03 2.957634151000000000e+09
5.587757676140245167e+03 1.755808669000000000e+09
5.598403469051148932e+03 2.094690136000000000e+09
5.629086372286461483e+03 3.497213034000000000e+09
5.598014397462797206e+03 3.313443970000000000e+09
5.597446045317515200e+03 2.757785577000000000e+09
5.618622075787403446e+03 3.768621513000000000e+09
5.602029995435369528e+03 3.290595840000000000e+08
5.604368734914656670e+03 1.463159156000000000e+09
5.624383717184809029e+03 2.617050169000000000e+09
5.598543962299543637e+03 2.192910070000000000e+08
5.602377491237200957e+03 4.096918450000000000e+09
5.587580726648598102e+03 3.301191933000000000e+09
5.619138280558037877e+03 2.811047085000000000e+09
5.611823376864861530e+03 1.389901151000000000e+09
5.595101238079436371e+03 1.010767853000000000e+09
5.596715783133226978e+03 1.624416175000000000e+09
5.606949580990855793e+03 3.153393774000000000e+09
5.604809524547463297e+03 4.953965640000000000e+08
5.594833730084241324e+03 2.506378706000000000e+09
5.613404940966273898e+03 2.501426413000000000e+09
5.616876846857878263e+03 2.862470040000000000e+08
5.596735033741927509e+03 3.026130310000000000e+08
5.590562553894274060e+03 8.604299800000000000e+07
5.605062908487424465e+03 1.159094200000000000e+09
5.636344508151758419e+03 1.452844616000000000e+09
5.595978029353720558e+03 3.225289626000000000e+09
5.622037417546227516e+03 1.811984070000000000e+08
5.627604518032953820e+03 9.924473840000000000e+08
5.602519652486473205e+03 1.117956334000000000e+09
5.592836592469443531e+03 1.862070280000000000e+08
5.625053396558677377e+03 3.327642260000000000e+09
5.595956538359741899e+03 3.586481251000000000e+09
5.580445065688447357e+03 7.462657180000000000e+08
5.596691767300788342e+03 2.416793693000000000e+09
5.631237460465668846e+03 3.634669100000000000e+09
5.622851763361064513e+03 1.254125405000000000e+09
5.599837548904416508e+03 8.522417470000000000e+08
5.619249549643715000e+03 3.591662464000000000e+09
5.620111477904324602e+03 4.043987317000000000e+09
5.619501905565508423e+03 3.909966242000000000e+09
5.633763289707214426e+03 7.987776500000000000e+07
5.624059252523336909e+03 9.492353790000000000e+08
5.608205200752682686e+03 5.123673240000000000e+08
5.612254289715442610e+03 2.319061270000000000e+09
5.596190722628570256e+03 1.523895489000000000e+09
5.615922344949707622e+03 2.107268862000000000e+09
5.609442409718096314e+03 2.905276204000000000e+09
5.594379942378730448e+03 3.886910526000000000e+09
5.619850204372623011e+03 1.645576622000000000e+09
5.604636563601068701e+03 3.258943194000000000e+09
5.627078931027577710e+03 4.019588446000000000e+09
5.633306875802165450e+03 3.403132831000000000e+09
5.595575612611496581e+03 3.598996704000000000e+09
5.614241482331166480e+03 4.035713223000000000e+09
5.618545075269353219e+03 1.057446800000000000e+09
5.566167286859395972e+03 4.033541586000000000e+09
5.628574348618342810e+03 2.927203810000000000e+09
5.606148466591230317e+03 1.405447709000000000e+09
5.628445193889339862e+03 4.163481190000000000e+08
5.586539317045449934e+03 3.037800595000000000e+09
5.597845176248750249e+03 1.594830748000000000e+09
5.608090153569570248e+03 1.614910576000000000e+09
5.618540012981278778e+03 3.020782800000000000e+09
5.621884745506709805e+03 3.779536286000000000e+09
5.603358825993671417e+03 5.209596770000000000e+08
5.622346968869575903e+03 9.655477250000000000e+08
5.594956266292821965e+03 2.175351064000000000e+09
5.629765731543848233e+03 4.254091488000000000e+09
5.601965449778689617e+03 3.813047780000000000e+08
5.635249540628351497e+03 3.504164686000000000e+09
5.623221502001539193e+03 1.005748003000000000e+09
5.592585642579442720e+03 3.091727928000000000e+09
5.611029216109614936e+03 1.248781795000000000e+09
5.592291613733685153e+03 3.168182090000000000e+09
5.595622102413979519e+03 5.426178120000000000e+08
5.603554170618162061e+03 2.745381346000000000e+09
5.625196016198733560e+03 3.428143091000000000e+09
5.591324587377858734e+03 2.731553641000000000e+09
5.627494206640118136e+03 2.547696704000000000e+09
5.608209778017243480e+03 2.928999033000000000e+09
5.620701232874733250e+03 3.044663690000000000e+09
5.622741693841531742e+03 2.757153527000000000e+09
